time(s),mvs
0.000,-1481.00000
0.051,229.62500
0.101,229.62500
0.152,229.62500
0.202,229.75000
0.253,229.62500
0.304,229.62500
0.354,229.50000
0.405,229.50000
0.456,229.50000
0.506,229.50000
0.557,229.62500
0.607,229.50000
0.658,229.50000
0.709,229.37500
0.759,229.50000
0.810,229.50000
0.861,229.37500
0.911,229.50000
0.962,229.50000
1.012,229.37500
1.063,229.62500
1.114,229.50000
1.164,229.75000
1.215,229.50000
1.266,229.62500
1.316,229.62500
1.367,229.50000
1.418,229.62500
1.469,229.50000
1.519,229.62500
1.570,229.75000
1.621,229.37500
1.671,229.37500
1.722,229.37500
1.773,229.37500
1.823,229.37500
1.874,229.37500
1.925,229.50000
1.976,229.25000
2.026,229.50000
2.077,229.37500
2.128,229.37500
2.178,229.37500
2.229,229.37500
2.280,229.62500
2.331,229.37500
2.381,229.50000
2.432,229.50000
2.483,229.37500
2.533,229.37500
2.584,229.37500
2.635,229.50000
2.686,229.50000
2.736,229.37500
2.787,229.50000
2.838,229.37500
2.888,229.37500
2.939,229.50000
2.990,229.50000
3.041,229.50000
3.091,229.37500
3.142,229.50000
3.193,229.37500
3.243,229.75000
3.294,229.62500
3.344,229.50000
3.395,229.75000
3.446,229.62500
3.496,229.75000
3.547,229.62500
3.597,229.75000
3.648,229.62500
3.699,229.62500
3.749,229.75000
3.800,229.62500
3.851,229.62500
3.901,229.75000
3.952,229.50000
4.002,229.50000
4.053,229.37500
4.104,229.50000
4.154,229.50000
4.205,229.50000
4.256,229.50000
4.306,229.50000
4.357,229.62500
4.407,229.50000
4.458,229.37500
4.509,229.50000
4.559,229.50000
4.610,229.62500
4.661,229.62500
4.711,229.50000
4.762,229.50000
4.813,229.50000
4.863,229.62500
4.914,229.50000
4.964,229.50000
5.015,229.50000
5.066,229.50000
5.116,229.62500
5.167,229.50000
5.218,229.62500
5.268,229.62500
5.319,229.50000
5.370,229.62500
5.420,229.50000
5.471,229.50000
5.521,229.50000
5.572,229.37500
5.623,229.50000
5.673,229.50000
5.724,229.62500
5.775,229.50000
5.825,229.50000
5.876,229.62500
5.926,229.50000
5.977,229.62500
6.028,229.62500
6.078,229.75000
6.129,229.62500
6.180,229.75000
6.230,229.62500
6.281,229.75000
6.332,229.62500
6.382,229.62500
6.433,229.50000
6.483,229.62500
6.534,229.50000
6.585,229.62500
6.635,229.62500
6.686,229.50000
6.737,229.75000
6.787,229.62500
6.838,229.50000
6.888,229.50000
6.939,229.50000
6.990,229.62500
7.041,229.50000
7.091,229.62500
7.142,229.62500
7.193,229.37500
7.243,229.62500
7.294,229.37500
7.345,229.62500
7.396,229.50000
7.446,229.62500
7.497,229.50000
7.548,229.50000
7.599,229.75000
7.649,229.50000
7.700,229.62500
7.751,229.50000
7.802,229.62500
7.852,229.62500
7.903,229.50000
7.954,229.62500
8.005,229.50000
8.055,229.50000
8.106,229.50000
8.157,229.50000
8.208,229.50000
8.258,229.62500
8.309,229.62500
8.360,229.62500
8.410,229.50000
8.461,229.50000
8.512,229.50000
8.563,229.62500
8.613,229.62500
8.664,229.62500
8.715,229.50000
8.766,229.37500
8.816,229.50000
8.867,229.37500
8.918,229.62500
8.969,229.50000
9.019,229.50000
9.070,229.50000
9.121,229.37500
9.171,229.50000
9.222,229.37500
9.273,229.50000
9.323,229.50000
9.374,229.50000
9.424,229.50000
9.475,229.50000
9.526,229.62500
9.576,229.50000
9.627,229.50000
9.678,229.62500
9.728,229.50000
9.779,229.62500
9.830,229.50000
9.880,229.50000
9.931,229.50000
9.982,229.50000
10.032,229.50000
10.083,229.50000
10.134,229.50000
10.184,229.62500
10.235,229.37500
10.285,229.50000
10.336,229.50000
10.387,229.50000
10.437,229.50000
10.488,229.50000
10.539,229.50000
10.589,229.50000
10.640,229.37500
10.691,229.50000
10.741,229.37500
10.792,229.50000
10.843,229.50000
10.893,229.50000
10.944,229.50000
10.995,229.62500
11.045,229.62500
11.096,229.62500
11.147,229.62500
11.197,229.62500
11.248,229.50000
11.298,229.62500
11.349,229.37500
11.400,229.50000
11.450,229.50000
11.501,229.50000
11.552,229.37500
11.602,229.50000
11.653,229.50000
11.703,229.50000
11.754,229.37500
11.805,229.50000
11.855,229.37500
11.906,229.62500
11.957,229.50000
12.007,229.50000
12.058,229.50000
12.109,229.37500
12.159,229.62500
12.210,229.50000
12.260,229.50000
12.311,229.62500
12.362,229.50000
12.412,229.50000
12.463,229.50000
12.514,229.50000
12.564,229.62500
12.615,229.50000
12.666,229.62500
12.716,229.50000
12.767,229.50000
12.817,229.37500
12.868,229.50000
12.919,229.50000
12.969,229.37500
13.020,229.50000
13.071,229.50000
13.121,229.37500
13.172,229.50000
13.222,229.50000
13.273,229.62500
13.324,229.50000
13.374,229.50000
13.425,229.62500
13.476,229.62500
13.526,229.50000
13.577,229.37500
13.628,229.50000
13.678,229.62500
13.729,229.50000
13.779,229.50000
13.830,229.62500
13.881,229.62500
13.931,229.62500
13.982,229.62500
14.033,229.62500
14.083,229.50000
14.134,229.50000
14.185,229.50000
14.235,229.50000
14.286,229.50000
14.337,229.50000
14.387,229.62500
14.438,229.50000
14.488,229.50000
14.539,229.50000
14.590,229.50000
14.640,229.62500
14.691,229.50000
14.742,229.62500
14.792,229.50000
14.843,229.62500
14.894,229.50000
14.944,229.50000
14.995,229.62500
15.046,229.50000
15.096,229.62500
15.147,229.50000
15.198,229.37500
15.248,229.62500
15.299,229.37500
15.349,229.50000
15.400,229.50000
15.451,229.50000
15.501,229.62500
15.552,229.50000
15.603,229.50000
15.653,229.50000
15.704,229.37500
15.755,229.50000
15.805,229.50000
15.856,229.62500
15.906,229.50000
15.957,229.62500
16.008,229.50000
16.058,229.50000
16.109,229.75000
16.160,229.75000
16.210,229.75000
16.261,229.62500
16.312,229.62500
16.362,229.75000
16.413,229.50000
16.464,229.62500
16.514,229.62500
16.565,229.50000
16.615,229.62500
16.666,229.50000
16.717,229.50000
16.767,229.50000
16.818,229.62500
16.869,229.62500
16.919,229.50000
16.970,229.50000
17.021,229.50000
17.071,229.50000
17.122,229.62500
17.172,229.50000
17.223,229.62500
17.274,229.62500
17.324,229.62500
17.375,229.62500
17.426,229.50000
17.476,229.62500
17.527,229.75000
17.578,229.75000
17.628,229.62500
17.679,229.62500
17.729,229.62500
17.780,229.50000
17.831,229.62500
17.881,229.50000
17.932,229.50000
17.983,229.75000
18.033,229.50000
18.084,229.75000
18.134,229.50000
18.185,229.50000
18.236,229.37500
18.286,229.50000
18.337,229.50000
18.388,229.50000
18.438,229.37500
18.489,229.50000
18.539,229.50000
18.590,229.62500
18.641,229.50000
18.691,229.62500
18.742,229.75000
18.793,229.62500
18.843,229.62500
18.894,229.62500
18.945,229.50000
18.995,229.62500
19.046,229.62500
19.096,229.62500
19.147,229.50000
19.198,229.62500
19.248,229.50000
19.299,229.50000
19.350,229.50000
19.400,229.62500
19.451,229.75000
19.501,229.50000
19.552,229.62500
19.603,229.62500
19.653,229.50000
19.704,229.62500
19.755,229.62500
19.805,229.75000
19.856,229.62500
19.906,229.50000
19.957,229.62500
20.008,229.62500
20.058,229.75000
20.109,229.62500
20.159,229.62500
20.210,229.75000
20.261,229.37500
20.311,229.62500
20.362,229.62500
20.413,229.50000
20.463,229.62500
20.514,229.50000
20.564,229.62500
20.615,229.50000
20.666,229.50000
20.716,229.50000
20.767,229.50000
20.818,229.62500
20.868,229.62500
20.919,229.62500
20.970,229.62500
21.020,229.50000
21.071,229.62500
21.121,229.62500
21.172,229.75000
21.223,229.75000
21.273,229.50000
21.324,229.75000
21.375,229.62500
21.425,229.62500
21.476,229.62500
21.526,229.62500
21.577,229.62500
21.628,229.62500
21.678,229.75000
21.729,229.50000
21.780,229.62500
21.830,229.75000
21.881,229.50000
21.932,229.62500
21.982,229.50000
22.033,229.62500
22.084,229.50000
22.135,229.50000
22.185,229.62500
22.236,229.62500
22.287,229.62500
22.337,229.50000
22.388,229.50000
22.439,229.62500
22.490,229.62500
22.540,229.62500
22.591,229.62500
22.642,229.62500
22.692,229.62500
22.743,229.62500
22.793,229.62500
22.844,229.50000
22.895,229.62500
22.945,229.62500
22.996,229.50000
23.047,229.75000
23.097,229.50000
23.148,229.62500
23.199,229.50000
23.249,229.62500
23.300,229.50000
23.351,229.50000
23.401,229.50000
23.452,229.50000
23.503,229.62500
23.553,229.62500
23.604,229.62500
23.655,229.62500
23.705,229.50000
23.756,229.62500
23.807,229.62500
23.857,229.62500
23.908,229.75000
23.958,229.62500
24.009,229.75000
24.060,229.75000
24.110,229.75000
24.161,229.75000
24.212,229.50000
24.262,229.62500
24.313,229.50000
24.364,229.62500
24.414,229.62500
24.465,229.62500
24.516,229.62500
24.567,229.50000
24.618,229.37500
24.668,229.62500
24.719,229.50000
24.770,229.62500
24.821,229.62500
24.871,229.62500
24.922,229.62500
24.973,229.75000
25.023,229.75000
25.074,229.62500
25.125,229.62500
25.176,229.75000
25.226,229.50000
25.277,229.62500
25.328,229.62500
25.379,229.62500
25.429,229.50000
25.480,229.62500
25.531,229.50000
25.581,229.50000
25.632,229.62500
25.683,229.50000
25.733,229.62500
25.784,229.62500
25.835,229.62500
25.886,229.62500
25.936,229.50000
25.987,229.62500
26.038,229.62500
26.089,229.75000
26.139,229.62500
26.190,229.62500
26.241,229.62500
26.291,229.62500
26.342,229.75000
26.393,229.75000
26.443,229.62500
26.494,229.62500
26.545,229.62500
26.596,229.62500
26.646,229.50000
26.697,229.50000
26.748,229.50000
26.798,229.50000
26.849,229.50000
26.900,229.62500
26.951,229.62500
27.001,229.62500
27.052,229.37500
27.103,229.62500
27.153,229.62500
27.204,229.62500
27.255,229.62500
27.305,229.75000
27.356,229.62500
27.407,229.50000
27.458,229.62500
27.508,229.62500
27.559,229.62500
27.610,229.62500
27.661,229.62500
27.712,229.62500
27.762,229.50000
27.813,229.62500
27.863,229.50000
27.914,229.62500
27.965,229.50000
28.015,229.50000
28.066,229.50000
28.117,229.62500
28.167,229.50000
28.218,229.62500
28.268,229.62500
28.319,229.62500
28.370,229.50000
28.420,229.62500
28.471,229.50000
28.521,229.50000
28.572,229.62500
28.623,229.50000
28.673,229.62500
28.724,229.62500
28.775,229.62500
28.825,229.62500
28.876,229.50000
28.926,229.62500
28.977,229.75000
29.028,229.62500
29.078,229.62500
29.129,229.50000
29.179,229.62500
29.230,229.50000
29.281,229.50000
29.331,229.62500
29.382,229.50000
29.433,229.62500
29.483,229.62500
29.534,229.50000
29.584,229.50000
29.635,229.37500
29.686,229.50000
29.736,229.50000
29.787,229.50000
29.838,229.50000
29.888,229.62500
29.939,229.62500
29.990,229.50000
30.040,229.50000
30.091,229.50000
30.141,229.75000
30.192,229.75000
30.243,229.50000
30.293,229.62500
30.344,229.50000
30.395,229.62500
30.445,229.75000
30.496,229.50000
30.547,229.50000
30.597,229.50000
30.648,229.62500
30.698,229.62500
30.749,229.50000
30.800,229.62500
30.850,229.62500
30.901,229.50000
30.952,229.50000
31.002,229.50000
31.053,229.62500
31.104,229.50000
31.154,229.75000
31.205,229.62500
31.256,229.62500
31.306,229.62500
31.357,229.50000
31.408,229.50000
31.458,229.75000
31.509,229.62500
31.560,229.75000
31.610,229.50000
31.661,229.62500
31.711,229.37500
31.762,229.50000
31.813,229.50000
31.863,229.50000
31.914,229.62500
31.965,229.50000
32.015,229.50000
32.066,229.62500
32.117,229.62500
32.167,229.62500
32.218,229.62500
32.269,229.75000
32.319,229.62500
32.370,229.62500
32.421,229.75000
32.472,229.50000
32.522,229.50000
32.573,229.62500
32.624,229.50000
32.674,229.75000
32.725,229.62500
32.776,229.75000
32.827,229.50000
32.877,229.62500
32.928,229.50000
32.979,229.50000
33.029,229.50000
33.080,229.50000
33.131,229.50000
33.182,229.62500
33.232,229.50000
33.283,229.75000
33.334,229.62500
33.385,229.75000
33.435,229.62500
33.486,229.62500
33.537,229.62500
33.587,229.62500
33.638,229.75000
33.689,229.50000
33.740,229.62500
33.790,229.75000
33.841,229.50000
33.892,229.62500
33.942,229.50000
33.993,229.62500
34.044,229.62500
34.095,229.50000
34.145,229.37500
34.196,229.37500
34.247,229.50000
34.298,229.50000
34.348,229.37500
34.399,229.50000
34.450,229.37500
34.500,229.62500
34.551,229.50000
34.602,229.62500
34.653,229.62500
34.703,229.62500
34.754,229.62500
34.805,229.50000
34.855,229.50000
34.906,229.37500
34.957,229.62500
35.008,229.62500
35.058,229.50000
35.109,229.50000
35.160,229.50000
35.210,229.50000
35.261,229.50000
35.312,229.62500
35.363,229.50000
35.414,229.50000
35.465,229.50000
35.515,229.62500
35.566,229.62500
35.617,229.62500
35.667,229.62500
35.718,229.75000
35.769,229.62500
35.819,229.62500
35.870,229.62500
35.921,229.62500
35.971,229.62500
36.022,229.50000
36.073,229.62500
36.124,229.50000
36.174,229.50000
36.225,229.50000
36.276,229.50000
36.326,229.50000
36.377,229.50000
36.428,229.50000
36.478,229.62500
36.529,229.62500
36.580,229.62500
36.631,229.62500
36.681,229.62500
36.732,229.50000
36.783,229.50000
36.833,229.62500
36.884,229.50000
36.935,229.62500
36.985,229.50000
37.036,229.62500
37.087,229.62500
37.138,229.50000
37.188,229.62500
37.239,229.50000
37.290,229.62500
37.341,229.62500
37.391,229.50000
37.442,229.62500
37.493,229.50000
37.543,229.62500
37.594,229.50000
37.645,229.37500
37.695,229.62500
37.746,229.62500
37.797,229.62500
37.847,229.62500
37.898,229.62500
37.949,229.62500
38.000,229.62500
38.050,229.62500
38.101,229.75000
38.152,229.62500
38.202,229.75000
38.253,229.62500
38.304,229.62500
38.354,229.50000
38.405,229.62500
38.456,229.50000
38.506,229.50000
38.557,229.62500
38.608,229.62500
38.658,229.50000
38.709,229.50000
38.760,229.62500
38.810,229.50000
38.861,229.50000
38.911,229.62500
38.962,229.50000
39.013,229.50000
39.063,229.62500
39.114,229.62500
39.165,229.75000
39.215,229.50000
39.266,229.62500
39.316,229.62500
39.367,229.50000
39.418,229.62500
39.468,229.62500
39.519,229.62500
39.570,229.62500
39.620,229.50000
39.671,229.62500
39.722,229.50000
39.772,229.62500
39.823,229.50000
39.873,229.37500
39.924,229.62500
39.975,229.37500
40.025,229.50000
40.076,229.37500
40.127,229.37500
40.177,229.50000
40.228,229.37500
40.278,229.62500
40.329,229.50000
40.380,229.62500
40.430,229.62500
40.481,229.62500
40.532,229.62500
40.583,229.62500
40.633,229.62500
40.684,229.62500
40.735,229.50000
40.785,229.62500
40.836,229.50000
40.887,229.37500
40.938,229.50000
40.988,229.50000
41.039,229.50000
41.090,229.37500
41.141,229.50000
41.191,229.37500
41.242,229.62500
41.293,229.62500
41.344,229.50000
41.394,229.62500
41.445,229.50000
41.496,229.62500
41.547,229.50000
41.597,229.62500
41.648,229.62500
41.699,229.62500
41.749,229.75000
41.800,229.62500
41.851,229.62500
41.901,229.50000
41.952,229.62500
42.003,229.75000
42.053,229.37500
42.104,229.62500
42.155,229.50000
42.205,229.50000
42.256,229.50000
42.307,229.50000
42.358,229.50000
42.408,229.37500
42.459,229.50000
42.510,229.50000
42.560,229.37500
42.611,229.62500
42.662,229.62500
42.713,229.75000
42.763,229.62500
42.814,229.62500
42.865,229.62500
42.916,229.62500
42.966,229.62500
43.017,229.62500
43.068,229.50000
43.118,229.62500
43.169,229.62500
43.220,229.62500
43.271,229.62500
43.321,229.50000
43.372,229.62500
43.423,229.62500
43.474,229.62500
43.524,229.62500
43.575,229.62500
43.626,229.62500
43.676,229.62500
43.727,229.75000
43.778,229.50000
43.829,229.75000
43.879,229.50000
43.930,229.62500
43.981,229.62500
44.031,229.50000
44.082,229.75000
44.133,229.62500
44.184,229.62500
44.234,229.50000
44.285,229.50000
44.336,229.62500
44.386,229.37500
44.437,229.50000
44.488,229.50000
44.538,229.62500
44.589,229.75000
44.639,229.62500
44.690,229.62500
44.741,229.50000
44.791,229.62500
44.842,229.62500
44.893,229.62500
44.943,229.62500
44.994,229.62500
45.045,229.50000
45.095,229.62500
45.146,229.62500
45.197,229.62500
45.247,229.50000
45.298,229.62500
45.349,229.62500
45.399,229.62500
45.450,229.62500
45.501,229.50000
45.551,229.62500
45.602,229.50000
45.653,229.50000
45.703,229.62500
45.754,229.62500
45.805,229.62500
45.855,229.37500
45.906,229.50000
45.956,229.50000
46.007,229.50000
46.058,229.62500
46.108,229.50000
46.159,229.50000
46.210,229.50000
46.260,229.37500
46.311,229.50000
46.362,229.62500
46.412,229.62500
46.463,229.62500
46.514,229.50000
46.564,229.62500
46.615,229.75000
46.666,229.62500
46.716,229.62500
46.767,229.50000
46.817,229.62500
46.868,229.37500
46.919,229.50000
46.969,229.37500
47.020,229.62500
47.071,229.50000
47.121,229.50000
47.172,229.50000
47.223,229.62500
47.273,229.62500
47.324,229.50000
47.374,229.50000
47.425,229.62500
47.476,229.50000
47.526,229.62500
47.577,229.62500
47.628,229.50000
47.678,229.62500
47.729,229.50000
47.780,229.62500
47.830,229.62500
47.881,229.62500
47.931,229.62500
47.982,229.62500
48.033,229.62500
48.083,229.50000
48.134,229.62500
48.185,229.62500
48.235,229.50000
48.286,229.62500
48.337,229.50000
48.387,229.50000
48.438,229.50000
48.489,229.50000
48.539,229.62500
48.590,229.50000
48.641,229.37500
48.691,229.50000
48.742,229.50000
48.792,229.62500
48.843,229.50000
48.894,229.75000
48.944,229.62500
48.995,229.62500
49.046,229.50000
49.096,229.50000
49.147,229.62500
49.197,229.75000
49.248,229.62500
49.299,229.75000
49.349,229.62500
49.400,229.62500
49.451,229.50000
49.501,229.62500
49.552,229.62500
49.603,229.62500
49.653,229.62500
49.704,229.50000
49.754,229.62500
49.805,229.50000
49.856,229.50000
49.906,229.50000
49.957,229.37500
50.008,229.50000
50.058,229.50000
50.109,229.62500
50.159,229.62500
50.210,229.50000
50.261,229.62500
50.311,229.50000
50.362,229.62500
50.413,229.62500
50.463,229.62500
50.514,229.62500
50.564,229.62500
50.615,229.50000
50.666,229.50000
50.716,229.50000
50.767,229.50000
50.818,229.50000
50.868,229.37500
50.919,229.37500
50.970,229.25000
51.020,229.37500
51.071,229.37500
51.121,229.37500
51.172,229.25000
51.223,229.25000
51.273,229.50000
51.324,229.50000
51.375,229.50000
51.425,229.62500
51.476,229.37500
51.526,229.62500
51.577,229.37500
51.628,229.50000
51.678,229.62500
51.729,229.62500
51.780,229.62500
51.830,229.62500
51.881,229.62500
51.931,229.62500
51.982,229.62500
52.033,229.62500
52.083,229.50000
52.134,229.62500
52.185,229.37500
52.235,229.50000
52.286,229.37500
52.336,229.50000
52.387,229.50000
52.438,229.50000
52.488,229.37500
52.539,229.37500
52.590,229.37500
52.640,229.37500
52.691,229.37500
52.741,229.50000
52.792,229.37500
52.843,229.50000
52.893,229.50000
52.944,229.37500
52.995,229.50000
53.045,229.37500
53.096,229.37500
53.146,229.50000
53.197,229.37500
53.248,229.37500
53.298,229.25000
53.349,229.37500
53.400,229.50000
53.450,229.37500
53.501,229.50000
53.551,229.50000
53.602,229.50000
53.653,229.37500
53.703,229.37500
53.754,229.62500
53.804,229.37500
53.855,229.50000
53.906,229.62500
53.956,229.37500
54.007,229.62500
54.058,229.50000
54.108,229.75000
54.159,229.62500
54.209,229.62500
54.260,229.62500
54.311,229.50000
54.361,229.62500
54.412,229.62500
54.463,229.50000
54.513,229.62500
54.564,229.37500
54.615,229.50000
54.665,229.50000
54.716,229.50000
54.766,229.50000
54.817,229.50000
54.868,229.62500
54.918,229.37500
54.969,229.37500
55.020,229.37500
55.071,229.37500
55.121,229.50000
55.172,229.37500
55.223,229.50000
55.273,229.50000
55.324,229.37500
55.374,229.50000
55.425,229.37500
55.476,229.50000
55.526,229.37500
55.577,229.50000
55.628,229.37500
55.678,229.37500
55.729,229.62500
55.780,229.50000
55.830,229.50000
55.881,229.62500
55.931,229.50000
55.982,229.62500
56.033,229.37500
56.083,229.50000
56.134,229.37500
56.185,229.50000
56.235,229.62500
56.286,229.50000
56.337,229.50000
56.387,229.50000
56.438,229.37500
56.489,229.50000
56.539,229.37500
56.590,229.50000
56.641,229.50000
56.691,229.62500
56.742,229.62500
56.793,229.50000
56.843,229.62500
56.894,229.50000
56.944,229.50000
56.995,229.50000
57.046,229.50000
57.096,229.62500
57.147,229.37500
57.198,229.37500
57.248,229.25000
57.299,229.50000
57.350,229.50000
57.400,229.37500
57.451,229.50000
57.502,229.37500
57.552,229.50000
57.603,229.50000
57.654,229.50000
57.704,229.50000
57.755,229.50000
57.805,229.62500
57.856,229.62500
57.907,229.37500
57.957,229.62500
58.008,229.62500
58.059,229.75000
58.109,229.62500
58.160,229.50000
58.211,229.62500
58.261,229.50000
58.312,229.75000
58.363,229.62500
58.413,229.62500
58.464,229.62500
58.514,229.62500
58.565,229.50000
58.616,229.37500
58.666,229.50000
58.717,229.37500
58.768,229.37500
58.818,229.37500
58.869,229.37500
58.920,229.37500
58.970,229.37500
59.021,229.25000
59.072,229.50000
59.122,229.37500
59.173,229.50000
59.223,229.37500
59.274,229.37500
59.325,229.37500
59.375,229.37500
59.426,229.50000
59.477,229.37500
59.527,229.50000
59.578,229.50000
59.629,229.37500
59.679,229.50000
59.730,229.50000
59.780,229.37500
59.831,229.37500
59.882,229.37500
59.932,229.50000
59.983,229.37500
60.034,229.37500
60.084,229.37500
60.135,229.37500
60.186,229.37500
60.236,229.37500
60.287,229.25000
60.338,229.37500
60.388,229.25000
60.439,229.37500
60.489,229.37500
60.540,229.50000
60.591,229.37500
60.641,229.50000
60.692,229.50000
60.743,229.50000
60.793,229.50000
60.844,229.50000
60.895,229.50000
60.945,229.50000
60.996,229.37500
61.047,229.37500
61.097,229.37500
61.148,229.37500
61.198,229.25000
61.249,229.37500
61.300,229.50000
61.350,229.37500
61.401,229.37500
61.452,229.37500
61.502,229.37500
61.553,229.37500
61.604,229.37500
61.654,229.50000
61.705,229.50000
61.755,229.37500
61.806,229.50000
61.857,229.50000
61.907,229.50000
61.958,229.50000
62.009,229.62500
62.059,229.62500
62.110,229.50000
62.161,229.62500
62.211,229.37500
62.262,229.62500
62.313,229.62500
62.363,229.50000
62.414,229.50000
62.465,229.37500
62.515,229.37500
62.566,229.37500
62.616,229.50000
62.667,229.37500
62.718,229.25000
62.768,229.37500
62.819,229.37500
62.870,229.37500
62.920,229.50000
62.971,229.50000
63.022,229.50000
63.072,229.37500
63.123,229.62500
63.174,229.50000
63.224,229.37500
63.275,229.50000
63.325,229.37500
63.376,229.50000
63.427,229.50000
63.477,229.37500
63.528,229.50000
63.579,229.25000
63.629,229.37500
63.680,229.25000
63.730,229.37500
63.781,229.50000
63.832,229.37500
63.882,229.37500
63.933,229.37500
63.984,229.37500
64.034,229.37500
64.085,229.25000
64.136,229.37500
64.186,229.37500
64.237,229.25000
64.287,229.37500
64.338,229.37500
64.389,229.50000
64.439,229.37500
64.490,229.37500
64.541,229.37500
64.591,229.50000
64.642,229.37500
64.692,229.37500
64.743,229.50000
64.794,229.62500
64.844,229.62500
64.895,229.50000
64.946,229.37500
64.996,229.37500
65.047,229.25000
65.098,229.37500
65.148,229.37500
65.199,229.37500
65.249,229.25000
65.300,229.25000
65.351,229.37500
65.401,229.37500
65.452,229.37500
65.503,229.50000
65.553,229.25000
65.604,229.37500
65.654,229.37500
65.705,229.25000
65.756,229.50000
65.806,229.37500
65.857,229.50000
65.908,229.37500
65.959,229.62500
66.009,229.50000
66.060,229.50000
66.111,229.50000
66.162,229.50000
66.212,229.50000
66.263,229.50000
66.314,229.37500
66.364,229.50000
66.415,229.37500
66.466,229.50000
66.517,229.37500
66.567,229.50000
66.618,229.50000
66.669,229.37500
66.720,229.50000
66.770,229.37500
66.821,229.50000
66.872,229.50000
66.923,229.37500
66.973,229.62500
67.024,229.50000
67.075,229.62500
67.126,229.50000
67.176,229.62500
67.227,229.62500
67.278,229.50000
67.329,229.50000
67.379,229.37500
67.430,229.50000
67.481,229.37500
67.531,229.37500
67.582,229.50000
67.633,229.37500
67.684,229.50000
67.734,229.50000
67.785,229.37500
67.836,229.50000
67.887,229.37500
67.937,229.50000
67.988,229.37500
68.039,229.62500
68.090,229.50000
68.140,229.62500
68.191,229.62500
68.242,229.50000
68.293,229.62500
68.343,229.62500
68.394,229.62500
68.445,229.50000
68.495,229.37500
68.546,229.50000
68.597,229.50000
68.648,229.37500
68.698,229.37500
68.749,229.37500
68.800,229.37500
68.851,229.37500
68.901,229.37500
68.952,229.25000
69.003,229.25000
69.054,229.37500
69.104,229.37500
69.155,229.50000
69.206,229.37500
69.256,229.37500
69.307,229.37500
69.358,229.25000
69.409,229.37500
69.459,229.37500
69.510,229.37500
69.561,229.50000
69.612,229.37500
69.662,229.50000
69.713,229.37500
69.764,229.50000
69.814,229.37500
69.865,229.50000
69.916,229.50000
69.967,229.50000
70.017,229.50000
70.068,229.50000
70.119,229.62500
70.170,229.50000
70.220,229.37500
70.271,229.37500
70.322,229.37500
70.372,229.62500
70.423,229.50000
70.474,229.50000
70.525,229.50000
70.575,229.50000
70.626,229.50000
70.677,229.37500
70.728,229.50000
70.778,229.50000
70.829,229.37500
70.880,229.37500
70.931,229.25000
70.981,229.37500
71.032,229.37500
71.083,229.37500
71.134,229.25000
71.184,229.25000
71.235,229.50000
71.286,229.37500
71.336,229.50000
71.387,229.50000
71.438,229.25000
71.489,229.50000
71.539,229.50000
71.590,229.50000
71.641,229.50000
71.692,229.37500
71.742,229.62500
71.793,229.37500
71.844,229.37500
71.895,229.25000
71.945,229.37500
71.996,229.37500
72.047,229.50000
72.097,229.50000
72.148,229.37500
72.199,229.37500
72.249,229.37500
72.300,229.37500
72.351,229.37500
72.401,229.25000
72.452,229.50000
72.503,229.37500
72.553,229.50000
72.604,229.50000
72.654,229.50000
72.705,229.50000
72.756,229.50000
72.806,229.50000
72.857,229.50000
72.908,229.50000
72.958,229.50000
73.009,229.37500
73.060,229.50000
73.110,229.50000
73.161,229.50000
73.212,229.62500
73.262,229.37500
73.313,229.50000
73.363,229.37500
73.414,229.37500
73.465,229.37500
73.515,229.37500
73.566,229.37500
73.617,229.37500
73.667,229.37500
73.718,229.50000
73.768,229.25000
73.819,229.50000
73.870,229.37500
73.920,229.50000
73.971,229.50000
74.022,229.37500
74.072,229.50000
74.123,229.37500
74.174,229.37500
74.224,229.37500
74.275,229.12500
74.326,229.25000
74.376,229.12500
74.427,229.25000
74.478,229.25000
74.528,229.25000
74.579,229.37500
74.630,229.37500
74.681,229.37500
74.731,229.25000
74.782,229.37500
74.833,229.37500
74.884,229.25000
74.934,229.50000
74.985,229.37500
75.036,229.50000
75.087,229.37500
75.137,229.50000
75.188,229.50000
75.239,229.37500
75.289,229.37500
75.340,229.37500
75.391,229.37500
75.442,229.50000
75.492,229.37500
75.543,229.50000
75.594,229.25000
75.645,229.37500
75.695,229.37500
75.746,229.25000
75.797,229.25000
75.848,229.50000
75.898,229.37500
75.949,229.37500
75.999,229.37500
76.050,229.37500
76.101,229.25000
76.151,229.37500
76.202,229.50000
76.253,229.50000
76.303,229.37500
76.354,229.37500
76.405,229.50000
76.456,229.37500
76.506,229.50000
76.557,229.50000
76.608,229.37500
76.659,229.50000
76.709,229.37500
76.760,229.50000
76.811,229.37500
76.862,229.37500
76.913,229.37500
76.963,229.37500
77.017,229.37500
77.068,229.37500
77.121,229.50000
77.173,229.50000
77.223,229.50000
77.275,229.37500
77.326,229.50000
77.377,229.50000
77.428,229.50000
77.481,229.25000
77.532,229.50000
77.583,229.25000
77.633,229.25000
77.684,229.37500
77.735,229.37500
77.786,229.37500
77.836,229.37500
77.887,229.50000
77.938,229.62500
77.989,229.50000
78.040,229.50000
78.090,229.50000
78.141,229.50000
78.192,229.50000
78.242,229.50000
78.293,229.50000
78.344,229.50000
78.394,229.50000
78.445,229.37500
78.496,229.37500
78.547,229.37500
78.597,229.37500
78.648,229.25000
78.699,229.37500
78.749,229.25000
78.800,229.37500
78.851,229.37500
78.901,229.37500
78.952,229.37500
79.003,229.50000
79.054,229.50000
79.104,229.50000
79.155,229.50000
79.206,229.50000
79.257,229.50000
79.308,229.25000
79.359,229.50000
79.411,229.37500
79.462,229.25000
79.514,229.25000
79.565,229.37500
79.616,229.37500
79.666,229.25000
79.717,229.25000
79.768,229.37500
79.819,229.50000
79.870,229.50000
79.922,229.50000
79.973,229.37500
80.024,229.50000
80.075,229.62500
80.126,229.50000
80.178,229.62500
80.230,229.37500
80.282,229.50000
80.333,229.37500
80.385,229.50000
80.438,229.50000
80.490,229.50000
80.542,229.50000
80.594,229.50000
80.645,229.50000
80.696,229.50000
80.748,229.50000
80.799,229.50000
80.851,229.50000
80.903,229.50000
80.955,229.50000
81.007,229.50000
81.058,229.50000
81.110,229.50000
81.163,229.37500
81.214,229.37500
81.265,229.50000
81.316,229.37500
81.368,229.62500
81.421,229.50000
81.473,229.50000
81.525,229.62500
81.576,229.50000
81.628,229.50000
81.695,229.37500
81.746,229.50000
81.797,229.37500
81.848,229.37500
81.899,229.37500
81.950,229.50000
82.001,229.62500
82.052,229.50000
82.102,229.37500
82.153,229.62500
82.204,229.37500
82.254,229.50000
82.305,229.50000
82.356,229.50000
82.407,229.50000
82.457,229.37500
82.508,229.50000
82.559,229.50000
82.609,229.50000
82.660,229.62500
82.711,229.37500
82.761,229.62500
82.812,229.37500
82.863,229.50000
82.914,229.37500
82.964,229.37500
83.015,229.37500
83.066,229.25000
83.116,229.37500
83.167,229.25000
83.218,229.37500
83.268,229.37500
83.319,229.25000
83.370,229.50000
83.420,229.37500
83.471,229.37500
83.522,229.37500
83.573,229.37500
83.624,229.37500
83.674,229.37500
83.725,229.37500
83.776,229.37500
83.827,229.50000
83.878,229.37500
83.929,229.37500
83.979,229.37500
84.030,229.25000
84.081,229.50000
84.132,229.25000
84.182,229.37500
84.233,229.37500
84.284,229.37500
84.335,229.50000
84.385,229.37500
84.436,229.50000
84.487,229.37500
84.538,229.50000
84.589,229.50000
84.640,229.62500
84.691,229.62500
84.741,229.50000
84.793,229.50000
84.843,229.50000
84.894,229.25000
84.945,229.50000
84.995,229.25000
85.046,229.37500
85.097,229.50000
85.148,229.25000
85.198,229.37500
85.249,229.37500
85.300,229.50000
85.350,229.37500
85.401,229.37500
85.452,229.50000
85.503,229.12500
85.553,229.37500
85.604,229.37500
85.655,229.50000
85.706,229.50000
85.756,229.37500
85.807,229.62500
85.858,229.37500
85.909,229.50000
85.959,229.37500
86.010,229.37500
86.061,229.50000
86.111,229.37500
86.162,229.50000
86.213,229.25000
86.264,229.50000
86.315,229.37500
86.365,229.50000
86.416,229.37500
86.467,229.37500
86.518,229.62500
86.568,229.50000
86.619,229.62500
86.670,229.50000
86.720,229.37500
86.771,229.75000
86.822,229.50000
86.873,229.62500
86.923,229.50000
86.974,229.50000
87.025,229.50000
87.076,229.50000
87.127,229.50000
87.178,229.37500
87.229,229.50000
87.280,229.37500
87.331,229.37500
87.381,229.37500
87.432,229.37500
87.483,229.50000
87.534,229.37500
87.587,229.50000
87.638,229.50000
87.689,229.50000
87.740,229.62500
87.791,229.50000
87.841,229.50000
87.893,229.50000
87.944,229.37500
87.995,229.37500
88.045,229.62500
88.096,229.37500
88.147,229.50000
88.197,229.62500
88.248,229.37500
88.299,229.37500
88.350,229.50000
88.400,229.37500
88.451,229.37500
88.502,229.50000
88.553,229.62500
88.604,229.50000
88.654,229.62500
88.705,229.62500
88.756,229.50000
88.807,229.62500
88.857,229.50000
88.908,229.62500
88.960,229.37500
89.011,229.37500
89.063,229.37500
89.115,229.37500
89.166,229.37500
89.217,229.37500
89.267,229.50000
89.318,229.37500
89.369,229.50000
89.419,229.50000
89.470,229.50000
89.521,229.50000
89.572,229.50000
89.622,229.50000
89.673,229.37500
89.725,229.50000
89.776,229.37500
89.827,229.37500
89.878,229.50000
89.928,229.25000
89.979,229.37500
90.030,229.37500
90.081,229.37500
90.131,229.50000
90.182,229.50000
90.233,229.37500
90.284,229.37500
90.334,229.62500
90.385,229.50000
90.436,229.50000
90.486,229.62500
90.537,229.37500
90.588,229.50000
90.638,229.37500
90.689,229.50000
90.740,229.37500
90.791,229.37500
90.842,229.50000
90.892,229.37500
90.943,229.37500
90.994,229.37500
91.044,229.37500
91.095,229.25000
91.146,229.25000
91.197,229.37500
91.247,229.37500
91.298,229.50000
91.349,229.50000
91.400,229.50000
91.450,229.62500
91.501,229.50000
91.552,229.62500
91.602,229.50000
91.653,229.62500
91.704,229.62500
91.755,229.50000
91.805,229.50000
91.856,229.62500
91.907,229.62500
91.957,229.62500
92.008,229.50000
92.059,229.62500
92.110,229.50000
92.160,229.62500
92.211,229.37500
92.262,229.50000
92.313,229.50000
92.363,229.50000
92.414,229.50000
92.465,229.50000
92.515,229.37500
92.566,229.50000
92.617,229.37500
92.668,229.50000
92.718,229.37500
92.769,229.50000
92.820,229.50000
92.871,229.50000
92.921,229.50000
92.973,229.50000
93.024,229.50000
93.075,229.37500
93.126,229.50000
93.177,229.25000
93.227,229.50000
93.278,229.37500
93.329,229.37500
93.380,229.62500
93.430,229.37500
93.481,229.37500
93.532,229.37500
93.583,229.25000
93.633,229.50000
93.684,229.37500
93.735,229.50000
93.785,229.37500
93.836,229.50000
93.887,229.50000
93.938,229.37500
93.988,229.50000
94.039,229.37500
94.090,229.50000
94.141,229.50000
94.191,229.37500
94.242,229.50000
94.293,229.37500
94.344,229.37500
94.394,229.37500
94.445,229.37500
94.496,229.50000
94.547,229.37500
94.597,229.37500
94.648,229.25000
94.699,229.37500
94.750,229.37500
94.800,229.37500
94.851,229.50000
94.902,229.37500
94.953,229.37500
95.003,229.37500
95.054,229.50000
95.105,229.50000
95.156,229.37500
95.207,229.50000
95.257,229.37500
95.308,229.50000
95.359,229.25000
95.410,229.50000
95.461,229.62500
95.511,229.37500
95.562,229.37500
95.613,229.37500
95.664,229.37500
95.714,229.37500
95.765,229.37500
95.816,229.37500
95.866,229.25000
95.917,229.37500
95.968,229.37500
96.019,229.25000
96.069,229.50000
96.120,229.25000
96.171,229.50000
96.222,229.37500
96.272,229.37500
96.323,229.37500
96.374,229.37500
96.425,229.37500
96.475,229.37500
96.526,229.37500
96.577,229.25000
96.627,229.25000
96.678,229.37500
96.729,229.37500
96.780,229.37500
96.830,229.25000
96.881,229.25000
96.932,229.25000
96.982,229.25000
97.033,229.25000
97.084,229.25000
97.134,229.50000
97.185,229.37500
97.236,229.37500
97.287,229.37500
97.337,229.25000
97.388,229.50000
97.439,229.50000
97.489,229.37500
97.540,229.50000
97.591,229.37500
97.641,229.37500
97.692,229.37500
97.743,229.25000
97.793,229.25000
97.844,229.37500
97.895,229.50000
97.946,229.12500
97.996,229.25000
98.047,229.25000
98.098,229.25000
98.148,229.37500
98.199,229.25000
98.250,229.50000
98.300,229.37500
98.351,229.25000
98.401,229.37500
98.452,229.37500
98.503,229.50000
98.553,229.37500
98.604,229.50000
98.655,229.37500
98.705,229.37500
98.756,229.37500
98.807,229.37500
98.858,229.37500
98.908,229.37500
98.959,229.50000
99.010,229.50000
99.060,229.37500
99.111,229.37500
99.162,229.25000
99.212,229.37500
99.263,229.37500
99.314,229.25000
99.364,229.37500
99.415,229.37500
99.466,229.37500
99.517,229.37500
99.567,229.37500
99.618,229.37500
99.669,229.25000
99.719,229.37500
99.770,229.37500
99.821,229.50000
99.871,229.50000
99.922,229.37500
99.973,229.37500
