time(s),mvs
0.000,33.62500
0.051,33.87500
0.101,33.62500
0.152,33.87500
0.203,33.62500
0.253,33.87500
0.304,33.62500
0.355,33.62500
0.406,33.75000
0.456,33.37500
0.507,33.75000
0.558,33.50000
0.608,33.87500
0.659,33.50000
0.710,33.75000
0.760,33.37500
0.811,33.75000
0.862,33.50000
0.912,33.25000
0.963,33.62500
1.014,33.25000
1.065,33.62500
1.116,33.37500
1.166,36.87500
1.217,47.00000
1.268,73.25000
1.318,96.37500
1.369,123.62500
1.420,143.75000
1.471,166.37500
1.521,181.87500
1.572,193.50000
1.623,201.87500
1.674,206.25000
1.725,211.62500
1.775,215.12500
1.826,219.12500
1.877,221.75000
1.928,225.87500
1.978,228.62500
2.029,231.87500
2.080,234.12500
2.131,237.62500
2.182,240.62500
2.232,245.12500
2.283,248.87500
2.334,252.75000
2.384,258.37500
2.435,262.62500
2.486,267.75000
2.537,271.12500
2.588,275.37500
2.638,278.50000
2.689,282.37500
2.740,285.37500
2.790,289.00000
2.841,291.25000
2.892,293.50000
2.943,295.12500
2.993,296.62500
3.044,300.62500
3.095,305.87500
3.146,313.62500
3.264,324.25000
3.315,327.25000
3.365,330.87500
3.416,333.25000
3.467,336.50000
3.517,338.37500
3.568,340.87500
3.619,343.12500
3.669,346.00000
3.720,348.75000
3.771,351.25000
3.822,354.75000
3.872,357.12500
3.923,361.25000
3.974,364.00000
4.025,367.37500
4.075,370.25000
4.126,373.75000
4.177,375.87500
4.228,377.75000
4.279,378.37500
4.329,379.75000
4.380,381.00000
4.431,382.12500
4.482,383.62500
4.533,384.12500
4.583,385.50000
4.634,386.00000
4.685,387.00000
4.736,387.37500
4.786,387.87500
4.837,388.62500
4.888,390.25000
4.938,391.25000
4.989,392.12500
5.040,392.62500
5.091,393.75000
5.141,395.00000
5.192,395.62500
5.243,396.50000
5.294,396.87500
5.344,397.75000
5.395,398.50000
5.446,399.50000
5.497,400.37500
5.547,400.75000
5.598,401.25000
5.649,401.75000
5.699,402.25000
5.750,402.37500
5.801,403.00000
5.852,403.12500
5.902,403.87500
5.953,404.12500
6.004,404.75000
6.055,405.00000
6.105,405.25000
6.156,405.62500
6.207,406.12500
6.257,406.50000
6.308,406.75000
6.359,407.12500
6.410,407.12500
6.460,407.50000
6.511,407.50000
6.562,408.12500
6.613,408.37500
6.663,408.62500
6.714,408.87500
6.765,409.12500
6.816,409.37500
6.866,409.87500
6.917,410.25000
6.968,410.37500
7.019,410.75000
7.069,411.00000
7.120,411.37500
7.171,411.37500
7.221,411.62500
7.272,411.75000
7.323,412.00000
7.374,412.25000
7.424,412.50000
7.475,412.75000
7.526,413.12500
7.577,413.37500
7.628,413.62500
7.679,414.00000
7.729,414.12500
7.780,414.50000
7.831,414.62500
7.882,414.87500
7.932,415.12500
7.983,415.37500
8.034,415.62500
8.084,415.75000
8.135,416.00000
8.186,415.87500
8.237,416.37500
8.287,416.25000
8.338,416.75000
8.389,416.62500
8.440,417.00000
8.490,417.12500
8.541,417.25000
8.592,417.50000
8.643,417.62500
8.693,417.87500
8.744,418.00000
8.795,418.37500
8.845,418.37500
8.896,418.62500
8.947,418.50000
8.998,419.00000
9.048,418.87500
9.099,419.37500
9.150,419.37500
9.201,419.50000
9.251,419.75000
9.302,419.75000
9.353,420.12500
9.404,420.25000
9.454,420.62500
9.505,420.62500
9.556,421.00000
9.606,421.00000
9.657,421.37500
9.708,421.12500
9.759,421.50000
9.809,421.50000
9.860,421.37500
9.911,421.62500
9.962,421.50000
10.012,421.75000
10.063,421.62500
10.114,422.12500
10.164,422.00000
10.215,422.25000
10.266,422.12500
10.317,422.37500
10.368,422.25000
10.419,422.50000
10.470,422.50000
10.521,422.87500
10.572,422.75000
10.622,423.25000
10.673,423.50000
10.724,423.50000
10.775,423.87500
10.825,423.62500
10.876,423.87500
10.927,423.50000
10.978,423.87500
11.028,423.62500
11.079,423.75000
11.130,423.50000
11.180,423.87500
11.231,424.12500
11.282,424.12500
11.333,424.25000
11.383,424.00000
11.435,424.37500
11.486,424.25000
11.536,424.50000
11.587,424.37500
11.639,424.50000
11.690,424.25000
11.740,424.50000
11.791,424.25000
11.842,424.50000
11.892,424.50000
11.943,424.62500
11.994,424.75000
12.045,424.87500
12.096,424.87500
12.146,425.00000
12.197,425.25000
12.248,425.37500
12.299,426.00000
12.349,426.00000
12.400,426.50000
12.451,426.37500
12.502,426.87500
12.553,427.00000
12.604,427.12500
12.655,427.37500
12.706,427.50000
12.756,427.75000
12.807,427.87500
12.858,428.00000
12.909,427.87500
12.960,428.12500
13.010,428.25000
13.061,428.50000
13.112,428.25000
13.163,428.37500
13.214,428.37500
13.264,428.62500
13.315,429.00000
13.366,429.25000
13.417,429.62500
13.468,429.62500
13.519,430.00000
13.570,429.87500
13.620,430.37500
13.671,430.00000
13.722,430.50000
13.773,430.25000
13.823,430.50000
13.874,430.25000
13.925,430.62500
13.975,430.37500
14.026,430.00000
14.077,430.12500
14.128,430.12500
14.178,430.25000
14.229,430.12500
14.280,430.37500
14.331,430.12500
14.382,430.50000
14.433,430.25000
14.483,430.75000
14.534,430.62500
14.585,430.87500
14.636,430.75000
14.686,431.25000
14.737,431.12500
14.788,431.00000
14.839,431.25000
14.889,430.87500
14.940,431.37500
14.991,431.25000
15.042,431.75000
15.092,431.50000
15.143,432.00000
15.194,431.87500
15.245,432.37500
15.295,432.25000
15.346,432.62500
15.397,432.50000
15.448,432.50000
15.499,433.00000
15.549,433.00000
15.600,433.50000
15.651,433.50000
15.702,433.87500
15.753,433.87500
15.803,434.37500
15.854,434.00000
15.905,434.37500
15.956,434.25000
16.006,434.37500
16.057,434.25000
16.108,434.37500
16.158,434.25000
16.209,433.75000
16.260,434.25000
16.311,434.00000
16.362,434.25000
16.413,434.12500
16.463,434.37500
16.514,434.12500
16.565,434.37500
16.616,434.25000
16.666,434.37500
16.717,434.50000
16.768,434.75000
16.818,434.62500
16.869,434.50000
16.920,435.00000
16.971,434.87500
17.022,435.37500
17.072,435.25000
17.123,435.75000
17.175,435.87500
17.226,436.12500
17.276,436.12500
17.327,436.25000
17.378,436.12500
17.429,436.12500
17.480,436.00000
17.530,436.00000
17.581,436.00000
17.632,435.87500
17.682,436.00000
17.733,435.75000
17.784,436.00000
17.835,435.75000
17.885,436.12500
17.936,436.12500
17.987,436.12500
18.037,436.25000
18.088,436.25000
18.139,436.50000
18.190,436.37500
18.241,436.37500
18.291,436.37500
18.342,436.75000
18.393,436.50000
18.444,437.00000
18.494,436.87500
18.545,437.00000
18.596,436.87500
18.647,436.87500
18.697,436.87500
18.748,436.75000
18.799,436.87500
18.850,436.87500
18.901,437.00000
18.951,436.87500
19.002,437.00000
19.053,436.62500
19.103,436.87500
19.154,437.12500
19.205,437.00000
19.256,437.12500
19.306,437.00000
19.357,437.12500
19.408,437.00000
19.459,437.12500
19.509,437.12500
19.560,437.62500
19.611,437.50000
19.662,437.87500
19.713,437.87500
19.764,438.37500
19.814,438.50000
19.865,439.00000
19.916,439.00000
19.967,439.37500
20.018,439.75000
20.068,439.62500
20.119,439.75000
20.170,439.62500
20.221,439.75000
20.272,439.62500
20.322,439.87500
20.373,439.62500
20.424,439.87500
20.474,439.50000
20.525,439.62500
20.576,439.50000
20.627,439.50000
20.677,439.87500
20.728,439.75000
20.779,440.00000
20.829,439.87500
20.880,440.00000
20.931,439.87500
20.982,440.25000
21.033,440.00000
21.084,440.37500
21.134,440.12500
21.185,440.37500
21.236,440.37500
21.286,440.62500
21.337,440.87500
21.388,440.87500
21.439,441.25000
21.489,440.87500
21.540,441.12500
21.591,440.87500
21.642,441.12500
21.693,441.00000
21.743,441.25000
21.794,441.00000
21.845,441.37500
21.896,441.12500
21.947,441.37500
21.997,441.25000
22.049,441.37500
22.100,441.37500
22.151,441.50000
22.201,441.62500
22.252,441.75000
22.303,442.12500
22.354,442.00000
22.404,442.37500
22.455,442.12500
22.506,442.25000
22.557,442.12500
22.607,442.12500
22.658,442.00000
22.709,442.12500
22.759,442.25000
22.810,442.37500
22.861,442.50000
22.912,442.62500
22.962,442.87500
23.013,442.75000
23.064,442.87500
23.115,442.75000
23.165,443.00000
23.216,442.75000
23.267,443.00000
23.318,442.87500
23.369,443.00000
23.420,443.00000
23.470,443.00000
23.521,443.12500
23.572,443.37500
23.623,443.62500
23.674,443.50000
23.724,443.62500
23.775,443.62500
23.826,443.75000
23.877,443.75000
23.927,443.87500
23.978,443.75000
24.029,443.87500
24.080,443.87500
24.131,443.75000
24.181,443.87500
24.232,443.75000
24.283,443.87500
24.334,443.75000
24.384,443.75000
24.435,443.75000
24.486,443.87500
24.537,443.75000
24.588,443.87500
24.639,443.75000
24.689,443.87500
24.740,443.87500
24.791,443.87500
24.841,444.12500
24.892,444.00000
24.943,444.25000
24.994,444.00000
25.044,444.25000
25.095,444.00000
25.146,444.00000
25.196,443.87500
25.247,443.87500
25.298,443.87500
25.349,443.87500
25.400,444.12500
25.450,444.12500
25.501,444.50000
25.552,444.37500
25.602,444.75000
25.653,444.62500
25.704,444.87500
25.755,444.62500
25.805,444.75000
25.856,444.75000
25.907,444.87500
25.957,445.00000
26.008,444.87500
26.059,445.25000
26.110,445.25000
26.161,445.62500
26.211,445.50000
26.262,445.87500
26.313,445.87500
26.363,446.37500
26.414,446.00000
26.465,446.00000
26.516,446.00000
26.566,446.00000
26.617,446.12500
26.668,446.00000
26.718,446.25000
26.769,446.00000
26.820,446.25000
26.871,446.00000
26.921,446.25000
26.972,446.12500
27.023,446.37500
27.074,446.12500
27.124,446.00000
27.175,446.25000
27.226,446.00000
27.277,446.37500
27.328,446.12500
27.378,446.62500
27.429,446.25000
27.480,446.62500
27.531,446.37500
27.582,446.75000
27.632,446.50000
27.683,447.00000
27.734,446.87500
27.784,446.75000
27.835,447.00000
27.886,446.87500
27.937,447.12500
27.987,447.00000
28.038,447.25000
28.089,447.00000
28.140,447.25000
28.190,447.00000
28.241,447.37500
28.292,447.25000
28.343,447.62500
28.393,447.50000
28.444,447.37500
28.495,447.87500
28.546,447.62500
28.596,448.00000
28.647,447.87500
28.699,448.25000
28.749,448.00000
28.800,448.25000
28.851,448.00000
28.902,448.12500
28.953,447.87500
29.003,448.00000
29.054,447.87500
29.105,448.00000
29.156,448.00000
29.206,448.00000
29.257,448.00000
29.308,447.87500
29.359,448.12500
29.409,448.00000
29.460,448.37500
29.511,448.12500
29.562,448.25000
29.612,448.25000
29.663,448.25000
29.714,448.12500
29.765,448.25000
29.815,448.37500
29.866,448.37500
29.917,448.37500
29.967,448.12500
30.018,448.37500
30.069,448.37500
30.120,448.50000
30.170,448.37500
30.221,448.62500
30.272,448.62500
30.323,448.75000
30.374,448.75000
30.425,448.75000
30.475,448.75000
30.526,448.87500
30.577,449.00000
30.627,449.00000
30.678,449.25000
30.729,449.12500
30.780,449.37500
30.831,449.25000
30.881,449.37500
30.932,449.37500
30.983,449.37500
31.034,449.25000
31.084,449.25000
31.135,449.37500
31.186,449.12500
31.236,449.25000
31.287,449.12500
31.338,449.25000
31.389,449.12500
31.439,449.25000
31.490,449.25000
31.541,449.25000
31.592,449.37500
31.642,449.25000
31.693,449.25000
31.744,449.12500
31.795,449.25000
31.845,449.12500
31.896,449.37500
31.947,449.00000
31.998,449.12500
32.048,449.12500
32.099,449.12500
32.150,449.00000
32.200,449.00000
32.251,449.00000
32.302,448.87500
32.353,449.12500
32.403,448.87500
32.454,449.00000
32.505,448.75000
32.555,448.87500
32.606,448.75000
32.657,449.12500
32.708,449.25000
32.759,449.25000
32.809,449.25000
32.860,449.25000
32.911,449.25000
32.962,449.37500
33.012,449.75000
33.063,449.62500
33.114,449.87500
33.165,449.87500
33.215,450.00000
33.266,449.87500
33.317,450.12500
33.367,450.25000
33.418,450.37500
33.469,450.50000
33.520,450.62500
33.570,450.87500
33.621,450.62500
33.672,450.75000
33.723,450.50000
33.773,450.75000
33.824,450.50000
33.875,450.75000
33.926,450.50000
33.976,450.62500
34.027,450.75000
34.078,450.62500
34.129,450.75000
34.179,450.37500
34.230,450.62500
34.281,450.37500
34.332,450.37500
34.382,450.12500
34.434,450.37500
34.484,450.12500
34.535,450.37500
34.586,450.12500
34.637,450.50000
34.687,450.12500
34.738,450.50000
34.789,450.62500
34.840,450.50000
34.890,450.75000
34.941,450.62500
34.992,450.87500
35.042,450.62500
35.093,450.87500
35.144,450.50000
35.195,450.87500
35.245,450.75000
35.296,451.00000
35.347,450.87500
35.398,451.25000
35.448,451.50000
35.499,451.25000
35.550,451.37500
35.601,451.12500
35.651,451.37500
35.702,451.12500
35.753,451.37500
35.803,451.12500
35.854,451.25000
35.905,450.87500
35.956,451.00000
36.006,450.75000
36.059,450.87500
36.110,450.62500
36.160,450.62500
36.211,450.50000
36.262,450.62500
36.312,450.75000
36.363,450.37500
36.414,450.62500
36.465,450.25000
36.516,450.50000
36.566,450.25000
36.617,450.62500
36.668,450.75000
36.719,451.00000
36.769,451.12500
36.820,451.50000
36.871,451.62500
36.922,451.87500
36.972,452.00000
37.023,452.00000
37.074,452.37500
37.125,452.12500
37.175,452.37500
37.226,452.37500
37.277,452.37500
37.327,452.25000
37.378,452.25000
37.429,452.25000
37.480,452.25000
37.530,452.37500
37.581,452.37500
37.632,452.37500
37.683,452.25000
37.734,452.37500
37.785,452.25000
37.836,452.37500
37.886,452.37500
37.937,452.50000
37.988,452.62500
38.039,452.62500
38.089,452.75000
38.140,452.75000
38.191,452.87500
38.242,453.00000
38.292,453.00000
38.343,453.00000
38.394,453.25000
38.444,453.12500
38.495,453.12500
38.546,453.25000
38.597,453.12500
38.647,453.25000
38.698,453.25000
38.749,453.50000
38.800,453.37500
38.851,453.50000
38.901,453.37500
38.952,453.50000
39.003,453.37500
39.053,453.75000
39.104,453.25000
39.155,453.37500
39.206,453.37500
39.256,453.50000
39.307,453.62500
39.358,453.62500
39.409,453.87500
39.459,453.75000
39.510,454.12500
39.561,453.87500
39.612,454.37500
39.663,454.12500
39.713,454.62500
39.764,454.25000
39.815,454.25000
39.865,454.37500
39.916,454.37500
39.967,454.50000
40.018,454.50000
40.068,454.75000
40.119,454.62500
40.170,454.87500
40.221,454.62500
40.271,454.87500
40.322,454.62500
40.373,455.00000
40.424,454.62500
40.474,454.50000
40.525,454.62500
40.576,454.62500
40.626,454.75000
40.677,454.50000
40.728,454.75000
40.779,454.50000
40.829,454.75000
40.880,454.62500
40.931,454.87500
40.982,454.62500
41.032,455.00000
41.083,454.62500
41.134,454.62500
41.184,454.75000
41.235,454.62500
41.286,454.75000
41.337,454.62500
41.387,454.87500
41.438,454.62500
41.489,455.12500
41.540,455.00000
41.590,455.37500
41.641,455.25000
41.692,455.50000
41.743,455.50000
41.794,455.37500
41.844,455.75000
41.895,455.62500
41.946,456.00000
41.997,455.87500
42.047,456.25000
42.098,456.00000
42.149,456.37500
42.199,456.25000
42.250,456.50000
42.301,456.25000
42.352,456.62500
42.402,456.37500
42.453,456.25000
42.504,456.50000
42.555,456.25000
42.605,456.62500
42.656,456.37500
42.707,456.62500
42.758,456.37500
42.808,456.75000
42.859,456.50000
42.910,456.62500
42.961,456.37500
43.011,456.50000
43.062,456.25000
43.113,456.12500
43.163,456.25000
43.214,456.00000
43.265,456.50000
43.316,456.25000
43.366,456.37500
43.417,456.25000
43.468,456.50000
43.519,456.25000
43.569,456.37500
43.620,456.25000
43.671,456.25000
43.722,456.25000
43.773,456.25000
43.824,456.00000
43.874,456.00000
43.926,456.00000
43.976,455.62500
44.027,455.87500
44.078,455.50000
44.128,455.62500
44.179,455.37500
44.230,455.50000
44.281,455.62500
44.331,455.50000
44.382,455.62500
44.433,455.62500
44.484,455.62500
44.534,455.25000
44.585,455.50000
44.636,455.25000
44.687,455.50000
44.737,455.50000
44.788,455.75000
44.839,455.62500
44.889,455.87500
44.940,455.87500
44.991,456.00000
45.042,456.25000
45.092,456.37500
45.143,456.50000
45.194,456.37500
45.244,456.62500
45.295,456.62500
45.346,457.00000
45.397,456.87500
45.447,457.12500
45.498,457.12500
45.549,457.37500
45.599,457.50000
45.650,457.50000
45.701,457.50000
45.752,457.37500
45.803,457.62500
45.853,457.50000
45.904,457.75000
45.955,457.75000
46.005,457.87500
46.056,457.75000
46.107,457.75000
46.158,457.75000
46.209,457.75000
46.260,458.00000
46.310,458.00000
46.361,458.25000
46.412,458.12500
46.462,458.37500
46.513,458.00000
46.564,458.50000
46.615,458.50000
46.666,458.50000
46.716,458.50000
46.767,458.50000
46.818,458.50000
46.869,458.50000
46.920,458.62500
46.971,458.50000
47.021,458.75000
47.072,458.62500
47.123,458.75000
47.173,458.62500
47.224,458.62500
47.275,458.50000
47.326,458.75000
47.376,458.75000
47.427,458.62500
47.478,458.75000
47.528,458.62500
47.579,458.75000
47.630,458.75000
47.681,459.00000
47.732,458.75000
47.783,459.00000
47.833,458.75000
47.884,459.00000
47.935,458.62500
47.986,459.00000
48.036,459.00000
48.087,458.62500
48.138,458.87500
48.189,458.75000
48.240,458.87500
48.290,458.62500
48.341,458.75000
48.392,458.50000
48.443,458.75000
48.494,458.62500
48.544,458.75000
48.595,458.50000
48.646,458.75000
48.697,458.50000
48.748,458.62500
48.798,458.37500
48.849,458.50000
48.900,458.62500
48.951,458.37500
49.001,458.50000
49.053,458.50000
49.104,458.75000
49.155,458.50000
49.206,458.75000
49.257,458.75000
49.307,459.12500
49.358,458.87500
49.409,459.12500
49.459,458.87500
49.510,459.12500
49.561,459.25000
49.612,459.25000
49.662,459.37500
49.713,459.37500
49.764,459.62500
49.814,459.50000
49.865,459.62500
49.916,459.50000
49.967,459.62500
50.017,459.50000
50.068,459.50000
50.119,459.50000
50.170,459.37500
50.220,459.25000
50.271,459.37500
50.322,459.37500
50.372,459.25000
50.423,459.37500
50.474,459.00000
50.525,459.25000
50.576,458.87500
50.626,459.00000
50.677,458.87500
50.728,458.75000
50.778,458.62500
50.829,458.50000
50.880,458.50000
50.931,458.37500
50.981,458.62500
51.032,458.37500
51.083,458.50000
51.134,458.37500
51.184,458.37500
51.235,458.12500
51.286,458.12500
51.336,458.12500
51.387,458.00000
51.438,458.00000
51.489,458.00000
51.539,458.00000
51.590,458.00000
51.641,458.12500
51.692,457.75000
51.743,457.87500
51.794,457.75000
51.845,457.75000
51.895,457.62500
51.946,457.62500
51.997,457.62500
52.048,457.62500
52.099,457.75000
52.149,457.62500
52.200,457.75000
52.251,457.62500
52.302,457.87500
52.352,457.50000
52.403,457.87500
52.454,457.50000
52.505,457.62500
52.555,457.50000
52.606,457.50000
52.657,457.75000
52.708,457.62500
52.759,457.87500
52.809,457.75000
52.860,458.12500
52.911,458.00000
52.962,458.37500
53.012,458.12500
53.063,458.75000
53.114,458.37500
53.164,458.62500
53.215,458.37500
53.266,458.37500
53.317,458.75000
53.367,458.50000
53.418,458.75000
53.469,458.62500
53.519,458.87500
53.570,458.62500
53.621,458.75000
53.672,458.50000
53.722,458.75000
53.773,458.50000
53.824,458.37500
53.875,458.37500
53.926,458.25000
53.976,458.62500
54.027,458.50000
54.078,458.62500
54.128,458.50000
54.179,458.87500
54.230,458.62500
54.281,459.00000
54.331,458.87500
54.382,459.25000
54.433,459.12500
54.484,459.50000
54.534,459.37500
54.585,459.12500
54.636,459.37500
54.687,459.25000
54.737,459.50000
54.788,459.25000
54.839,459.50000
54.890,459.37500
54.940,459.75000
54.991,459.50000
55.042,459.87500
55.093,459.87500
55.144,460.00000
55.195,459.87500
55.245,460.00000
55.296,460.12500
55.347,459.75000
55.398,460.25000
55.448,459.87500
55.499,460.12500
55.550,460.00000
55.601,460.25000
55.651,460.12500
55.702,460.25000
55.753,460.00000
55.803,460.12500
55.854,459.87500
55.905,459.87500
55.956,459.87500
56.007,459.50000
56.057,459.75000
56.108,459.50000
56.159,459.62500
56.210,459.37500
56.260,459.50000
56.311,459.25000
56.362,459.37500
56.412,459.37500
56.463,459.25000
56.514,459.37500
56.565,459.25000
56.616,459.37500
56.667,459.12500
56.717,459.37500
56.768,459.25000
56.819,459.50000
56.870,459.25000
56.921,459.25000
56.971,459.25000
57.022,459.37500
57.073,459.37500
57.124,459.62500
57.174,459.62500
57.225,459.62500
57.276,459.75000
57.327,459.62500
57.378,459.75000
57.428,459.50000
57.479,459.87500
57.530,459.87500
57.581,459.87500
57.631,459.87500
57.682,460.00000
57.733,460.00000
57.784,459.87500
57.834,460.00000
57.885,459.87500
57.936,460.12500
57.986,459.87500
58.037,460.12500
58.088,459.75000
58.139,460.12500
58.189,460.12500
58.240,460.12500
58.291,460.12500
58.342,460.12500
58.392,460.25000
58.443,459.87500
58.494,460.12500
58.544,459.87500
58.596,459.87500
58.646,459.75000
58.697,460.00000
58.748,459.62500
58.799,459.87500
58.849,460.00000
58.900,459.87500
58.951,460.00000
59.001,459.87500
59.052,460.12500
59.103,459.87500
59.154,460.00000
59.204,459.75000
59.255,460.00000
59.306,459.75000
59.357,460.00000
59.408,459.75000
59.458,460.12500
59.509,460.12500
59.560,460.00000
59.610,460.25000
59.661,460.00000
59.712,460.25000
59.763,460.00000
59.813,460.37500
59.864,460.12500
59.915,460.50000
59.966,460.37500
60.016,460.75000
60.067,460.75000
60.118,460.87500
60.168,461.25000
60.219,461.00000
60.270,461.25000
60.321,461.00000
60.371,461.25000
60.422,461.12500
60.473,461.37500
60.524,461.12500
60.575,461.37500
60.625,461.12500
60.676,461.37500
60.728,461.25000
60.778,461.50000
60.829,461.37500
60.880,461.62500
60.930,462.00000
60.981,461.75000
61.032,462.12500
61.083,461.87500
61.133,462.12500
61.184,462.12500
61.235,462.12500
61.286,462.00000
61.336,462.12500
61.387,461.87500
61.438,462.12500
61.489,461.87500
61.540,462.00000
61.591,461.75000
61.641,461.75000
61.692,462.12500
61.743,461.87500
61.793,462.12500
61.844,462.00000
61.895,462.25000
61.946,462.00000
61.996,462.12500
62.047,462.12500
62.098,462.12500
62.148,462.12500
62.199,462.12500
62.250,462.25000
62.301,462.25000
62.351,462.37500
62.402,462.12500
62.453,462.50000
62.503,462.25000
62.554,462.25000
62.605,462.25000
62.656,462.37500
62.706,462.25000
62.757,462.25000
62.808,462.37500
62.859,462.25000
62.909,462.50000
62.960,462.25000
63.011,462.37500
63.061,462.25000
63.112,462.50000
63.164,462.50000
63.215,462.62500
63.266,462.50000
63.317,462.62500
63.368,462.50000
63.418,462.50000
63.469,462.50000
63.520,462.25000
63.571,462.37500
63.621,462.12500
63.672,462.37500
63.724,462.00000
63.775,462.37500
63.826,462.00000
63.877,462.25000
63.927,462.00000
63.978,462.50000
64.029,462.25000
64.080,462.62500
64.130,462.50000
64.181,462.37500
64.232,462.62500
64.283,462.50000
64.333,462.75000
64.384,462.50000
64.435,462.75000
64.485,462.50000
64.536,462.75000
64.587,462.50000
64.638,462.75000
64.688,462.62500
64.739,462.75000
64.790,462.75000
64.841,462.37500
64.891,462.87500
64.942,462.50000
64.993,462.87500
65.043,462.62500
65.094,462.87500
65.145,462.62500
65.196,462.75000
65.247,462.50000
65.298,462.62500
65.349,462.62500
65.399,462.62500
65.450,462.62500
65.501,462.37500
65.551,462.62500
65.602,462.37500
65.653,462.62500
65.704,462.37500
65.754,462.62500
65.805,462.50000
65.856,462.75000
65.906,462.75000
65.957,462.87500
66.008,462.87500
66.059,463.00000
66.109,463.00000
66.160,462.62500
66.211,463.00000
66.262,462.62500
66.312,462.87500
66.363,462.62500
66.414,462.75000
66.465,462.62500
66.515,462.87500
66.566,463.00000
66.617,463.25000
66.668,463.12500
66.718,463.25000
66.769,463.25000
66.820,463.12500
66.871,463.37500
66.922,463.25000
66.972,463.50000
67.023,463.50000
67.074,463.75000
67.125,463.62500
67.176,463.75000
67.226,463.75000
67.277,463.75000
67.328,463.75000
67.379,463.75000
67.429,463.87500
67.480,463.62500
67.531,463.75000
67.582,463.75000
67.632,463.87500
67.683,463.75000
67.734,463.87500
67.784,463.87500
67.835,463.87500
67.886,463.87500
67.937,463.87500
67.987,463.87500
68.038,463.87500
68.089,464.00000
68.139,463.87500
68.190,463.75000
68.241,463.75000
68.292,463.75000
68.342,463.50000
68.393,463.50000
68.444,463.50000
68.495,463.50000
68.545,463.37500
68.596,463.25000
68.647,463.37500
68.697,463.12500
68.748,463.37500
68.799,463.12500
68.850,463.50000
68.901,463.12500
68.952,463.50000
69.003,463.50000
69.053,463.37500
69.104,463.50000
69.155,463.37500
69.205,463.50000
69.256,463.25000
69.307,463.50000
69.358,463.37500
69.409,463.50000
69.460,463.25000
69.510,463.50000
69.561,463.25000
69.612,463.50000
69.662,463.50000
69.713,463.37500
69.764,463.37500
69.815,463.12500
69.865,463.12500
69.916,463.00000
69.967,463.25000
70.018,462.87500
70.068,463.12500
70.119,462.87500
70.170,463.25000
70.221,462.87500
70.271,463.12500
70.322,463.37500
70.373,463.37500
70.424,463.62500
70.475,463.37500
70.527,463.37500
70.578,463.62500
70.629,463.87500
70.679,463.50000
70.731,463.62500
70.782,463.62500
70.833,463.75000
70.884,463.75000
70.934,463.87500
70.985,463.75000
71.036,463.75000
71.086,463.62500
71.137,463.87500
71.188,463.75000
71.239,463.87500
71.289,463.87500
71.340,463.87500
71.391,464.12500
71.441,464.12500
71.492,464.37500
71.543,464.25000
71.594,464.62500
71.644,464.25000
71.695,464.50000
71.746,464.25000
71.796,464.37500
71.848,464.37500
71.898,464.37500
71.949,464.37500
72.000,464.37500
72.050,464.37500
72.101,464.37500
72.152,464.37500
72.203,464.25000
72.253,464.50000
72.304,464.25000
72.355,464.25000
72.406,464.25000
72.456,464.37500
72.507,464.37500
72.558,464.37500
72.608,464.50000
72.659,464.25000
72.710,464.25000
72.761,464.12500
72.811,464.12500
72.862,464.00000
72.913,463.87500
72.964,463.87500
73.014,463.87500
73.065,463.75000
73.116,463.62500
73.167,463.62500
73.217,463.37500
73.268,463.25000
73.319,463.00000
73.370,463.37500
73.421,463.00000
73.472,463.37500
73.522,463.00000
73.573,462.87500
73.624,462.87500
73.675,463.00000
73.725,463.00000
73.776,462.87500
73.827,463.00000
73.877,462.75000
73.928,463.00000
73.979,462.62500
74.030,463.00000
74.080,462.75000
74.131,463.00000
74.182,462.75000
74.233,462.62500
74.284,462.62500
74.335,462.62500
74.385,462.62500
74.436,462.50000
74.487,462.75000
74.538,462.50000
74.588,462.62500
74.639,462.50000
74.690,462.87500
74.740,462.62500
74.791,463.12500
74.842,462.87500
74.893,463.37500
74.943,463.12500
74.994,463.12500
75.045,463.50000
75.096,463.12500
75.146,463.62500
75.197,463.25000
75.248,463.75000
75.298,463.37500
75.349,463.62500
75.400,463.50000
75.451,463.62500
75.501,463.37500
75.552,463.37500
75.603,463.75000
75.654,463.50000
75.705,463.87500
75.755,463.62500
75.806,464.00000
75.857,463.75000
75.908,464.00000
75.958,463.87500
76.009,464.12500
76.060,464.00000
76.110,464.25000
76.161,464.12500
76.212,464.37500
76.263,464.50000
76.314,464.25000
76.364,464.62500
76.415,464.37500
76.466,464.62500
76.517,464.25000
76.568,464.62500
76.618,464.50000
76.669,464.75000
76.720,464.62500
76.771,464.87500
76.821,464.75000
76.872,464.87500
76.923,465.00000
76.974,465.12500
77.024,465.25000
77.075,465.00000
77.126,465.37500
77.177,465.25000
77.228,465.37500
77.278,465.25000
77.329,465.37500
77.380,465.37500
77.431,465.50000
77.482,465.62500
77.533,465.50000
77.583,465.62500
77.634,465.62500
77.685,465.62500
77.735,465.62500
77.786,465.87500
77.839,465.62500
77.890,465.87500
77.940,465.62500
77.991,465.75000
78.042,465.50000
78.093,465.75000
78.143,465.62500
78.194,465.62500
78.245,465.87500
78.296,465.50000
78.346,465.75000
78.397,465.37500
78.448,465.50000
78.499,465.37500
78.550,465.62500
78.601,465.37500
78.652,465.87500
78.702,465.50000
78.753,465.87500
78.804,465.75000
78.855,466.00000
78.905,465.75000
78.956,466.12500
79.007,466.37500
79.058,466.12500
79.108,466.37500
79.159,466.00000
79.210,466.37500
79.261,466.12500
79.312,466.37500
79.362,466.12500
79.413,466.50000
79.464,466.12500
79.514,466.37500
79.565,466.12500
79.616,466.25000
79.667,466.37500
79.717,466.12500
79.768,466.50000
79.819,466.00000
79.870,466.37500
79.920,466.00000
79.971,466.25000
80.022,466.00000
80.073,466.00000
80.123,465.75000
80.174,465.87500
80.225,465.62500
80.276,465.62500
80.327,465.50000
80.377,465.50000
80.428,465.75000
80.479,465.50000
80.530,465.62500
80.580,465.25000
80.631,465.62500
80.682,465.25000
80.733,465.50000
80.783,465.37500
80.834,465.50000
80.885,465.50000
80.936,465.62500
80.986,465.75000
81.037,465.87500
81.088,466.00000
81.139,465.87500
81.190,466.12500
81.240,466.00000
81.291,466.25000
81.342,466.12500
81.393,466.25000
81.443,466.25000
81.494,466.25000
81.545,466.37500
81.596,466.37500
81.647,466.50000
81.698,466.37500
81.748,466.50000
81.799,466.25000
81.850,466.50000
81.901,466.37500
81.951,466.37500
82.002,466.25000
82.053,466.12500
82.104,466.12500
82.154,466.12500
82.205,466.12500
82.256,466.00000
82.307,466.12500
82.357,466.00000
82.408,466.25000
82.459,466.00000
82.510,466.37500
82.560,466.12500
82.611,466.12500
82.662,466.12500
82.713,466.12500
82.763,466.25000
82.814,466.12500
82.865,466.50000
82.916,466.25000
82.966,466.62500
83.017,466.25000
83.068,466.62500
83.119,466.37500
83.169,466.75000
83.220,466.37500
83.271,466.25000
83.322,466.37500
83.374,466.62500
83.424,466.37500
83.475,466.12500
83.526,466.37500
83.577,466.00000
83.627,466.25000
83.678,466.00000
83.729,466.12500
83.779,466.00000
83.830,466.25000
83.881,466.00000
83.932,466.37500
83.982,466.12500
84.033,466.00000
84.084,466.37500
84.135,466.50000
84.186,466.62500
84.237,466.50000
84.287,466.87500
84.338,466.62500
84.389,467.00000
84.440,466.75000
84.490,467.12500
84.541,467.00000
84.592,467.25000
84.643,467.12500
84.694,467.37500
84.744,467.25000
84.795,467.50000
84.846,467.37500
84.897,467.37500
84.947,467.62500
84.998,467.37500
85.049,467.75000
85.099,467.50000
85.150,467.75000
85.201,467.62500
85.252,467.62500
85.303,467.50000
85.354,467.37500
85.405,467.50000
85.456,467.50000
85.507,467.37500
85.558,467.12500
85.610,467.25000
85.660,466.87500
85.711,467.12500
85.762,466.75000
85.812,467.00000
85.863,466.75000
85.914,466.87500
85.965,466.87500
86.015,466.87500
86.066,466.87500
86.117,466.87500
86.168,467.12500
86.218,466.87500
86.269,467.00000
86.320,466.75000
86.370,466.87500
86.422,466.75000
86.472,466.75000
86.523,466.62500
86.574,466.87500
86.625,466.50000
86.675,466.75000
86.726,466.75000
86.777,466.50000
86.827,466.75000
86.878,466.50000
86.929,466.62500
86.980,466.50000
87.030,466.75000
87.081,466.62500
87.132,466.75000
87.183,466.50000
87.233,466.62500
87.284,466.50000
87.335,466.75000
87.387,466.50000
87.438,466.62500
87.489,466.37500
87.539,466.62500
87.590,466.87500
87.641,466.62500
87.693,466.62500
87.744,466.50000
87.794,466.75000
87.845,466.50000
87.896,466.62500
87.947,466.50000
87.997,466.62500
88.048,466.37500
88.099,466.62500
88.149,466.37500
88.200,466.62500
88.251,466.50000
88.302,466.62500
88.352,466.62500
88.403,466.62500
88.454,466.75000
88.505,466.62500
88.555,467.00000
88.606,466.75000
88.657,466.87500
88.708,466.75000
88.758,466.87500
88.809,466.75000
88.860,466.75000
88.910,466.87500
88.961,466.87500
89.012,467.00000
89.063,467.00000
89.113,467.25000
89.164,467.50000
89.215,467.62500
89.266,467.62500
89.316,467.75000
89.367,467.87500
89.418,467.87500
89.469,468.12500
89.519,468.12500
89.570,468.25000
89.621,468.00000
89.671,468.37500
89.722,468.00000
89.773,468.12500
89.824,468.00000
89.875,468.00000
89.926,468.00000
89.977,468.00000
90.027,468.12500
90.078,468.00000
90.129,468.12500
90.179,468.00000
90.230,468.25000
90.281,468.00000
90.332,468.25000
90.383,467.87500
90.433,468.25000
90.484,467.87500
90.535,467.87500
90.586,467.87500
90.636,467.75000
90.687,467.87500
90.738,467.62500
90.789,467.87500
90.839,467.62500
90.890,467.87500
90.941,467.62500
90.991,467.75000
91.042,467.62500
91.093,468.00000
91.144,467.62500
91.195,467.50000
91.245,467.62500
91.296,467.50000
91.347,467.75000
91.398,467.62500
91.448,467.75000
91.499,467.62500
91.550,467.87500
91.601,467.62500
91.651,467.87500
91.702,467.62500
91.753,467.75000
91.804,467.75000
91.854,468.00000
91.905,467.62500
91.956,467.50000
92.007,467.75000
92.058,467.50000
92.108,467.75000
92.159,467.50000
92.210,467.75000
92.261,467.37500
92.311,467.62500
92.362,467.25000
92.413,467.50000
92.464,467.25000
92.514,467.25000
92.565,467.37500
92.616,467.00000
92.667,467.25000
92.717,467.00000
92.768,467.37500
92.819,467.25000
92.870,467.50000
92.920,467.37500
92.971,467.62500
93.022,467.37500
93.073,467.75000
93.123,467.50000
93.174,467.75000
93.225,467.75000
93.276,467.87500
93.326,468.00000
93.377,467.75000
93.428,468.25000
93.479,468.00000
93.529,468.25000
93.580,468.25000
93.631,468.37500
93.682,468.37500
93.732,468.50000
93.783,468.50000
93.834,468.50000
93.885,468.50000
93.935,468.62500
93.986,468.75000
94.037,468.62500
94.087,468.87500
94.138,468.62500
94.189,468.75000
94.240,468.50000
94.290,468.62500
94.341,468.50000
94.392,468.25000
94.442,468.25000
94.493,468.25000
94.544,468.25000
94.595,467.75000
94.645,468.00000
94.696,467.75000
94.747,467.75000
94.798,467.75000
94.848,467.87500
94.899,467.75000
94.950,467.62500
95.000,467.50000
95.051,467.50000
95.102,467.62500
95.153,467.50000
95.203,467.75000
95.254,467.50000
95.305,467.62500
95.356,467.50000
95.406,467.62500
95.457,467.62500
95.508,467.87500
95.559,467.87500
95.610,468.00000
95.660,468.00000
95.711,467.75000
95.762,468.00000
95.813,467.87500
95.863,468.00000
95.914,467.87500
95.965,468.00000
96.016,468.00000
96.066,467.87500
96.117,468.00000
96.168,468.00000
96.218,467.87500
96.269,468.00000
96.320,468.25000
96.371,468.00000
96.421,468.37500
96.472,468.12500
96.523,468.25000
96.574,468.25000
96.624,468.25000
96.675,468.62500
96.726,468.62500
96.777,468.75000
96.827,468.75000
96.878,468.87500
96.929,468.75000
96.979,468.87500
97.030,468.75000
97.081,469.00000
97.132,468.62500
97.183,468.75000
97.233,468.87500
97.284,468.87500
97.335,469.00000
97.386,468.75000
97.436,469.00000
97.487,468.75000
97.538,468.87500
97.589,468.62500
97.639,468.87500
97.690,468.62500
97.741,468.87500
97.791,468.50000
97.842,468.87500
97.893,468.87500
97.944,468.62500
97.994,468.62500
98.045,468.50000
98.096,468.62500
98.147,468.25000
98.197,468.62500
98.248,468.25000
98.299,468.50000
98.350,468.12500
98.401,468.37500
98.451,468.25000
98.502,468.50000
98.553,468.12500
98.604,468.37500
98.654,468.12500
98.706,468.25000
98.757,468.50000
98.807,468.12500
98.858,468.37500
98.909,468.12500
98.959,468.37500
99.010,468.12500
99.061,468.25000
99.112,467.87500
99.162,468.12500
99.213,467.87500
99.264,468.00000
99.315,467.87500
99.365,468.00000
99.416,468.12500
99.467,467.87500
99.518,468.00000
99.569,467.75000
99.620,468.00000
99.671,467.75000
99.722,468.00000
99.773,467.75000
99.823,467.87500
99.874,467.75000
99.925,467.75000
99.976,467.75000
