time(s),mvs
0.000,-110.12500
0.103,-110.00000
0.154,-110.75000
0.205,-110.12500
0.255,-109.87500
0.306,-109.87500
0.357,-109.87500
0.408,-110.12500
0.460,-110.62500
0.511,-110.25000
0.562,-110.12500
0.613,-110.12500
0.668,-110.12500
0.719,-110.25000
0.770,-110.37500
0.820,-110.25000
0.871,-110.37500
0.922,-110.37500
0.973,-110.00000
1.023,-110.12500
1.074,-110.12500
1.125,-110.12500
1.176,-110.37500
1.227,-110.25000
1.278,-110.25000
1.330,-110.25000
1.381,-110.12500
1.431,-110.00000
1.482,-110.12500
1.533,-110.25000
1.583,-110.25000
1.634,-110.25000
1.685,-109.62500
1.736,-109.12500
1.788,-107.75000
1.839,-106.62500
1.890,-105.25000
1.941,-103.87500
1.991,-102.37500
2.042,-101.37500
2.093,-100.00000
2.144,-99.37500
2.194,-98.62500
2.245,-97.37500
2.296,-96.25000
2.346,-94.75000
2.397,-93.50000
2.448,-91.37500
2.499,-89.62500
2.550,-87.50000
2.600,-85.87500
2.651,-84.12500
2.702,-83.12500
2.755,-81.87500
2.805,-80.75000
2.856,-79.25000
2.907,-78.12500
2.958,-77.12500
3.009,-75.75000
3.059,-74.87500
3.110,-73.50000
3.161,-72.50000
3.212,-71.37500
3.262,-70.37500
3.313,-69.00000
3.364,-68.37500
3.414,-67.75000
3.465,-67.25000
3.516,-66.62500
3.568,-66.37500
3.619,-66.25000
3.669,-66.12500
3.721,-65.62500
3.772,-65.75000
3.822,-65.87500
3.873,-65.75000
3.924,-66.00000
3.975,-65.87500
4.026,-65.75000
4.076,-65.75000
4.127,-65.37500
4.178,-65.50000
4.228,-65.50000
4.279,-65.25000
4.330,-65.62500
4.380,-65.25000
4.431,-65.00000
4.482,-64.87500
4.533,-64.62500
4.583,-65.00000
4.634,-64.87500
4.685,-65.12500
4.738,-65.25000
4.788,-65.25000
4.839,-65.25000
4.890,-65.25000
4.941,-65.25000
4.991,-65.62500
5.042,-65.62500
5.093,-65.37500
5.144,-65.37500
5.195,-65.25000
5.245,-64.62500
5.296,-64.37500
5.347,-64.12500
5.397,-63.75000
5.448,-63.62500
5.499,-63.37500
5.549,-62.87500
5.600,-62.75000
5.651,-62.00000
5.702,-61.75000
5.753,-61.62500
5.804,-61.12500
5.855,-60.75000
5.905,-60.50000
5.956,-60.00000
6.007,-59.62500
6.058,-59.37500
6.109,-58.75000
6.159,-58.50000
6.210,-58.12500
6.261,-57.87500
6.311,-57.75000
6.362,-57.62500
6.413,-57.50000
6.464,-57.37500
6.514,-57.37500
6.565,-57.37500
6.616,-57.50000
6.667,-57.75000
6.717,-58.00000
6.768,-58.25000
6.819,-58.37500
6.870,-58.25000
6.921,-58.37500
6.971,-58.12500
7.022,-58.00000
7.073,-58.25000
7.124,-58.25000
7.174,-58.25000
7.225,-58.37500
7.276,-58.62500
7.326,-58.37500
7.377,-58.75000
7.428,-58.75000
7.479,-58.87500
7.531,-59.12500
7.582,-59.25000
7.636,-59.37500
7.687,-59.37500
7.737,-59.62500
7.788,-60.00000
7.839,-60.12500
7.889,-60.37500
7.940,-60.62500
7.991,-60.62500
8.042,-60.75000
8.096,-60.75000
8.147,-61.00000
8.200,-61.37500
8.252,-61.62500
8.303,-61.75000
8.354,-61.75000
8.405,-61.75000
8.455,-62.00000
8.507,-62.12500
8.557,-62.25000
8.608,-62.37500
8.659,-62.50000
8.709,-62.50000
8.764,-62.50000
8.814,-62.62500
8.865,-63.12500
8.916,-63.25000
8.970,-63.37500
9.021,-63.37500
9.072,-63.50000
9.122,-63.62500
9.173,-64.00000
9.224,-64.00000
9.275,-64.50000
9.325,-64.62500
9.376,-64.75000
9.427,-65.00000
9.477,-65.00000
9.528,-65.12500
9.579,-65.62500
9.630,-65.75000
9.680,-66.00000
9.731,-66.37500
9.782,-66.62500
9.833,-66.87500
9.885,-67.00000
9.936,-67.25000
9.986,-67.50000
10.037,-67.87500
10.088,-68.12500
10.139,-68.37500
10.190,-68.62500
10.241,-68.62500
10.291,-68.87500
10.342,-69.00000
10.393,-69.25000
10.443,-69.50000
10.494,-69.75000
10.545,-69.62500
10.595,-69.87500
10.648,-69.75000
10.699,-70.00000
10.750,-70.25000
10.801,-70.37500
10.852,-70.62500
10.902,-70.75000
10.953,-70.87500
11.004,-70.87500
11.055,-71.12500
11.106,-71.00000
11.156,-71.12500
11.207,-71.37500
11.258,-71.50000
11.308,-71.75000
11.359,-71.87500
11.410,-72.00000
11.461,-72.12500
11.511,-72.25000
11.562,-72.25000
11.613,-72.62500
11.664,-72.87500
11.716,-73.00000
11.767,-73.12500
11.818,-72.87500
11.868,-73.12500
11.919,-73.62500
11.970,-73.62500
12.021,-73.75000
12.072,-73.75000
12.123,-73.75000
12.174,-74.00000
12.225,-74.12500
12.275,-74.12500
12.326,-74.25000
12.377,-74.62500
12.428,-74.75000
12.478,-74.75000
12.529,-74.87500
12.580,-74.87500
12.631,-75.00000
12.684,-75.12500
12.734,-75.25000
12.785,-75.62500
12.836,-75.62500
12.886,-75.75000
12.937,-75.87500
12.988,-75.75000
13.039,-75.75000
13.091,-76.12500
13.141,-76.12500
13.192,-76.25000
13.243,-76.37500
13.294,-76.37500
13.345,-76.37500
13.395,-76.50000
13.447,-76.37500
13.497,-76.62500
13.549,-76.75000
13.600,-76.75000
13.650,-76.87500
13.701,-77.00000
13.752,-77.00000
13.803,-77.00000
13.854,-77.00000
13.904,-77.00000
13.955,-77.25000
14.006,-77.37500
14.057,-77.37500
14.107,-77.62500
14.158,-77.37500
14.209,-77.37500
14.260,-77.62500
14.311,-77.62500
14.361,-77.62500
14.412,-78.00000
14.463,-77.87500
14.516,-77.87500
14.567,-77.75000
14.617,-77.87500
14.668,-78.12500
14.719,-78.12500
14.770,-78.25000
14.820,-78.25000
14.871,-78.25000
14.922,-78.12500
14.973,-78.25000
15.023,-78.12500
15.074,-78.00000
15.125,-78.37500
15.176,-78.37500
15.226,-78.50000
15.277,-78.50000
15.328,-78.25000
15.379,-78.50000
15.430,-78.37500
15.480,-78.62500
15.531,-78.50000
15.582,-78.75000
15.633,-78.75000
15.684,-78.87500
15.736,-78.87500
15.788,-78.62500
15.841,-79.00000
15.892,-79.00000
15.942,-79.12500
15.995,-79.25000
16.046,-79.12500
16.097,-79.12500
16.149,-79.00000
16.200,-79.25000
16.251,-79.25000
16.301,-79.25000
16.352,-79.37500
16.403,-79.50000
16.454,-79.00000
16.504,-79.12500
16.555,-79.37500
16.606,-79.37500
16.657,-79.37500
16.707,-79.50000
16.758,-79.37500
16.809,-79.62500
16.859,-79.50000
16.910,-79.37500
16.961,-79.37500
17.012,-79.50000
17.063,-79.62500
17.115,-79.62500
17.166,-79.37500
17.217,-79.37500
17.268,-79.50000
17.319,-79.75000
17.369,-79.62500
17.420,-79.75000
17.471,-79.75000
17.522,-79.50000
17.572,-79.62500
17.623,-79.62500
17.674,-79.62500
17.725,-79.75000
17.776,-79.87500
17.827,-80.12500
17.879,-80.00000
17.930,-79.87500
17.981,-79.87500
18.032,-79.87500
18.083,-80.00000
18.133,-80.00000
18.184,-80.00000
18.235,-80.12500
18.286,-80.00000
18.337,-79.75000
18.387,-79.87500
18.438,-80.00000
18.489,-80.00000
18.540,-79.87500
18.591,-80.00000
18.641,-80.00000
18.692,-79.75000
18.744,-79.87500
18.795,-79.87500
18.847,-79.87500
18.898,-80.00000
18.949,-80.00000
18.999,-80.00000
19.050,-80.12500
19.101,-79.75000
19.152,-79.75000
19.202,-79.87500
19.253,-79.87500
19.304,-80.12500
19.355,-80.12500
19.405,-80.00000
19.456,-80.12500
19.507,-79.25000
19.558,-79.87500
19.608,-79.87500
19.662,-80.00000
19.714,-80.12500
19.765,-80.12500
19.815,-80.00000
19.867,-79.87500
19.917,-80.12500
19.968,-80.00000
20.019,-80.12500
20.070,-80.12500
20.121,-80.12500
20.172,-80.12500
20.224,-79.87500
20.275,-80.00000
20.328,-80.25000
20.380,-80.12500
20.430,-80.25000
20.481,-80.00000
20.532,-80.00000
20.583,-80.12500
20.634,-80.12500
20.687,-80.25000
20.738,-80.25000
20.789,-80.25000
20.840,-80.12500
20.891,-80.12500
20.944,-80.00000
20.994,-80.25000
21.046,-80.25000
21.097,-80.37500
21.148,-80.25000
21.199,-80.12500
21.249,-80.00000
21.300,-80.25000
21.351,-80.25000
21.402,-80.25000
21.452,-80.37500
21.503,-80.12500
21.554,-80.12500
21.604,-80.25000
21.655,-80.25000
21.706,-80.37500
21.757,-80.37500
21.807,-80.37500
21.861,-80.37500
21.912,-80.12500
21.963,-80.25000
22.014,-80.37500
22.065,-80.37500
22.115,-80.50000
22.166,-80.37500
22.217,-80.37500
22.268,-80.37500
22.319,-80.12500
22.369,-79.62500
22.424,-80.50000
22.476,-80.50000
22.527,-80.62500
22.579,-80.25000
22.629,-80.25000
22.680,-80.37500
22.731,-80.37500
22.782,-80.37500
22.833,-80.62500
22.883,-80.50000
22.934,-80.50000
22.985,-80.50000
23.036,-80.12500
23.087,-80.12500
23.137,-80.37500
23.188,-80.37500
23.239,-80.50000
23.290,-80.50000
23.341,-80.50000
23.391,-80.50000
23.444,-80.12500
23.494,-80.25000
23.545,-80.37500
23.596,-80.37500
23.647,-80.50000
23.697,-80.62500
23.748,-80.37500
23.800,-80.37500
23.851,-80.37500
23.901,-80.37500
23.952,-80.50000
24.003,-80.50000
24.054,-80.50000
24.104,-80.62500
24.156,-80.50000
24.207,-80.37500
24.260,-80.50000
24.311,-80.25000
24.363,-80.62500
24.414,-80.50000
24.464,-80.50000
24.515,-80.50000
24.566,-80.25000
24.617,-80.25000
24.667,-80.37500
24.718,-80.37500
24.769,-80.37500
24.819,-80.50000
24.870,-80.62500
24.921,-80.37500
24.972,-80.50000
25.022,-80.37500
25.073,-80.37500
25.124,-80.62500
25.175,-80.50000
25.227,-80.62500
25.278,-80.62500
25.329,-80.50000
25.379,-80.37500
25.430,-80.50000
25.481,-80.50000
25.532,-80.62500
25.582,-80.75000
25.633,-80.50000
25.684,-80.50000
25.735,-80.50000
25.785,-80.37500
25.836,-80.37500
25.887,-80.50000
25.937,-80.62500
25.988,-80.62500
26.040,-80.62500
26.091,-80.50000
26.143,-80.37500
26.194,-80.50000
26.245,-80.50000
26.295,-80.75000
26.346,-80.75000
26.397,-80.75000
26.448,-80.62500
26.498,-80.50000
26.549,-80.50000
26.600,-80.50000
26.651,-80.62500
26.701,-80.75000
26.752,-80.62500
26.803,-80.62500
26.854,-80.75000
26.905,-80.75000
26.957,-80.50000
27.009,-80.75000
27.062,-80.62500
27.112,-80.75000
27.164,-80.62500
27.214,-80.62500
27.265,-80.62500
27.316,-80.62500
27.367,-80.62500
27.418,-80.75000
27.468,-80.62500
27.519,-80.75000
27.570,-80.62500
27.621,-80.37500
27.672,-80.50000
27.724,-80.50000
27.776,-80.62500
27.827,-80.75000
27.877,-80.62500
27.928,-80.50000
27.979,-80.50000
28.030,-80.37500
28.081,-80.50000
28.134,-80.75000
28.188,-80.75000
28.239,-80.87500
28.291,-80.37500
28.342,-80.50000
28.393,-80.62500
28.444,-80.50000
28.494,-80.75000
28.548,-80.62500
28.599,-80.50000
28.652,-80.50000
28.703,-80.37500
28.755,-80.62500
28.805,-80.37500
28.856,-80.62500
28.909,-80.37500
28.960,-80.50000
29.010,-80.25000
29.061,-80.50000
29.112,-80.50000
29.162,-80.62500
29.215,-80.37500
29.266,-80.37500
29.317,-80.50000
29.367,-80.50000
29.420,-80.62500
29.471,-80.62500
29.521,-80.62500
29.572,-80.50000
29.623,-80.37500
29.676,-80.37500
29.727,-80.62500
29.778,-80.62500
29.828,-80.75000
29.879,-80.75000
29.930,-80.37500
29.981,-80.50000
30.032,-80.62500
30.083,-80.62500
30.133,-80.62500
30.184,-80.75000
30.235,-80.75000
30.286,-80.75000
30.337,-80.75000
30.389,-80.50000
30.442,-80.75000
30.493,-80.75000
30.544,-80.75000
30.595,-80.87500
30.645,-80.62500
30.696,-80.62500
30.747,-80.62500
30.800,-80.37500
30.851,-80.75000
30.902,-80.75000
30.952,-80.87500
31.008,-80.62500
31.059,-80.87500
31.110,-81.00000
31.161,-80.50000
31.211,-81.12500
31.262,-81.00000
31.313,-80.87500
31.364,-80.87500
31.414,-80.75000
31.465,-80.62500
31.516,-80.62500
31.566,-80.75000
31.618,-80.87500
31.670,-80.87500
31.720,-81.00000
31.771,-80.62500
31.822,-80.75000
31.875,-80.75000
31.926,-81.12500
31.977,-80.87500
32.027,-80.75000
32.078,-80.75000
32.129,-80.62500
32.180,-80.75000
32.231,-80.87500
32.282,-81.00000
32.332,-81.00000
32.383,-80.87500
32.434,-80.87500
32.485,-80.75000
32.535,-80.87500
32.587,-80.87500
32.638,-80.62500
32.689,-80.87500
32.740,-81.00000
32.791,-81.00000
32.842,-81.00000
32.894,-80.75000
32.945,-80.75000
32.996,-80.87500
33.047,-81.00000
33.098,-81.00000
33.148,-81.12500
33.199,-80.75000
33.250,-80.87500
33.300,-80.75000
33.351,-80.62500
33.402,-81.00000
33.456,-81.12500
33.507,-81.00000
33.558,-81.00000
33.608,-80.87500
33.659,-80.75000
33.710,-81.00000
33.761,-81.00000
33.812,-81.12500
33.862,-81.12500
33.913,-80.87500
33.964,-80.87500
34.014,-81.00000
34.065,-81.00000
34.116,-80.87500
34.166,-81.00000
34.217,-81.00000
34.268,-81.00000
34.318,-81.00000
34.371,-80.87500
34.421,-80.87500
34.474,-81.00000
34.524,-81.12500
34.575,-81.25000
34.626,-81.25000
34.677,-81.12500
34.728,-81.00000
34.779,-81.00000
34.831,-81.12500
34.882,-81.12500
34.933,-81.12500
34.984,-81.12500
35.034,-81.25000
35.085,-81.00000
35.136,-81.00000
35.187,-81.00000
35.238,-81.25000
35.288,-81.37500
35.340,-81.37500
35.391,-81.37500
35.442,-81.37500
35.492,-81.12500
35.543,-80.87500
35.594,-81.25000
35.645,-81.12500
35.696,-81.37500
35.746,-81.37500
35.797,-81.12500
35.848,-81.25000
35.899,-81.25000
35.949,-81.12500
36.000,-81.12500
36.051,-81.37500
36.102,-81.37500
36.152,-81.50000
36.203,-81.50000
36.254,-81.37500
36.307,-81.50000
36.358,-81.25000
36.408,-81.37500
36.459,-81.50000
36.510,-81.50000
36.561,-81.50000
36.612,-81.50000
36.662,-81.37500
36.713,-81.50000
36.764,-81.50000
36.814,-81.50000
36.865,-81.62500
36.916,-81.75000
36.966,-81.75000
37.017,-81.75000
37.068,-81.87500
37.119,-81.50000
37.169,-81.62500
37.220,-81.62500
37.272,-81.62500
37.323,-81.75000
37.374,-81.87500
37.425,-81.75000
37.475,-81.75000
37.527,-81.62500
37.578,-81.50000
37.629,-81.75000
37.679,-81.75000
37.730,-81.87500
37.781,-81.87500
37.831,-81.75000
37.882,-81.75000
37.933,-81.75000
37.984,-81.62500
38.036,-81.87500
38.088,-81.75000
38.139,-81.87500
38.190,-81.87500
38.240,-81.62500
38.291,-81.62500
38.342,-81.62500
38.393,-81.75000
38.443,-81.75000
38.494,-81.87500
38.545,-81.87500
38.595,-81.87500
38.646,-81.87500
38.697,-81.62500
38.747,-81.62500
38.798,-81.75000
38.849,-81.62500
38.900,-81.75000
38.951,-81.62500
39.001,-81.50000
39.052,-81.37500
39.103,-81.25000
39.154,-80.75000
39.205,-80.75000
39.256,-80.75000
39.306,-80.50000
39.357,-80.37500
39.408,-80.37500
39.459,-80.12500
39.509,-79.62500
39.560,-79.87500
39.611,-79.62500
39.662,-79.75000
39.712,-79.50000
39.763,-79.37500
39.814,-79.25000
39.864,-79.00000
39.915,-78.75000
39.966,-78.62500
40.016,-78.37500
40.067,-77.87500
40.119,-77.50000
40.171,-77.12500
40.222,-76.62500
40.273,-76.25000
40.323,-76.00000
40.374,-75.62500
40.425,-75.62500
40.476,-75.50000
40.526,-75.25000
40.577,-75.25000
40.628,-74.62500
40.679,-74.62500
40.729,-74.62500
40.780,-74.50000
40.831,-74.25000
40.881,-74.25000
40.932,-74.12500
40.983,-74.12500
41.035,-74.00000
41.086,-72.75000
41.137,-72.25000
41.188,-72.25000
41.239,-71.75000
41.290,-72.12500
41.340,-72.62500
41.391,-73.00000
41.442,-72.75000
41.493,-73.00000
41.544,-73.62500
41.594,-74.00000
41.645,-74.00000
41.696,-74.12500
41.746,-74.50000
41.797,-74.75000
41.848,-74.87500
41.899,-75.00000
41.950,-75.12500
42.001,-75.37500
42.052,-75.75000
42.102,-76.12500
42.156,-76.00000
42.206,-76.25000
42.257,-76.25000
42.308,-76.50000
42.359,-76.75000
42.412,-77.12500
42.463,-77.12500
42.516,-76.87500
42.568,-76.87500
42.619,-77.12500
42.672,-77.50000
42.723,-77.62500
42.774,-77.75000
42.825,-77.87500
42.876,-77.87500
42.926,-78.00000
42.977,-78.00000
43.028,-78.12500
43.079,-78.62500
43.130,-78.87500
43.184,-79.25000
43.234,-79.37500
43.285,-79.00000
43.336,-79.37500
43.387,-79.75000
43.437,-79.87500
43.489,-80.12500
43.539,-80.25000
43.590,-80.25000
43.641,-80.37500
43.692,-80.62500
43.742,-80.62500
43.793,-80.75000
43.844,-81.00000
43.895,-81.12500
43.946,-81.25000
43.997,-80.87500
44.047,-80.75000
44.098,-80.87500
44.152,-80.37500
44.203,-80.50000
44.254,-80.50000
44.304,-81.00000
44.356,-81.37500
44.406,-80.87500
44.458,-80.75000
44.509,-81.37500
44.560,-81.75000
44.610,-82.00000
44.661,-82.25000
44.712,-82.37500
44.763,-82.00000
44.813,-82.12500
44.864,-82.37500
44.915,-82.25000
44.966,-82.50000
45.018,-82.50000
45.069,-82.87500
45.120,-83.25000
45.171,-83.12500
45.222,-83.00000
45.272,-83.50000
45.324,-83.62500
45.376,-83.25000
45.427,-83.00000
45.479,-83.25000
45.529,-83.62500
45.580,-83.62500
45.631,-84.00000
45.684,-84.12500
45.735,-84.25000
45.786,-84.50000
45.837,-84.37500
45.888,-84.75000
45.938,-85.25000
45.990,-85.25000
46.040,-85.50000
46.091,-85.25000
46.142,-84.75000
46.192,-84.87500
46.243,-85.12500
46.294,-84.75000
46.345,-84.75000
46.395,-85.00000
46.446,-85.12500
46.497,-85.37500
46.548,-85.25000
46.598,-84.75000
46.649,-85.12500
46.701,-85.25000
46.752,-85.37500
46.802,-85.50000
46.853,-85.25000
46.904,-85.37500
46.954,-85.50000
47.005,-85.50000
47.056,-85.12500
47.106,-85.37500
47.157,-85.50000
47.208,-85.75000
47.259,-85.37500
47.310,-84.87500
47.360,-85.12500
47.411,-85.37500
47.462,-85.00000
47.512,-84.87500
47.563,-85.25000
47.614,-85.62500
47.665,-86.00000
47.718,-85.25000
47.768,-84.62500
47.819,-85.25000
47.870,-85.87500
47.921,-85.87500
47.971,-86.00000
48.022,-86.12500
48.073,-86.12500
48.123,-86.25000
48.174,-86.62500
48.225,-87.12500
48.276,-87.37500
48.330,-87.12500
48.381,-86.50000
48.432,-86.87500
48.483,-87.12500
48.535,-87.00000
48.586,-86.87500
48.637,-86.75000
48.687,-87.00000
48.738,-87.25000
48.789,-87.62500
48.840,-88.00000
48.890,-88.37500
48.941,-88.25000
48.992,-88.87500
49.043,-89.62500
49.093,-89.75000
49.144,-89.75000
49.195,-90.00000
49.246,-90.00000
49.296,-89.87500
49.347,-89.62500
49.398,-89.62500
49.449,-90.12500
49.501,-90.12500
49.552,-90.12500
49.602,-90.75000
49.653,-91.12500
49.704,-91.50000
49.755,-91.75000
49.806,-91.75000
49.857,-91.50000
49.907,-91.50000
49.959,-91.50000
50.009,-91.25000
50.060,-90.75000
50.111,-90.12500
50.162,-90.25000
50.212,-88.87500
50.263,-88.87500
50.314,-89.75000
50.365,-90.12500
50.416,-90.12500
50.467,-90.25000
50.518,-90.12500
50.572,-90.00000
50.623,-90.37500
50.674,-91.25000
50.725,-91.75000
50.776,-91.62500
50.827,-91.87500
50.877,-92.12500
50.928,-92.25000
50.979,-92.50000
51.030,-93.12500
51.081,-93.12500
51.133,-92.87500
51.184,-92.37500
51.235,-91.12500
51.285,-90.00000
51.336,-89.50000
51.387,-89.50000
51.438,-89.87500
51.489,-90.12500
51.540,-91.12500
51.590,-91.87500
51.641,-91.12500
51.692,-90.62500
51.742,-90.87500
51.793,-91.37500
51.844,-92.00000
51.894,-92.75000
51.945,-92.62500
51.996,-92.25000
52.047,-90.75000
52.099,-91.00000
52.150,-91.37500
52.201,-90.87500
52.252,-91.50000
52.302,-91.87500
52.353,-92.25000
52.404,-92.12500
52.455,-92.12500
52.506,-92.00000
52.556,-91.62500
52.607,-91.62500
52.658,-91.87500
52.708,-92.25000
52.759,-93.12500
52.810,-93.75000
52.860,-93.87500
52.911,-94.00000
52.962,-94.50000
53.013,-95.00000
53.064,-96.00000
53.114,-96.50000
53.166,-97.00000
53.216,-97.25000
53.267,-96.37500
53.318,-95.87500
53.369,-95.87500
53.419,-96.12500
53.470,-96.62500
53.521,-97.25000
53.572,-97.62500
53.622,-98.25000
53.673,-98.62500
53.724,-98.62500
53.776,-98.62500
53.827,-98.25000
53.877,-98.12500
53.928,-98.12500
53.979,-98.25000
54.031,-98.37500
54.082,-98.37500
54.132,-98.25000
54.183,-98.37500
54.234,-98.37500
54.285,-98.37500
54.336,-98.62500
54.386,-98.62500
54.437,-98.62500
54.488,-98.62500
54.539,-98.00000
54.589,-97.00000
54.640,-96.62500
54.691,-96.87500
54.741,-96.75000
54.792,-96.87500
54.843,-96.62500
54.894,-96.50000
54.946,-96.62500
54.998,-96.37500
55.049,-96.62500
55.100,-96.75000
55.151,-97.00000
55.202,-96.87500
55.253,-97.12500
55.304,-96.75000
55.354,-96.25000
55.405,-96.12500
55.456,-96.37500
55.506,-97.00000
55.557,-97.00000
55.608,-97.12500
55.659,-97.25000
55.710,-97.25000
55.760,-97.37500
55.811,-97.37500
55.862,-97.37500
55.913,-97.25000
55.965,-96.62500
56.016,-95.87500
56.066,-95.62500
56.117,-95.50000
56.168,-95.37500
56.219,-95.12500
56.270,-95.00000
56.320,-95.00000
56.371,-95.12500
56.422,-94.87500
56.472,-94.87500
56.523,-95.12500
56.574,-95.62500
56.625,-96.25000
56.675,-97.00000
56.726,-97.37500
56.777,-97.62500
56.828,-97.62500
56.882,-97.62500
56.933,-97.62500
56.983,-97.12500
57.034,-96.75000
57.085,-96.62500
57.136,-96.25000
57.186,-96.12500
57.237,-96.00000
57.288,-95.87500
57.339,-95.50000
57.389,-95.12500
57.440,-95.25000
57.491,-95.25000
57.541,-95.12500
57.592,-95.00000
57.643,-95.25000
57.694,-95.37500
57.745,-95.50000
57.796,-95.87500
57.847,-96.12500
57.898,-96.12500
57.949,-96.12500
57.999,-96.00000
58.050,-96.00000
58.101,-96.25000
58.152,-95.62500
58.203,-95.50000
58.253,-95.12500
58.304,-94.62500
58.355,-94.37500
58.406,-94.62500
58.456,-94.50000
58.507,-94.87500
58.558,-95.25000
58.608,-95.37500
58.659,-95.75000
58.710,-96.12500
58.763,-96.25000
58.813,-96.37500
58.864,-96.50000
58.915,-97.00000
58.966,-97.50000
59.016,-97.50000
59.067,-97.62500
59.118,-96.50000
59.169,-95.87500
59.219,-96.12500
59.270,-96.75000
59.321,-97.00000
59.371,-97.12500
59.422,-97.00000
59.473,-96.75000
59.524,-96.75000
59.574,-96.87500
59.625,-96.75000
59.679,-96.87500
59.730,-97.00000
59.781,-97.12500
59.831,-97.25000
59.882,-97.25000
59.933,-97.12500
59.984,-97.25000
60.035,-97.00000
60.085,-97.12500
60.136,-96.87500
60.187,-96.50000
60.238,-95.37500
60.288,-95.87500
60.340,-96.00000
60.390,-95.87500
60.441,-96.00000
60.492,-95.50000
60.544,-95.00000
60.596,-94.75000
60.647,-94.75000
60.698,-94.87500
60.748,-95.12500
60.799,-95.25000
60.850,-94.37500
60.901,-93.50000
60.952,-93.25000
61.003,-93.37500
61.053,-93.62500
61.104,-93.75000
61.155,-94.25000
61.206,-94.50000
61.256,-95.00000
61.307,-94.87500
61.358,-94.62500
61.409,-94.75000
61.459,-94.75000
61.510,-94.75000
61.561,-95.12500
61.612,-95.25000
61.663,-95.50000
61.713,-95.50000
61.764,-95.62500
61.815,-95.87500
61.866,-95.87500
61.919,-95.75000
61.969,-96.00000
62.020,-95.87500
62.071,-95.87500
62.122,-95.87500
62.172,-95.87500
62.223,-95.75000
62.274,-95.87500
62.324,-95.87500
62.375,-95.75000
62.428,-95.75000
62.479,-95.62500
62.530,-95.62500
62.581,-95.50000
62.631,-95.25000
62.682,-95.25000
62.733,-95.12500
62.784,-94.75000
62.836,-94.87500
62.887,-95.25000
62.937,-95.12500
62.988,-95.12500
63.039,-95.00000
63.089,-95.00000
63.140,-94.87500
63.191,-94.75000
63.242,-94.75000
63.294,-94.62500
63.345,-94.50000
63.396,-94.50000
63.447,-94.37500
63.497,-93.75000
63.548,-94.25000
63.599,-94.37500
63.650,-94.62500
63.701,-94.62500
63.751,-94.62500
63.802,-94.75000
63.853,-95.00000
63.903,-95.00000
63.954,-95.12500
64.007,-95.37500
64.058,-95.50000
64.109,-95.50000
64.161,-95.25000
64.212,-95.12500
64.262,-94.87500
64.313,-94.62500
64.364,-94.12500
64.414,-94.12500
64.465,-93.62500
64.516,-93.50000
64.567,-93.37500
64.618,-92.75000
64.668,-92.87500
64.719,-92.75000
64.770,-92.75000
64.820,-93.12500
64.871,-93.25000
64.924,-93.75000
64.974,-93.87500
65.026,-93.62500
65.077,-94.00000
65.128,-93.37500
65.179,-92.75000
65.229,-93.25000
65.280,-93.62500
65.331,-92.87500
65.382,-92.50000
65.433,-92.87500
65.483,-93.25000
65.534,-93.12500
65.585,-92.50000
65.636,-92.37500
65.686,-92.50000
65.737,-92.25000
65.788,-92.00000
65.840,-91.50000
65.891,-91.50000
65.944,-91.87500
65.994,-91.87500
66.045,-92.12500
66.096,-92.62500
66.147,-92.12500
66.197,-92.25000
66.250,-93.00000
66.301,-93.50000
66.352,-93.62500
66.403,-93.37500
66.453,-93.50000
66.504,-94.00000
66.555,-94.50000
66.605,-94.87500
66.657,-95.37500
66.707,-95.50000
66.760,-96.00000
66.811,-95.87500
66.862,-95.75000
66.912,-95.25000
66.963,-95.12500
67.014,-95.37500
67.065,-95.50000
67.116,-94.87500
67.166,-94.50000
67.217,-94.87500
67.268,-95.12500
67.318,-95.12500
67.369,-94.75000
67.420,-94.50000
67.471,-94.37500
67.521,-94.12500
67.572,-94.12500
67.623,-93.87500
67.674,-94.12500
67.725,-94.25000
67.776,-94.62500
67.827,-94.75000
67.877,-94.62500
67.928,-94.50000
67.979,-94.75000
68.030,-94.62500
68.081,-94.87500
68.131,-94.87500
68.182,-94.87500
68.233,-94.75000
68.284,-93.87500
68.334,-92.37500
68.385,-92.00000
68.436,-92.50000
68.487,-92.75000
68.537,-93.12500
68.588,-92.75000
68.639,-92.50000
68.692,-92.75000
68.742,-92.75000
68.793,-92.75000
68.844,-92.75000
68.896,-92.62500
68.947,-92.87500
68.998,-93.00000
69.049,-93.00000
69.099,-93.12500
69.150,-92.87500
69.201,-92.50000
69.252,-92.25000
69.304,-92.25000
69.356,-92.62500
69.406,-93.12500
69.459,-93.37500
69.510,-93.00000
69.561,-93.00000
69.611,-93.25000
69.662,-92.62500
69.713,-92.50000
69.764,-93.00000
69.815,-93.25000
69.865,-93.37500
69.916,-93.62500
69.967,-93.87500
70.017,-94.00000
70.068,-94.62500
70.119,-94.75000
70.170,-95.00000
70.220,-95.37500
70.274,-95.50000
70.325,-94.75000
70.376,-94.62500
70.427,-95.12500
70.477,-95.87500
70.528,-96.00000
70.579,-96.12500
70.630,-96.00000
70.680,-95.50000
70.731,-95.87500
70.782,-96.00000
70.832,-96.25000
70.883,-96.25000
70.934,-96.62500
70.985,-96.62500
71.035,-96.75000
71.086,-96.50000
71.137,-96.12500
71.188,-96.00000
71.238,-96.12500
71.290,-96.25000
71.341,-96.50000
71.391,-96.25000
71.442,-96.25000
71.493,-96.25000
71.544,-96.12500
71.594,-96.25000
71.646,-96.37500
71.700,-96.50000
71.751,-96.62500
71.804,-96.50000
71.854,-96.62500
71.905,-96.50000
71.956,-96.25000
72.007,-96.62500
72.058,-96.50000
72.108,-96.37500
72.159,-96.12500
72.210,-96.00000
72.261,-95.75000
72.312,-95.75000
72.362,-95.62500
72.413,-95.62500
72.464,-95.87500
72.514,-95.87500
72.565,-95.50000
72.616,-95.50000
72.666,-95.25000
72.717,-94.75000
72.768,-94.50000
72.819,-94.75000
72.870,-94.87500
72.920,-95.12500
72.971,-95.12500
73.022,-95.12500
73.073,-95.25000
73.124,-94.87500
73.175,-94.87500
73.225,-95.12500
73.276,-95.25000
73.327,-95.12500
73.378,-94.37500
73.429,-94.12500
73.479,-94.37500
73.530,-94.75000
73.581,-94.62500
73.631,-95.00000
73.682,-95.25000
73.733,-95.37500
73.784,-95.50000
73.834,-95.50000
73.885,-95.12500
73.936,-95.12500
73.987,-95.12500
74.038,-94.87500
74.089,-94.75000
74.139,-94.50000
74.190,-94.25000
74.241,-94.12500
74.292,-94.00000
74.342,-93.75000
74.393,-93.75000
74.444,-93.50000
74.495,-93.25000
74.545,-93.12500
74.596,-92.87500
74.647,-92.87500
74.697,-93.12500
74.748,-93.12500
74.799,-92.87500
74.850,-92.87500
74.900,-93.00000
74.951,-92.87500
75.002,-92.87500
75.053,-92.87500
75.106,-93.25000
75.156,-93.50000
75.207,-93.50000
75.258,-93.87500
75.309,-94.12500
75.360,-94.37500
75.414,-94.62500
75.467,-94.87500
75.517,-95.00000
75.571,-95.12500
75.622,-95.37500
75.672,-95.50000
75.723,-95.62500
75.774,-95.75000
75.824,-95.50000
75.875,-95.50000
75.926,-95.50000
75.977,-95.50000
76.027,-95.50000
76.082,-95.37500
76.135,-95.12500
76.185,-94.87500
76.240,-94.37500
76.291,-94.50000
76.341,-94.37500
76.392,-93.87500
76.443,-93.62500
76.494,-93.25000
76.545,-93.37500
76.595,-93.12500
76.646,-92.50000
76.697,-91.87500
76.747,-91.62500
76.798,-92.12500
76.849,-92.25000
76.899,-91.62500
76.950,-91.37500
77.001,-91.62500
77.052,-92.37500
77.103,-92.75000
77.153,-92.87500
77.204,-92.37500
77.255,-92.25000
77.306,-92.62500
77.356,-92.75000
77.407,-93.00000
77.458,-93.25000
77.509,-92.87500
77.560,-92.87500
77.611,-93.37500
77.662,-93.62500
77.712,-93.87500
77.763,-94.00000
77.814,-93.37500
77.864,-93.50000
77.915,-93.12500
77.966,-92.87500
78.018,-93.25000
78.069,-93.25000
78.122,-93.50000
78.174,-93.62500
78.225,-93.50000
78.276,-94.62500
78.326,-94.87500
78.378,-95.00000
78.429,-94.75000
78.480,-94.25000
78.531,-94.37500
78.582,-94.37500
78.633,-94.12500
78.684,-94.37500
78.735,-94.37500
78.785,-94.50000
78.836,-94.87500
78.888,-94.75000
78.939,-94.75000
78.990,-95.00000
79.040,-95.00000
79.091,-95.25000
79.142,-95.75000
79.193,-96.00000
79.243,-96.25000
79.296,-96.37500
79.347,-96.37500
79.400,-96.50000
79.451,-96.25000
79.502,-95.75000
79.552,-95.87500
79.606,-95.62500
79.657,-95.50000
79.708,-95.87500
79.759,-95.87500
79.810,-96.25000
79.860,-96.50000
79.911,-96.87500
79.962,-96.75000
80.012,-96.37500
80.063,-95.75000
80.114,-96.25000
80.165,-95.87500
80.215,-96.25000
80.266,-96.37500
80.317,-96.62500
80.368,-96.37500
80.418,-96.25000
80.469,-96.00000
80.520,-96.12500
80.571,-96.25000
80.621,-96.25000
80.672,-96.25000
80.723,-95.75000
80.774,-95.12500
80.824,-94.87500
80.875,-94.50000
80.926,-94.25000
80.977,-94.37500
81.027,-94.87500
81.078,-94.87500
81.129,-95.00000
81.180,-95.12500
81.230,-95.00000
81.281,-95.00000
81.334,-94.87500
81.385,-94.62500
81.436,-94.75000
81.487,-94.50000
81.537,-94.87500
81.588,-95.25000
81.640,-95.25000
81.691,-95.37500
81.742,-95.50000
81.792,-95.62500
81.843,-96.00000
81.894,-96.12500
81.945,-96.37500
81.995,-96.37500
82.046,-96.25000
82.097,-96.37500
82.148,-96.87500
82.198,-96.87500
82.249,-96.87500
82.300,-96.87500
82.351,-96.87500
82.402,-96.87500
82.452,-96.87500
82.503,-96.87500
82.554,-96.62500
82.605,-96.62500
82.655,-96.62500
82.706,-96.62500
82.757,-97.00000
82.808,-97.00000
82.859,-97.25000
82.909,-97.50000
82.960,-97.62500
83.011,-97.62500
83.062,-97.75000
83.112,-97.62500
83.164,-97.37500
83.214,-97.25000
83.265,-97.12500
83.316,-97.12500
83.367,-97.25000
83.419,-97.37500
83.469,-97.50000
83.520,-97.62500
83.571,-97.62500
83.621,-97.75000
83.672,-97.50000
83.723,-97.25000
83.774,-97.75000
83.824,-97.87500
83.875,-98.12500
83.926,-98.12500
83.977,-97.87500
84.028,-97.37500
84.078,-96.87500
84.129,-96.12500
84.180,-96.12500
84.231,-96.75000
84.281,-96.75000
84.332,-96.75000
84.384,-96.62500
84.435,-96.62500
84.486,-96.50000
84.536,-96.50000
84.587,-96.50000
84.638,-96.62500
84.689,-96.50000
84.740,-96.75000
84.790,-96.87500
84.841,-97.12500
84.892,-96.87500
84.943,-96.87500
84.993,-96.62500
85.044,-96.50000
85.095,-96.62500
85.145,-96.37500
85.196,-96.37500
85.248,-96.12500
85.298,-95.62500
85.349,-95.62500
85.402,-96.00000
85.453,-96.12500
85.504,-96.50000
85.554,-96.37500
85.605,-96.12500
85.656,-96.12500
85.707,-95.62500
85.759,-95.62500
85.810,-95.75000
85.860,-96.00000
85.911,-96.12500
85.962,-96.25000
86.012,-96.12500
86.063,-96.25000
86.114,-96.00000
86.165,-95.12500
86.218,-94.75000
86.268,-94.62500
86.319,-94.87500
86.370,-94.87500
86.421,-94.87500
86.471,-95.00000
86.522,-95.25000
86.574,-95.12500
86.625,-95.25000
86.675,-95.25000
86.726,-95.12500
86.777,-95.37500
86.828,-95.50000
86.879,-95.12500
86.929,-95.12500
86.980,-95.00000
87.031,-95.12500
87.082,-95.37500
87.135,-95.50000
87.185,-95.87500
87.236,-96.25000
87.287,-96.37500
87.338,-96.25000
87.389,-96.50000
87.440,-96.25000
87.490,-96.50000
87.541,-96.62500
87.592,-96.75000
87.642,-97.00000
87.693,-96.75000
87.744,-96.75000
87.795,-96.87500
87.847,-97.12500
87.898,-97.50000
87.949,-97.62500
88.000,-98.00000
88.051,-98.25000
88.102,-98.37500
88.152,-98.62500
88.203,-98.75000
88.254,-98.75000
88.305,-98.62500
88.355,-98.50000
88.406,-98.50000
88.457,-98.37500
88.507,-98.25000
88.558,-98.12500
88.609,-97.87500
88.660,-98.00000
88.710,-98.12500
88.761,-98.12500
88.812,-98.12500
88.864,-97.87500
88.915,-98.00000
88.966,-97.75000
89.017,-97.62500
89.068,-98.12500
89.118,-98.25000
89.169,-98.37500
89.220,-98.62500
89.270,-98.75000
89.321,-98.75000
89.372,-98.75000
89.423,-99.00000
89.473,-99.12500
89.524,-99.37500
89.575,-99.50000
89.626,-99.62500
89.676,-99.75000
89.727,-99.50000
89.780,-99.62500
89.831,-99.37500
89.881,-99.37500
89.932,-99.25000
89.983,-99.25000
90.035,-99.00000
90.086,-99.00000
90.137,-98.87500
90.188,-98.87500
90.238,-98.75000
90.289,-98.50000
90.340,-98.62500
90.391,-98.37500
90.441,-98.25000
90.492,-98.37500
90.543,-98.50000
90.593,-98.37500
90.644,-98.62500
90.695,-98.75000
90.746,-98.87500
90.797,-99.00000
90.848,-99.00000
90.899,-98.87500
90.950,-98.62500
91.001,-98.25000
91.051,-98.12500
91.102,-98.12500
91.153,-98.00000
91.204,-98.37500
91.254,-98.37500
91.305,-98.37500
91.356,-98.50000
91.407,-98.37500
91.457,-98.25000
91.509,-98.37500
91.559,-98.50000
91.610,-98.37500
91.662,-98.37500
91.713,-98.37500
91.764,-98.00000
91.816,-97.87500
91.868,-97.75000
91.919,-97.75000
91.970,-97.62500
92.020,-97.75000
92.071,-98.00000
92.122,-98.12500
92.173,-98.12500
92.223,-98.25000
92.274,-98.37500
92.325,-98.25000
92.375,-98.62500
92.426,-98.62500
92.477,-98.75000
92.528,-98.87500
92.580,-98.75000
92.630,-98.75000
92.681,-99.12500
92.732,-98.87500
92.783,-98.87500
92.833,-98.62500
92.884,-98.50000
92.935,-98.37500
92.986,-98.12500
93.036,-97.87500
93.087,-97.87500
93.138,-98.25000
93.189,-98.12500
93.240,-98.50000
93.292,-98.75000
93.343,-98.75000
93.394,-98.87500
93.444,-98.87500
93.495,-98.50000
93.547,-98.87500
93.597,-98.87500
93.648,-99.00000
93.699,-99.00000
93.750,-98.75000
93.801,-98.87500
93.852,-98.87500
93.902,-98.87500
93.953,-99.00000
94.004,-99.00000
94.054,-99.00000
94.105,-98.87500
94.156,-98.87500
94.207,-98.75000
94.257,-98.75000
94.308,-98.87500
94.359,-98.87500
94.410,-99.12500
94.461,-99.00000
94.511,-99.12500
94.562,-99.00000
94.614,-98.50000
94.665,-98.50000
94.715,-98.75000
94.766,-98.75000
94.817,-99.00000
94.868,-98.87500
94.918,-98.75000
94.969,-98.50000
95.020,-98.50000
95.071,-98.37500
95.121,-98.25000
95.172,-98.50000
95.223,-98.62500
95.273,-98.75000
95.324,-98.87500
95.375,-98.75000
95.426,-98.87500
95.476,-98.87500
95.527,-98.37500
95.579,-99.12500
95.630,-99.12500
95.681,-99.25000
95.732,-99.25000
95.782,-99.00000
95.833,-98.75000
95.884,-98.75000
95.935,-98.87500
95.986,-99.00000
96.037,-99.12500
96.087,-99.00000
96.138,-98.87500
96.189,-99.00000
96.239,-98.75000
96.290,-98.50000
96.341,-98.62500
96.392,-98.62500
96.442,-98.50000
96.493,-98.50000
96.544,-98.37500
96.595,-98.37500
96.647,-98.25000
96.697,-98.00000
96.748,-97.87500
96.799,-98.00000
96.850,-98.12500
96.901,-98.12500
96.951,-98.00000
97.002,-97.87500
97.053,-97.62500
97.103,-97.50000
97.154,-97.62500
97.205,-97.75000
97.256,-97.62500
97.306,-97.37500
97.357,-97.25000
97.408,-96.87500
97.459,-96.62500
97.510,-96.62500
97.561,-96.50000
97.613,-96.25000
97.663,-96.50000
97.714,-96.37500
97.765,-96.25000
97.816,-96.12500
97.867,-95.75000
97.917,-95.75000
97.968,-95.75000
98.019,-95.75000
98.070,-95.87500
98.121,-95.75000
98.171,-95.62500
98.222,-95.50000
98.273,-95.25000
98.324,-95.25000
98.375,-95.25000
98.427,-95.00000
98.480,-95.12500
98.530,-94.87500
98.581,-94.87500
98.632,-95.00000
98.683,-94.75000
98.734,-94.75000
98.784,-94.87500
98.835,-94.87500
98.886,-95.00000
98.937,-94.87500
98.987,-94.87500
99.038,-94.75000
99.089,-94.87500
99.139,-94.50000
99.190,-94.50000
99.241,-94.50000
99.294,-94.37500
99.346,-94.00000
99.396,-93.87500
99.448,-94.00000
99.500,-93.37500
99.551,-93.00000
99.602,-93.00000
99.652,-92.75000
99.703,-92.12500
99.754,-92.00000
99.805,-91.87500
99.855,-92.00000
99.906,-92.00000
99.957,-92.50000
