time(s),mvs
0.000,-156.50000
0.051,-156.87500
0.101,-156.75000
0.152,-156.50000
0.203,-156.75000
0.253,-157.00000
0.304,-156.87500
0.355,-156.87500
0.405,-156.87500
0.456,-156.50000
0.507,-157.00000
0.557,-157.25000
0.608,-157.25000
0.659,-157.12500
0.709,-157.25000
0.760,-157.25000
0.811,-157.62500
0.861,-157.87500
0.912,-157.62500
0.963,-157.75000
1.013,-158.00000
1.064,-157.75000
1.115,-157.75000
1.165,-157.50000
1.216,-157.25000
1.267,-157.37500
1.317,-157.12500
1.368,-156.50000
1.419,-156.37500
1.469,-156.50000
1.520,-156.25000
1.571,-156.25000
1.621,-155.87500
1.739,-155.62500
1.790,-155.37500
1.841,-155.25000
1.891,-155.25000
1.942,-154.75000
1.993,-154.37500
2.043,-154.62500
2.094,-154.37500
2.145,-154.00000
2.195,-153.62500
2.246,-152.87500
2.297,-151.75000
2.347,-150.00000
2.398,-147.50000
2.449,-144.50000
2.499,-141.87500
2.550,-139.00000
2.601,-136.75000
2.651,-134.50000
2.702,-132.62500
2.753,-130.62500
2.803,-129.37500
2.854,-127.37500
2.905,-125.25000
2.956,-123.50000
3.006,-120.75000
3.057,-118.62500
3.108,-116.25000
3.158,-114.12500
3.209,-110.62500
3.260,-107.50000
3.310,-103.50000
3.361,-99.00000
3.412,-95.25000
3.462,-91.37500
3.513,-88.62500
3.564,-85.62500
3.614,-83.12500
3.665,-81.12500
3.716,-80.12500
3.766,-79.00000
3.817,-78.12500
3.868,-78.37500
3.918,-79.25000
3.969,-80.37500
4.020,-81.50000
4.070,-78.50000
4.121,-67.37500
4.172,-57.87500
4.222,-52.00000
4.273,-49.37500
4.324,-49.37500
4.374,-50.37500
4.425,-52.87500
4.476,-56.37500
4.526,-59.00000
4.577,-61.62500
4.628,-63.12500
4.678,-63.12500
4.729,-62.25000
4.780,-61.25000
4.830,-60.50000
4.881,-60.00000
4.932,-59.87500
4.982,-58.75000
5.033,-57.75000
5.084,-57.50000
5.134,-56.62500
5.185,-55.62500
5.236,-54.50000
5.286,-53.25000
5.337,-52.62500
5.388,-52.87500
5.438,-52.62500
5.489,-51.87500
5.539,-51.12500
5.590,-49.75000
5.641,-48.87500
5.691,-48.12500
5.742,-47.37500
5.793,-47.25000
5.843,-47.25000
5.894,-45.87500
5.945,-43.87500
5.995,-42.62500
6.046,-40.75000
6.096,-39.37500
6.147,-38.12500
6.198,-36.62500
6.248,-35.25000
6.299,-34.62500
6.350,-33.75000
6.400,-32.87500
6.451,-32.50000
6.502,-31.87500
6.552,-31.62500
6.603,-30.87500
6.654,-29.87500
6.704,-29.12500
6.755,-29.00000
6.805,-28.12500
6.856,-27.50000
6.907,-27.00000
6.957,-26.25000
7.008,-25.87500
7.059,-25.37500
7.109,-24.62500
7.160,-24.37500
7.211,-24.37500
7.261,-23.75000
7.312,-23.50000
7.363,-23.25000
7.413,-22.75000
7.464,-22.50000
7.514,-22.00000
7.565,-21.00000
7.616,-20.62500
7.666,-20.50000
7.717,-19.87500
7.768,-19.62500
7.818,-19.25000
7.869,-18.75000
7.920,-18.37500
7.970,-18.62500
8.021,-18.12500
8.072,-18.00000
8.122,-18.00000
8.173,-17.50000
8.223,-17.50000
8.274,-17.50000
8.325,-17.12500
8.375,-17.00000
8.426,-17.37500
8.477,-17.12500
8.527,-17.25000
8.578,-17.62500
8.629,-17.50000
8.679,-18.00000
8.730,-18.25000
8.781,-18.12500
8.831,-18.50000
8.882,-19.00000
8.932,-19.25000
8.983,-19.50000
9.034,-19.75000
9.084,-20.12500
9.135,-20.75000
9.186,-21.12500
9.236,-21.12500
9.287,-21.50000
9.338,-22.12500
9.388,-22.50000
9.439,-23.12500
9.490,-23.50000
9.540,-24.00000
9.591,-24.87500
9.642,-25.37500
9.692,-25.62500
9.743,-26.37500
9.794,-27.00000
9.845,-27.50000
9.895,-28.12500
9.946,-28.75000
9.997,-29.12500
10.047,-30.00000
10.098,-30.50000
10.149,-30.75000
10.199,-31.37500
10.250,-32.25000
10.301,-32.75000
10.351,-33.50000
10.402,-34.25000
10.453,-34.62500
10.503,-35.12500
10.554,-36.25000
10.605,-36.50000
10.655,-37.37500
10.706,-38.12500
10.757,-38.62500
10.807,-39.50000
10.858,-40.37500
10.909,-40.50000
10.960,-41.25000
11.010,-42.12500
11.061,-42.75000
11.111,-43.25000
11.162,-43.87500
11.213,-44.37500
11.263,-45.37500
11.314,-46.12500
11.365,-46.25000
11.415,-47.00000
11.466,-47.87500
11.517,-48.37500
11.567,-49.00000
11.618,-49.62500
11.669,-49.87500
11.719,-50.75000
11.770,-51.25000
11.821,-51.50000
11.871,-52.12500
11.922,-52.87500
11.973,-53.25000
12.023,-53.87500
12.074,-54.62500
12.125,-54.62500
12.175,-55.50000
12.226,-56.00000
12.277,-56.00000
12.327,-56.62500
12.378,-57.25000
12.429,-57.62500
12.479,-58.25000
12.530,-58.87500
12.581,-59.00000
12.631,-59.62500
12.682,-60.12500
12.733,-60.37500
12.783,-60.87500
12.834,-61.25000
12.884,-61.62500
12.935,-62.37500
12.986,-62.75000
13.037,-62.62500
13.087,-63.25000
13.138,-63.75000
13.189,-64.12500
13.239,-64.62500
13.290,-65.00000
13.341,-65.25000
13.391,-65.87500
13.442,-66.25000
13.492,-66.25000
13.543,-66.62500
13.594,-67.12500
13.644,-67.37500
13.695,-67.75000
13.746,-68.00000
13.796,-68.25000
13.847,-68.87500
13.898,-69.12500
13.948,-69.00000
13.999,-69.50000
14.050,-69.87500
14.100,-70.12500
14.151,-70.50000
14.202,-71.00000
14.252,-70.87500
14.303,-71.50000
14.354,-71.75000
14.404,-71.62500
14.455,-72.00000
14.506,-72.25000
14.557,-72.37500
14.607,-72.75000
14.658,-73.12500
14.709,-72.87500
14.759,-73.25000
14.810,-73.62500
14.861,-73.62500
14.911,-74.12500
14.962,-74.12500
15.013,-74.50000
15.063,-75.00000
15.114,-75.25000
15.165,-75.12500
15.215,-75.37500
15.266,-75.75000
15.317,-75.87500
15.367,-76.25000
15.418,-76.25000
15.469,-76.50000
15.520,-77.12500
15.570,-77.12500
15.621,-77.12500
15.672,-77.37500
15.722,-77.75000
15.773,-77.75000
15.824,-78.12500
15.874,-78.37500
15.925,-78.12500
15.976,-78.75000
16.027,-78.87500
16.077,-78.75000
16.128,-79.00000
16.179,-79.12500
16.229,-79.25000
16.280,-79.62500
16.330,-80.00000
16.381,-79.75000
16.432,-80.00000
16.482,-80.37500
16.533,-80.25000
16.584,-80.50000
16.634,-80.50000
16.685,-80.62500
16.736,-81.00000
16.787,-81.12500
16.837,-80.87500
16.888,-81.00000
16.939,-81.37500
16.989,-81.37500
17.040,-81.62500
17.091,-81.50000
17.141,-81.62500
17.192,-82.00000
17.243,-82.25000
17.293,-82.00000
17.344,-82.12500
17.395,-82.50000
17.445,-82.50000
17.496,-82.75000
17.547,-82.87500
17.598,-82.62500
17.648,-83.25000
17.699,-83.25000
17.750,-83.00000
17.800,-83.25000
17.851,-83.50000
17.902,-83.37500
17.953,-83.75000
18.004,-84.00000
18.054,-83.62500
18.105,-83.87500
18.156,-84.25000
18.206,-84.25000
18.257,-84.37500
18.308,-84.50000
18.358,-84.37500
18.409,-84.75000
18.460,-84.87500
18.510,-84.75000
18.561,-84.75000
18.612,-85.12500
18.662,-85.12500
18.713,-85.25000
18.764,-85.50000
18.814,-85.25000
18.865,-85.62500
18.916,-85.62500
18.966,-85.37500
19.017,-85.37500
19.068,-85.87500
19.118,-85.87500
19.169,-86.00000
19.220,-86.25000
19.270,-86.00000
19.321,-86.50000
19.372,-86.50000
19.422,-86.37500
19.473,-86.37500
19.523,-86.62500
19.574,-86.75000
19.625,-86.75000
19.675,-87.00000
19.726,-86.62500
19.777,-86.87500
19.827,-87.25000
19.878,-87.00000
19.929,-87.12500
19.979,-87.25000
20.030,-87.25000
20.081,-87.62500
20.131,-87.87500
20.182,-87.50000
20.232,-87.62500
20.283,-88.00000
20.334,-87.87500
20.384,-88.00000
20.435,-88.12500
20.486,-88.12500
20.536,-88.50000
20.587,-88.50000
20.638,-88.12500
20.688,-88.37500
20.739,-88.62500
20.790,-88.37500
20.840,-88.75000
20.891,-88.75000
20.941,-88.62500
20.992,-89.12500
21.043,-89.25000
21.093,-88.75000
21.144,-88.87500
21.195,-89.00000
21.245,-89.12500
21.296,-89.37500
21.347,-89.25000
21.397,-89.25000
21.448,-89.62500
21.498,-89.62500
21.549,-89.25000
21.600,-89.50000
21.650,-89.62500
21.701,-89.62500
21.752,-89.87500
21.802,-89.62500
21.853,-89.62500
21.904,-90.00000
21.954,-90.12500
22.005,-90.00000
22.055,-90.12500
22.106,-90.12500
22.157,-90.12500
22.207,-90.50000
22.258,-90.50000
22.309,-90.25000
22.359,-90.62500
22.410,-90.62500
22.461,-90.37500
22.511,-90.62500
22.562,-90.75000
22.612,-90.62500
22.663,-91.00000
22.714,-91.00000
22.764,-90.62500
22.815,-91.12500
22.866,-91.12500
22.916,-90.87500
22.967,-91.12500
23.018,-91.00000
23.068,-90.87500
23.119,-91.50000
23.170,-91.37500
23.220,-91.12500
23.271,-91.50000
23.321,-91.37500
23.372,-91.25000
23.423,-91.50000
23.473,-91.25000
23.524,-91.37500
23.575,-91.75000
23.625,-91.75000
23.676,-91.50000
23.727,-91.50000
23.777,-91.75000
23.828,-91.75000
23.879,-92.00000
23.930,-91.75000
23.980,-91.62500
24.031,-92.12500
24.082,-92.12500
24.132,-91.87500
24.183,-92.12500
24.234,-92.25000
24.285,-92.25000
24.335,-92.50000
24.386,-92.62500
24.437,-92.25000
24.487,-92.75000
24.538,-92.62500
24.589,-92.50000
24.640,-92.50000
24.691,-92.37500
24.741,-92.37500
24.792,-92.62500
24.843,-92.75000
24.893,-92.62500
24.944,-92.62500
24.995,-92.75000
25.046,-92.75000
25.096,-92.87500
25.147,-92.87500
25.198,-92.75000
25.248,-93.12500
25.299,-93.12500
25.350,-92.62500
25.401,-92.87500
25.451,-93.00000
25.502,-93.00000
25.553,-93.12500
25.603,-93.25000
25.654,-92.87500
25.705,-93.37500
25.756,-93.37500
25.806,-93.12500
25.857,-93.12500
25.908,-93.12500
25.958,-93.25000
26.009,-93.50000
26.060,-93.50000
26.111,-93.25000
26.161,-93.25000
26.212,-93.50000
26.263,-93.50000
26.313,-93.50000
26.364,-93.50000
26.415,-93.37500
26.466,-93.75000
26.516,-93.62500
26.567,-93.37500
26.618,-93.50000
26.668,-93.62500
26.719,-93.50000
26.770,-93.75000
26.821,-93.87500
26.871,-93.62500
26.922,-93.87500
26.973,-94.00000
27.023,-93.62500
27.074,-93.75000
27.125,-94.00000
27.176,-93.87500
27.226,-94.00000
27.277,-94.12500
27.328,-93.75000
27.378,-93.62500
27.429,-94.00000
27.480,-94.12500
27.531,-93.75000
27.581,-94.00000
27.632,-93.87500
27.683,-94.25000
27.733,-94.37500
27.784,-94.00000
27.835,-94.12500
27.886,-94.37500
27.936,-94.37500
27.987,-94.25000
28.038,-94.37500
28.089,-94.12500
28.139,-94.37500
28.190,-94.37500
28.241,-94.00000
28.291,-94.12500
28.342,-94.37500
28.393,-94.37500
28.444,-94.37500
28.494,-94.62500
28.545,-94.25000
28.596,-94.12500
28.646,-94.62500
28.697,-94.62500
28.748,-94.50000
28.799,-94.62500
28.849,-94.50000
28.900,-94.62500
28.951,-94.75000
29.002,-94.50000
29.052,-94.37500
29.103,-94.75000
29.154,-94.75000
29.204,-94.50000
29.255,-94.75000
29.306,-94.62500
29.357,-94.50000
29.407,-95.00000
29.458,-94.50000
29.509,-94.50000
29.559,-94.87500
29.610,-94.75000
29.661,-94.75000
29.712,-94.87500
29.762,-94.87500
29.813,-94.75000
29.864,-95.12500
29.915,-95.00000
29.965,-94.75000
30.016,-95.12500
30.067,-95.00000
30.117,-94.87500
30.168,-95.12500
30.219,-94.87500
30.270,-94.75000
30.320,-95.12500
30.371,-95.12500
30.422,-95.00000
30.472,-95.00000
30.523,-95.12500
30.574,-95.00000
30.624,-95.25000
30.675,-95.00000
30.726,-95.00000
30.776,-95.25000
30.827,-95.25000
30.878,-95.00000
30.928,-95.25000
30.979,-95.12500
31.030,-95.12500
31.080,-95.37500
31.131,-95.12500
31.182,-95.00000
31.232,-95.50000
31.283,-95.37500
31.333,-95.25000
31.384,-95.37500
31.435,-95.25000
31.485,-95.25000
31.536,-95.50000
31.587,-95.62500
31.637,-95.25000
31.688,-95.62500
31.739,-95.50000
31.789,-95.50000
31.840,-95.50000
31.891,-95.37500
31.942,-95.50000
31.992,-95.62500
32.043,-95.62500
32.093,-95.50000
32.144,-95.50000
32.195,-95.75000
32.245,-95.50000
32.296,-95.75000
32.347,-95.50000
32.397,-95.50000
32.448,-95.87500
32.499,-96.00000
32.549,-95.75000
32.600,-95.87500
32.651,-95.87500
32.701,-95.87500
32.752,-96.12500
32.803,-95.87500
32.853,-95.75000
32.904,-96.12500
32.954,-96.00000
33.005,-95.75000
33.056,-95.87500
33.106,-95.87500
33.157,-96.12500
33.208,-96.25000
33.258,-95.75000
33.309,-95.75000
33.359,-96.25000
33.410,-96.12500
33.461,-96.00000
33.511,-96.00000
33.562,-96.00000
33.613,-96.00000
33.663,-96.25000
33.714,-95.87500
33.765,-96.00000
33.815,-96.25000
33.866,-96.25000
33.917,-96.00000
33.967,-96.25000
34.018,-96.12500
34.068,-96.00000
34.119,-96.50000
34.170,-96.12500
34.220,-96.12500
34.271,-96.37500
34.322,-96.37500
34.372,-96.37500
34.423,-96.50000
34.473,-96.12500
34.524,-96.25000
34.575,-96.50000
34.625,-96.12500
34.676,-96.25000
34.727,-96.37500
34.777,-96.37500
34.828,-96.25000
34.879,-96.37500
34.929,-96.12500
34.980,-96.12500
35.031,-96.50000
35.081,-96.50000
35.132,-96.12500
35.182,-96.50000
35.233,-96.25000
35.284,-96.37500
35.334,-96.62500
35.385,-96.37500
35.436,-96.37500
35.486,-96.62500
35.537,-96.75000
35.588,-96.50000
35.638,-96.62500
35.689,-96.62500
35.740,-96.62500
35.790,-96.75000
35.841,-96.37500
35.892,-96.37500
35.942,-96.75000
35.993,-96.62500
36.043,-96.50000
36.094,-96.62500
36.145,-96.62500
36.195,-96.75000
36.246,-96.87500
36.297,-96.62500
36.347,-96.62500
36.398,-96.75000
36.448,-96.75000
36.499,-96.50000
36.550,-96.75000
36.600,-96.75000
36.651,-96.87500
36.702,-97.00000
36.752,-96.50000
36.803,-96.50000
36.854,-97.00000
36.904,-96.75000
36.955,-96.75000
37.006,-97.00000
37.056,-96.75000
37.107,-96.62500
37.157,-97.12500
37.208,-96.75000
37.259,-96.75000
37.309,-97.12500
37.360,-97.00000
37.411,-97.00000
37.461,-97.12500
37.512,-96.87500
37.562,-96.75000
37.613,-97.12500
37.664,-96.75000
37.714,-97.00000
37.765,-97.00000
37.816,-97.12500
37.866,-97.12500
37.917,-97.25000
37.968,-96.87500
38.018,-96.75000
38.069,-97.25000
38.119,-96.75000
38.170,-97.00000
38.221,-97.12500
38.271,-97.00000
38.322,-97.25000
38.373,-97.25000
38.423,-97.00000
38.474,-97.00000
38.525,-97.25000
38.575,-97.12500
38.626,-97.00000
38.677,-97.12500
38.727,-97.00000
38.778,-97.25000
38.829,-97.37500
38.879,-97.00000
38.930,-97.00000
38.981,-97.25000
39.031,-97.12500
39.082,-97.12500
39.132,-97.25000
39.183,-97.12500
39.234,-97.37500
39.284,-97.50000
39.335,-97.25000
39.386,-97.12500
39.436,-97.50000
39.487,-97.37500
39.538,-97.37500
39.588,-97.50000
39.639,-97.25000
39.690,-97.50000
39.740,-97.62500
39.791,-97.25000
39.841,-97.25000
39.892,-97.50000
39.943,-97.37500
39.993,-97.62500
40.044,-97.75000
40.095,-97.50000
40.145,-97.62500
40.196,-97.62500
40.247,-97.37500
40.297,-97.50000
40.348,-97.62500
40.398,-97.50000
40.449,-97.75000
40.500,-97.87500
40.550,-97.37500
40.601,-97.75000
40.652,-97.75000
40.702,-97.50000
40.753,-97.50000
40.804,-97.62500
40.854,-97.50000
40.905,-97.75000
40.956,-97.87500
41.006,-97.50000
41.057,-97.62500
41.107,-97.75000
41.158,-97.62500
41.209,-97.75000
41.259,-97.62500
41.310,-97.62500
41.361,-97.87500
41.411,-97.87500
41.462,-97.62500
41.513,-97.62500
41.563,-98.00000
41.614,-97.75000
41.665,-97.87500
41.715,-97.87500
41.766,-97.75000
41.817,-98.12500
41.867,-98.12500
41.918,-97.75000
41.968,-97.75000
42.019,-98.00000
42.070,-97.87500
42.120,-98.00000
42.171,-97.87500
42.222,-97.87500
42.272,-98.12500
42.323,-98.00000
42.373,-97.75000
42.424,-97.87500
42.475,-98.00000
42.525,-98.00000
42.576,-98.25000
42.627,-98.00000
42.677,-97.87500
42.728,-98.25000
42.779,-98.25000
42.829,-98.00000
42.880,-98.12500
42.931,-98.25000
42.981,-98.00000
43.032,-98.25000
43.083,-98.37500
43.133,-98.00000
43.184,-98.25000
43.235,-98.37500
43.286,-97.87500
43.336,-98.12500
43.387,-98.12500
43.438,-98.12500
43.488,-98.50000
43.539,-98.50000
43.590,-98.12500
43.641,-98.12500
43.691,-98.37500
43.742,-98.25000
43.793,-98.37500
43.843,-98.12500
43.894,-98.12500
43.945,-98.50000
43.996,-98.37500
44.046,-98.12500
44.097,-98.12500
44.148,-98.37500
44.198,-98.37500
44.249,-98.37500
44.300,-98.50000
44.351,-98.25000
44.401,-98.62500
44.452,-98.62500
44.503,-98.25000
44.554,-98.25000
44.604,-98.37500
44.655,-98.37500
44.706,-98.62500
44.756,-98.62500
44.807,-98.25000
44.858,-98.37500
44.909,-98.62500
44.959,-98.50000
45.010,-98.50000
45.061,-98.50000
45.112,-98.37500
45.163,-98.50000
45.213,-98.62500
45.264,-98.25000
45.314,-98.12500
45.365,-98.62500
45.416,-98.50000
45.466,-98.50000
45.517,-98.62500
45.568,-98.37500
45.618,-98.75000
45.669,-98.75000
45.720,-98.37500
45.770,-98.50000
45.821,-98.62500
45.871,-98.62500
45.922,-98.75000
45.973,-98.87500
46.023,-98.50000
46.074,-98.75000
46.125,-98.87500
46.175,-98.37500
46.226,-98.50000
46.276,-98.87500
46.327,-98.50000
46.378,-98.75000
46.428,-99.00000
46.479,-98.50000
46.530,-99.00000
46.580,-98.87500
46.631,-98.62500
46.682,-98.62500
46.732,-98.75000
46.783,-98.75000
46.833,-98.87500
46.884,-99.00000
46.935,-98.62500
46.985,-98.62500
47.036,-99.00000
47.087,-98.75000
47.137,-98.75000
47.188,-98.75000
47.239,-98.75000
47.289,-99.00000
47.340,-99.00000
47.390,-98.75000
47.441,-98.75000
47.492,-99.25000
47.542,-98.75000
47.593,-98.87500
47.644,-99.00000
47.694,-98.87500
47.745,-99.00000
47.796,-99.12500
47.846,-98.75000
47.897,-98.75000
47.947,-99.12500
47.998,-98.75000
48.049,-98.87500
48.099,-98.87500
48.150,-98.87500
48.201,-99.25000
48.251,-99.12500
48.302,-98.87500
48.352,-98.75000
48.403,-99.12500
48.454,-99.00000
48.505,-99.00000
48.555,-99.00000
48.606,-99.00000
48.657,-99.12500
48.708,-99.25000
48.758,-98.87500
48.809,-99.00000
48.860,-99.12500
48.910,-99.12500
48.961,-99.37500
49.012,-99.37500
49.063,-99.00000
49.113,-99.00000
49.164,-99.37500
49.215,-99.00000
49.266,-99.00000
49.316,-99.12500
49.367,-99.12500
49.418,-99.37500
49.468,-99.37500
49.519,-99.12500
49.570,-99.00000
49.621,-99.37500
49.671,-99.25000
49.722,-99.12500
49.773,-99.37500
49.824,-99.12500
49.874,-99.50000
49.925,-99.50000
49.976,-99.00000
50.026,-99.12500
50.077,-99.37500
50.128,-99.25000
50.179,-99.25000
50.229,-99.37500
50.280,-99.25000
50.331,-99.12500
50.381,-99.50000
50.432,-99.25000
50.483,-99.25000
50.534,-99.50000
50.584,-99.37500
50.635,-99.37500
50.686,-99.50000
50.736,-99.25000
50.787,-99.37500
50.838,-99.62500
50.889,-99.75000
50.939,-99.37500
50.990,-99.50000
51.041,-99.37500
51.092,-99.62500
51.142,-99.62500
51.193,-99.37500
51.244,-99.25000
51.294,-99.62500
51.345,-99.62500
51.396,-99.50000
51.447,-99.62500
51.497,-99.50000
51.548,-99.50000
51.599,-99.75000
51.649,-99.87500
51.700,-99.50000
51.751,-99.75000
51.802,-99.62500
51.852,-99.50000
51.903,-99.62500
51.954,-99.50000
52.004,-99.37500
52.055,-99.87500
52.106,-99.87500
52.157,-99.37500
52.207,-99.62500
52.258,-99.75000
52.309,-99.62500
52.360,-99.75000
52.410,-99.50000
52.461,-99.62500
52.512,-100.00000
52.562,-100.00000
52.613,-99.50000
52.664,-99.62500
52.715,-99.75000
52.765,-99.75000
52.816,-100.00000
52.867,-100.12500
52.917,-99.50000
52.968,-100.00000
53.019,-100.00000
53.070,-99.75000
53.120,-99.87500
53.171,-99.75000
53.222,-99.62500
53.273,-100.00000
53.323,-100.12500
53.374,-99.87500
53.425,-100.00000
53.475,-100.12500
53.526,-100.12500
53.577,-100.12500
53.628,-100.12500
53.678,-100.00000
53.729,-100.37500
53.780,-100.37500
53.830,-100.00000
53.881,-100.00000
53.932,-100.12500
53.983,-99.87500
54.033,-100.12500
54.084,-100.25000
54.135,-99.87500
54.186,-100.25000
54.236,-100.25000
54.287,-99.87500
54.338,-100.00000
54.388,-100.25000
54.439,-100.12500
54.490,-100.25000
54.541,-100.37500
54.591,-100.00000
54.642,-100.00000
54.693,-100.37500
54.743,-100.25000
54.794,-100.12500
54.845,-100.25000
54.896,-100.00000
54.946,-100.25000
54.997,-100.37500
55.048,-100.00000
55.099,-100.00000
55.149,-100.37500
55.200,-100.25000
55.251,-100.25000
55.301,-100.37500
55.352,-100.12500
55.403,-100.50000
55.454,-100.37500
55.504,-100.00000
55.555,-100.12500
55.606,-100.37500
55.656,-100.25000
55.707,-100.37500
55.758,-100.50000
55.809,-100.12500
55.859,-100.12500
55.910,-100.50000
55.961,-100.50000
56.011,-100.12500
56.062,-100.50000
56.113,-100.37500
56.164,-100.50000
56.214,-100.75000
56.265,-100.37500
56.316,-100.37500
56.366,-100.75000
56.417,-100.50000
56.468,-100.37500
56.519,-100.50000
56.569,-100.25000
56.620,-100.37500
56.671,-100.62500
56.722,-100.25000
56.772,-100.25000
56.823,-100.75000
56.874,-100.62500
56.924,-100.50000
56.975,-100.62500
57.026,-100.50000
57.077,-100.25000
57.127,-100.75000
57.178,-100.75000
57.229,-100.37500
57.279,-100.62500
57.330,-100.62500
57.381,-100.50000
57.431,-100.75000
57.482,-100.50000
57.533,-100.37500
57.583,-100.87500
57.634,-100.75000
57.685,-100.50000
57.735,-100.50000
57.786,-100.75000
57.836,-100.75000
57.887,-101.00000
57.938,-100.62500
57.988,-100.62500
58.039,-101.00000
58.090,-101.00000
58.140,-100.75000
58.191,-100.87500
58.242,-100.87500
58.292,-100.87500
58.343,-101.12500
58.394,-100.87500
58.444,-100.87500
58.495,-101.00000
58.545,-101.00000
58.596,-100.75000
58.647,-100.87500
58.697,-100.87500
58.748,-100.75000
58.799,-101.12500
58.849,-100.87500
58.900,-100.75000
58.951,-101.12500
59.001,-101.00000
59.052,-101.00000
59.103,-101.12500
59.153,-101.00000
59.204,-100.87500
59.255,-101.25000
59.305,-101.00000
59.356,-100.87500
59.407,-101.12500
59.457,-101.12500
59.508,-101.00000
59.558,-101.25000
59.609,-101.00000
59.660,-100.87500
59.710,-101.37500
59.761,-101.37500
59.812,-100.87500
59.862,-101.25000
59.913,-101.00000
59.964,-101.12500
60.014,-101.25000
60.065,-101.12500
60.116,-101.00000
60.166,-101.37500
60.217,-101.50000
60.267,-101.00000
60.318,-101.37500
60.369,-101.25000
60.419,-101.25000
60.470,-101.37500
60.521,-101.12500
60.571,-101.00000
60.622,-101.50000
60.673,-101.37500
60.723,-101.00000
60.774,-101.37500
60.824,-101.25000
60.875,-101.50000
60.926,-101.50000
60.976,-101.12500
61.027,-101.12500
61.078,-101.37500
61.128,-101.37500
61.179,-101.12500
61.230,-101.37500
61.280,-101.37500
61.331,-101.37500
61.381,-101.50000
61.432,-101.12500
61.483,-101.00000
61.533,-101.50000
61.584,-101.25000
61.635,-101.25000
61.685,-101.50000
61.736,-101.37500
61.787,-101.75000
61.837,-101.62500
61.888,-101.25000
61.938,-101.25000
61.989,-101.62500
62.040,-101.37500
62.090,-101.37500
62.141,-101.62500
62.192,-101.37500
62.242,-101.62500
62.293,-101.62500
62.344,-101.25000
62.394,-101.37500
62.445,-101.62500
62.496,-101.37500
62.546,-101.62500
62.597,-101.75000
62.647,-101.37500
62.698,-101.25000
62.749,-101.75000
62.799,-101.37500
62.850,-101.50000
62.901,-101.62500
62.951,-101.50000
63.002,-101.62500
63.053,-101.75000
63.103,-101.50000
63.154,-101.50000
63.205,-101.62500
63.255,-101.37500
63.306,-101.50000
63.356,-101.62500
63.407,-101.62500
63.458,-101.75000
63.508,-101.75000
63.559,-101.50000
63.610,-101.50000
63.660,-101.87500
63.711,-101.87500
63.762,-101.75000
63.812,-101.75000
63.863,-101.75000
63.913,-101.87500
63.964,-102.00000
64.015,-101.75000
64.065,-101.62500
64.116,-102.00000
64.167,-101.75000
64.217,-101.75000
64.268,-101.75000
64.318,-101.75000
64.369,-102.00000
64.420,-102.00000
64.471,-101.62500
64.521,-101.62500
64.572,-102.00000
64.622,-101.87500
64.673,-101.87500
64.724,-102.00000
64.774,-101.87500
64.825,-102.12500
64.876,-102.12500
64.926,-101.87500
64.977,-101.87500
65.028,-102.00000
65.078,-102.00000
65.129,-102.00000
65.179,-102.12500
65.230,-101.75000
65.281,-102.12500
65.331,-102.12500
65.382,-101.75000
65.433,-101.75000
65.483,-102.00000
65.534,-101.75000
65.585,-102.12500
65.635,-102.25000
65.686,-101.87500
65.737,-102.37500
65.787,-102.25000
65.838,-102.00000
65.888,-102.00000
65.939,-102.12500
65.990,-102.00000
66.040,-102.12500
66.091,-102.25000
66.142,-101.75000
66.192,-101.75000
66.243,-102.12500
66.293,-101.87500
66.344,-102.00000
66.395,-102.12500
66.445,-102.00000
66.496,-102.25000
66.547,-102.37500
66.597,-102.12500
66.648,-102.00000
66.699,-102.37500
66.749,-102.12500
66.800,-102.25000
66.850,-102.25000
66.901,-102.12500
66.952,-102.37500
67.002,-102.50000
67.053,-102.12500
67.104,-102.12500
67.154,-102.37500
67.205,-102.12500
67.256,-102.37500
67.306,-102.25000
67.357,-102.25000
67.407,-102.62500
67.458,-102.62500
67.509,-102.25000
67.559,-102.25000
67.610,-102.50000
67.661,-102.37500
67.711,-102.50000
67.762,-102.37500
67.813,-102.25000
67.863,-102.62500
67.914,-102.62500
67.964,-102.25000
68.015,-102.25000
68.066,-102.50000
68.116,-102.37500
68.167,-102.50000
68.218,-102.37500
68.268,-102.37500
68.319,-102.75000
68.369,-102.75000
68.420,-102.37500
68.471,-102.50000
68.521,-102.50000
68.572,-102.50000
68.623,-102.62500
68.673,-102.50000
68.724,-102.25000
68.775,-102.62500
68.825,-102.75000
68.876,-102.25000
68.927,-102.37500
68.977,-102.50000
69.028,-102.37500
69.078,-102.75000
69.129,-102.75000
69.180,-102.37500
69.230,-102.75000
69.281,-102.75000
69.332,-102.50000
69.382,-102.62500
69.433,-102.75000
69.484,-102.62500
69.534,-102.75000
69.585,-102.75000
69.636,-102.50000
69.686,-102.75000
69.737,-102.75000
69.788,-102.37500
69.838,-102.62500
69.889,-102.62500
69.939,-102.50000
69.990,-102.87500
70.041,-102.87500
70.091,-102.62500
70.142,-102.50000
70.193,-102.75000
70.243,-102.75000
70.294,-102.75000
70.345,-102.75000
70.395,-102.62500
70.446,-103.00000
70.496,-103.00000
70.547,-102.62500
70.598,-102.62500
70.648,-102.87500
70.699,-102.62500
70.750,-102.87500
70.800,-102.75000
70.851,-102.62500
70.902,-103.00000
70.952,-103.00000
71.003,-102.50000
71.054,-102.62500
71.104,-102.75000
71.155,-102.75000
71.205,-103.00000
71.256,-102.62500
71.307,-102.75000
71.357,-103.12500
71.408,-103.00000
71.459,-102.87500
71.509,-102.87500
71.560,-103.12500
71.611,-103.00000
71.661,-103.12500
71.712,-102.87500
71.763,-102.75000
71.813,-103.12500
71.864,-103.12500
71.914,-102.87500
71.965,-103.00000
72.016,-103.12500
72.066,-102.87500
72.117,-103.12500
72.168,-102.87500
72.218,-102.87500
72.269,-103.12500
72.320,-103.25000
72.370,-103.12500
72.421,-103.00000
72.471,-103.12500
72.522,-103.00000
72.573,-103.25000
72.623,-103.37500
72.674,-103.00000
72.725,-103.37500
72.775,-103.25000
72.826,-103.12500
72.877,-103.25000
72.927,-103.12500
72.978,-103.00000
73.028,-103.37500
73.079,-103.37500
73.130,-103.12500
73.180,-103.50000
73.231,-103.37500
73.282,-103.12500
73.332,-103.37500
73.383,-103.25000
73.434,-103.25000
73.484,-103.62500
73.535,-103.50000
73.585,-103.12500
73.636,-103.50000
73.687,-103.25000
73.737,-103.25000
73.788,-103.50000
73.839,-103.25000
73.889,-103.25000
73.940,-103.62500
73.991,-103.50000
74.041,-103.25000
74.092,-103.37500
74.142,-103.37500
74.193,-103.50000
74.244,-103.50000
74.294,-103.37500
74.345,-103.25000
74.396,-103.50000
74.446,-103.62500
74.497,-103.25000
74.548,-103.50000
74.598,-103.37500
74.649,-103.50000
74.699,-103.62500
74.750,-103.37500
74.801,-103.25000
74.851,-103.62500
74.902,-103.62500
74.953,-103.37500
75.003,-103.50000
75.054,-103.50000
75.105,-103.50000
75.155,-103.75000
75.206,-103.37500
75.256,-103.37500
75.307,-103.75000
75.358,-103.62500
75.408,-103.37500
75.459,-103.75000
75.510,-103.50000
75.560,-103.50000
75.611,-103.87500
75.662,-103.50000
75.712,-103.37500
75.763,-103.75000
75.813,-103.75000
75.864,-103.62500
75.915,-103.75000
75.965,-103.50000
76.016,-103.50000
76.067,-103.75000
76.117,-103.50000
76.168,-103.62500
76.219,-103.75000
76.269,-103.75000
76.320,-103.75000
76.370,-103.87500
76.421,-103.50000
76.472,-103.37500
76.522,-103.75000
76.573,-103.75000
76.624,-103.37500
76.674,-103.75000
76.725,-103.50000
76.776,-103.62500
76.826,-104.00000
76.877,-103.62500
76.927,-103.50000
76.978,-104.00000
77.029,-103.87500
77.079,-103.75000
77.130,-104.00000
77.181,-103.75000
77.231,-104.00000
77.282,-104.12500
77.333,-103.50000
77.383,-103.62500
77.434,-104.00000
77.485,-103.87500
77.535,-103.75000
77.586,-103.87500
77.636,-103.75000
77.687,-104.00000
77.738,-104.12500
77.788,-103.75000
77.839,-103.87500
77.890,-104.12500
77.940,-104.00000
77.991,-104.00000
78.042,-104.12500
78.092,-104.00000
78.143,-104.12500
78.193,-104.25000
78.244,-103.75000
78.295,-103.87500
78.345,-104.25000
78.396,-104.12500
78.447,-104.00000
78.497,-104.25000
78.548,-103.87500
78.599,-104.12500
78.649,-104.12500
78.700,-103.87500
78.751,-104.00000
78.801,-104.37500
78.852,-104.12500
78.903,-104.25000
78.953,-104.37500
79.004,-104.00000
79.055,-104.12500
79.105,-104.37500
79.156,-104.00000
79.207,-104.12500
79.258,-104.37500
79.308,-104.12500
79.359,-104.37500
79.410,-104.37500
79.460,-104.00000
79.511,-104.12500
79.562,-104.50000
79.613,-104.25000
79.663,-104.12500
79.714,-104.37500
79.765,-104.25000
79.815,-104.50000
79.866,-104.62500
79.917,-104.12500
79.968,-104.12500
80.018,-104.37500
80.069,-104.37500
80.120,-104.25000
80.170,-104.37500
80.221,-104.37500
80.272,-104.25000
80.323,-104.62500
80.373,-104.62500
80.424,-104.25000
80.475,-104.62500
80.525,-104.50000
80.576,-104.50000
80.627,-104.50000
80.678,-104.37500
80.728,-104.25000
80.779,-104.62500
80.830,-104.75000
80.881,-104.37500
80.931,-104.37500
80.982,-104.50000
81.033,-104.37500
81.083,-104.62500
81.134,-104.37500
81.185,-104.25000
81.236,-104.50000
81.286,-104.62500
81.337,-104.25000
81.388,-104.37500
81.438,-104.37500
81.489,-104.37500
81.540,-104.75000
81.591,-104.62500
81.641,-104.37500
81.692,-104.75000
81.743,-104.62500
81.793,-104.37500
81.844,-104.62500
81.895,-104.62500
81.946,-104.50000
81.996,-104.75000
82.047,-104.75000
82.098,-104.50000
82.148,-104.37500
82.199,-104.62500
82.250,-104.50000
82.301,-104.75000
82.351,-104.62500
82.402,-104.50000
82.453,-104.87500
82.503,-104.87500
82.554,-104.50000
82.605,-104.75000
82.656,-104.87500
82.706,-104.62500
82.757,-104.87500
82.808,-104.87500
82.859,-104.75000
82.909,-104.87500
82.960,-104.87500
83.011,-104.62500
83.061,-104.62500
83.112,-104.75000
83.163,-104.62500
83.214,-105.00000
83.264,-105.00000
83.315,-104.62500
83.366,-104.62500
83.416,-105.00000
83.467,-104.75000
83.518,-104.87500
83.569,-104.87500
83.619,-104.87500
83.670,-105.00000
83.721,-105.25000
83.771,-104.87500
83.822,-104.87500
83.873,-105.12500
83.923,-105.00000
83.974,-105.00000
84.024,-104.87500
84.075,-104.75000
84.126,-105.25000
84.176,-105.25000
84.227,-104.87500
84.278,-104.87500
84.328,-105.00000
84.379,-104.87500
84.430,-105.12500
84.480,-105.12500
84.531,-105.00000
84.581,-105.25000
84.632,-105.37500
84.683,-104.87500
84.733,-105.00000
84.784,-105.12500
84.835,-105.12500
84.885,-105.12500
84.936,-105.25000
84.987,-104.75000
85.037,-105.25000
85.088,-105.12500
85.138,-104.87500
85.189,-105.00000
85.240,-105.25000
85.290,-105.12500
85.341,-105.25000
85.392,-105.25000
85.442,-105.00000
85.493,-105.25000
85.543,-105.25000
85.594,-105.00000
85.645,-105.12500
85.695,-105.25000
85.746,-105.12500
85.797,-105.25000
85.847,-105.37500
85.898,-105.00000
85.949,-105.00000
86.000,-105.37500
86.050,-105.12500
86.101,-105.25000
86.152,-105.25000
86.203,-105.12500
86.253,-105.37500
86.304,-105.50000
86.355,-105.12500
86.405,-105.12500
86.456,-105.37500
86.507,-105.12500
86.558,-105.37500
86.608,-105.37500
86.659,-105.25000
86.710,-105.37500
86.761,-105.37500
86.811,-105.00000
86.862,-105.12500
86.913,-105.50000
86.963,-105.37500
87.014,-105.25000
87.065,-105.50000
87.116,-105.12500
87.166,-105.25000
87.217,-105.62500
87.268,-105.50000
87.318,-105.37500
87.369,-105.62500
87.420,-105.37500
87.471,-105.62500
87.521,-105.75000
87.572,-105.50000
87.623,-105.25000
87.673,-105.62500
87.724,-105.62500
87.775,-105.37500
87.826,-105.62500
87.876,-105.50000
87.927,-105.62500
87.978,-105.75000
88.029,-105.37500
88.079,-105.25000
88.130,-105.75000
88.181,-105.62500
88.231,-105.62500
88.282,-105.75000
88.333,-105.50000
88.384,-105.50000
88.434,-105.62500
88.485,-105.62500
88.536,-105.37500
88.587,-105.75000
88.637,-105.62500
88.688,-105.50000
88.739,-105.75000
88.789,-105.50000
88.840,-105.50000
88.891,-105.75000
88.941,-105.75000
88.992,-105.50000
89.043,-105.50000
89.093,-105.62500
89.144,-105.62500
89.195,-105.75000
89.245,-105.62500
89.296,-105.50000
89.347,-105.87500
89.397,-105.87500
89.448,-105.50000
89.499,-105.75000
89.549,-105.75000
89.600,-105.50000
89.651,-105.87500
89.701,-105.62500
89.752,-105.50000
89.803,-106.00000
89.853,-105.87500
89.904,-105.62500
89.955,-105.87500
90.005,-105.75000
90.056,-105.75000
90.107,-106.12500
90.157,-105.75000
90.208,-105.75000
90.259,-106.12500
90.309,-106.00000
90.360,-106.00000
90.411,-106.00000
90.461,-105.87500
90.512,-105.87500
90.563,-106.25000
90.613,-106.25000
90.664,-105.87500
90.714,-106.25000
90.765,-106.00000
90.816,-106.00000
90.866,-106.12500
90.917,-105.87500
90.968,-105.87500
91.018,-106.25000
91.069,-106.25000
91.120,-106.00000
91.170,-106.12500
91.221,-106.12500
91.272,-106.12500
91.322,-106.25000
91.373,-106.12500
91.424,-106.12500
91.474,-106.37500
91.525,-106.25000
91.576,-106.00000
91.626,-106.12500
91.677,-106.12500
91.727,-106.25000
91.778,-106.37500
91.829,-106.12500
91.880,-106.00000
91.930,-106.37500
91.981,-106.25000
92.032,-106.12500
92.082,-106.25000
92.133,-106.37500
92.183,-106.12500
92.234,-106.37500
92.285,-106.25000
92.335,-106.25000
92.386,-106.50000
92.437,-106.37500
92.487,-106.12500
92.538,-106.37500
92.589,-106.25000
92.639,-106.37500
92.690,-106.62500
92.741,-106.37500
92.791,-106.25000
92.842,-106.75000
92.892,-106.50000
92.943,-106.50000
92.994,-106.62500
93.044,-106.50000
93.095,-106.50000
93.146,-106.75000
93.196,-106.75000
93.247,-106.50000
93.298,-106.87500
93.348,-106.62500
93.399,-106.50000
93.450,-106.62500
93.500,-106.50000
93.551,-106.25000
93.602,-106.62500
93.652,-106.62500
93.703,-106.25000
93.753,-106.62500
93.804,-106.37500
93.855,-106.37500
93.905,-106.50000
93.956,-106.37500
94.007,-106.25000
94.057,-106.50000
94.108,-106.50000
94.159,-106.37500
94.209,-106.62500
94.260,-106.50000
94.310,-106.37500
94.361,-106.62500
94.412,-106.37500
94.462,-106.25000
94.513,-106.75000
94.564,-106.62500
94.614,-106.37500
94.665,-106.50000
94.716,-106.50000
94.766,-106.50000
94.817,-106.62500
94.868,-106.50000
94.918,-106.50000
94.969,-106.75000
95.020,-106.62500
95.070,-106.50000
95.121,-106.62500
95.171,-106.50000
95.222,-106.62500
95.273,-106.87500
95.323,-106.50000
95.374,-106.37500
95.425,-106.87500
95.475,-106.75000
95.526,-106.37500
95.577,-106.62500
95.627,-106.50000
95.678,-106.37500
95.729,-106.75000
95.779,-106.50000
95.830,-106.50000
95.880,-106.75000
95.931,-106.62500
95.982,-106.62500
96.032,-106.75000
96.083,-106.62500
96.134,-106.37500
96.184,-106.87500
96.235,-106.50000
96.286,-106.62500
96.336,-106.87500
96.387,-106.87500
96.437,-106.75000
96.488,-106.87500
96.539,-106.62500
96.589,-106.62500
96.640,-107.00000
96.691,-107.00000
96.741,-106.75000
96.792,-107.00000
96.843,-107.00000
96.893,-106.87500
96.944,-107.00000
96.995,-107.00000
97.045,-106.87500
97.096,-107.12500
97.147,-107.12500
97.197,-106.62500
97.248,-106.62500
97.299,-106.75000
97.350,-106.87500
97.400,-107.00000
97.451,-106.62500
97.502,-106.75000
97.552,-107.12500
97.603,-107.12500
97.654,-107.00000
97.704,-107.12500
97.755,-107.00000
97.806,-107.00000
97.857,-107.25000
97.907,-107.00000
97.958,-106.87500
98.009,-107.12500
98.059,-107.25000
98.110,-106.87500
98.161,-107.00000
98.211,-107.00000
98.262,-107.00000
98.313,-107.37500
98.364,-107.37500
98.414,-106.87500
98.465,-107.25000
98.516,-107.25000
98.566,-106.87500
98.617,-107.25000
98.668,-107.12500
98.718,-107.12500
98.769,-107.25000
98.820,-107.25000
98.871,-107.00000
98.921,-107.00000
98.972,-107.12500
99.023,-107.12500
99.073,-107.25000
99.124,-107.00000
99.175,-107.00000
99.226,-107.37500
99.276,-107.50000
99.327,-107.12500
99.378,-107.25000
99.428,-107.37500
99.479,-107.12500
99.530,-107.37500
99.580,-107.62500
99.631,-107.12500
99.682,-107.50000
99.733,-107.50000
99.783,-107.25000
99.834,-107.12500
99.885,-107.37500
99.935,-107.25000
99.986,-107.50000
