time(s),mvs
0.000,-1481.00000
0.051,-110.25000
0.101,-110.62500
0.152,-110.37500
0.203,-110.62500
0.253,-110.62500
0.304,-110.62500
0.354,-110.62500
0.405,-110.37500
0.456,-110.62500
0.506,-110.25000
0.557,-110.25000
0.608,-110.25000
0.658,-110.37500
0.709,-110.37500
0.761,-110.25000
0.812,-110.37500
0.863,-110.50000
0.914,-110.37500
0.964,-110.50000
1.015,-110.50000
1.066,-110.37500
1.116,-110.50000
1.167,-110.37500
1.218,-110.50000
1.269,-106.75000
1.319,104.75000
1.370,194.12500
1.421,212.12500
1.471,224.25000
1.522,227.12500
1.573,225.37500
1.624,220.37500
1.674,213.62500
1.725,210.12500
1.776,207.37500
1.826,206.62500
1.877,205.87500
1.928,208.87500
1.979,213.50000
2.029,219.75000
2.080,220.62500
2.131,218.25000
2.181,215.62500
2.232,214.25000
2.283,219.75000
2.334,225.87500
2.384,227.87500
2.435,230.00000
2.486,235.75000
2.537,242.75000
2.587,243.87500
2.638,241.25000
2.689,237.50000
2.739,233.75000
2.790,229.62500
2.841,225.75000
2.892,221.62500
2.942,218.37500
2.993,214.75000
3.044,212.25000
3.095,208.87500
3.145,207.00000
3.196,204.50000
3.247,202.75000
3.298,200.75000
3.348,199.12500
3.399,197.25000
3.450,195.62500
3.501,194.12500
3.551,192.62500
3.602,191.50000
3.653,189.87500
3.704,188.75000
3.754,187.12500
3.805,186.25000
3.856,184.75000
3.907,183.75000
3.958,182.37500
4.008,181.37500
4.059,180.00000
4.110,178.87500
4.160,177.87500
4.211,176.75000
4.262,175.87500
4.313,174.50000
4.363,173.87500
4.414,172.50000
4.465,171.87500
4.515,170.62500
4.566,169.87500
4.617,168.62500
4.668,168.00000
4.718,166.87500
4.769,166.00000
4.820,165.25000
4.870,164.25000
4.921,163.62500
4.972,162.75000
5.022,162.25000
5.073,161.25000
5.124,160.87500
5.175,160.00000
5.225,159.50000
5.276,158.62500
5.327,158.12500
5.377,157.25000
5.428,156.62500
5.478,155.87500
5.529,155.12500
5.580,154.75000
5.630,154.12500
5.681,154.00000
5.732,153.37500
5.782,152.87500
5.833,152.12500
5.884,151.62500
5.934,150.75000
5.985,150.25000
6.036,149.50000
6.086,149.00000
6.137,148.50000
6.188,148.37500
6.238,147.50000
6.289,147.25000
6.340,146.62500
6.391,146.12500
6.441,145.75000
6.492,145.00000
6.543,144.75000
6.594,144.00000
6.644,143.75000
6.695,143.25000
6.746,142.62500
6.796,142.37500
6.847,142.25000
6.898,141.75000
6.949,141.75000
6.999,141.12500
7.050,140.75000
7.101,140.50000
7.152,139.62500
7.202,139.50000
7.253,138.62500
7.305,138.37500
7.355,137.87500
7.406,137.50000
7.457,137.12500
7.508,136.50000
7.558,136.50000
7.609,136.00000
7.660,135.75000
7.710,135.12500
7.761,134.87500
7.812,134.25000
7.863,134.12500
7.913,133.37500
7.964,133.00000
8.015,132.50000
8.065,132.12500
8.116,131.87500
8.167,131.75000
8.217,131.12500
8.268,131.00000
8.319,130.62500
8.370,129.87500
8.420,129.62500
8.471,129.00000
8.522,128.75000
8.572,128.00000
8.623,127.62500
8.674,127.25000
8.725,126.75000
8.775,126.62500
8.826,126.37500
8.877,125.87500
8.927,125.50000
8.978,125.12500
9.029,124.50000
9.079,124.25000
9.130,123.62500
9.181,123.37500
9.231,122.87500
9.282,122.87500
9.333,122.12500
9.383,122.25000
9.434,121.62500
9.485,121.37500
9.535,121.00000
9.586,120.50000
9.637,120.37500
9.687,119.62500
9.738,119.50000
9.789,118.75000
9.839,118.50000
9.890,118.00000
9.941,117.87500
9.991,117.25000
10.042,117.25000
10.093,116.75000
10.143,116.37500
10.194,116.12500
10.245,115.50000
10.295,115.37500
10.346,114.62500
10.396,114.25000
10.449,113.87500
10.500,113.62500
10.551,113.12500
10.602,112.75000
10.652,112.50000
10.703,112.37500
10.753,111.87500
10.804,111.62500
10.855,111.25000
10.905,110.75000
10.956,110.50000
11.007,110.00000
11.057,109.75000
11.108,109.12500
11.159,108.87500
11.209,108.25000
11.260,108.25000
11.311,107.75000
11.361,107.62500
11.412,107.12500
11.463,107.00000
11.513,106.50000
11.564,105.87500
11.615,105.75000
11.666,105.12500
11.716,104.75000
11.767,104.25000
11.818,104.37500
11.868,103.62500
11.919,103.62500
11.970,103.12500
12.021,103.00000
12.071,102.50000
12.122,102.12500
12.173,101.75000
12.224,101.25000
12.274,101.00000
12.325,100.37500
12.376,100.00000
12.426,99.62500
12.477,99.50000
12.528,98.87500
12.579,98.87500
12.629,98.37500
12.680,98.12500
12.731,97.75000
12.782,97.50000
12.832,97.12500
12.883,96.62500
12.934,96.12500
12.984,95.62500
13.035,95.37500
13.086,94.87500
13.136,94.87500
13.187,94.37500
13.238,94.25000
13.288,93.75000
13.339,93.50000
13.390,93.00000
13.441,92.62500
13.491,92.37500
13.542,91.87500
13.593,91.50000
13.643,91.12500
13.694,90.87500
13.745,90.50000
13.796,90.37500
13.846,89.87500
13.897,89.75000
13.948,89.25000
13.998,89.12500
14.049,88.62500
14.100,88.25000
14.150,87.62500
14.201,87.37500
14.252,86.87500
14.302,86.50000
14.353,86.37500
14.404,85.87500
14.455,85.87500
14.505,85.37500
14.556,85.25000
14.607,84.75000
14.657,84.50000
14.708,83.87500
14.759,83.75000
14.809,83.12500
14.860,82.87500
14.911,82.50000
14.962,82.12500
15.012,82.00000
15.063,81.37500
15.114,81.37500
15.164,80.87500
15.215,80.75000
15.266,80.12500
15.316,80.12500
15.367,79.50000
15.418,79.25000
15.469,78.75000
15.519,78.37500
15.570,78.12500
15.621,77.62500
15.671,77.62500
15.722,77.12500
15.773,77.00000
15.823,76.75000
15.874,76.50000
15.925,75.75000
15.976,75.62500
16.026,75.00000
16.077,74.87500
16.128,74.37500
16.178,74.12500
16.229,74.00000
16.280,73.50000
16.330,73.50000
16.381,73.25000
16.432,72.87500
16.483,72.37500
16.533,72.12500
16.584,71.62500
16.635,71.50000
16.685,70.87500
16.736,70.75000
16.787,70.12500
16.837,69.87500
16.888,69.62500
16.939,69.25000
16.989,69.12500
17.040,69.12500
17.091,68.75000
17.141,68.25000
17.192,68.12500
17.243,67.37500
17.293,67.25000
17.344,66.75000
17.395,66.50000
17.445,66.12500
17.496,66.12500
17.546,65.62500
17.597,65.62500
17.648,65.12500
17.698,65.00000
17.749,64.50000
17.800,64.12500
17.851,63.75000
17.901,63.50000
17.952,63.25000
18.005,62.62500
18.056,62.50000
18.107,62.12500
18.157,61.75000
18.208,61.62500
18.259,61.25000
18.309,61.12500
18.360,60.87500
18.411,60.62500
18.461,60.00000
18.512,59.87500
18.563,59.25000
18.613,59.00000
18.664,58.75000
18.715,58.50000
18.765,58.12500
18.816,57.75000
18.867,57.75000
18.917,57.62500
18.968,57.25000
19.018,56.87500
19.069,56.62500
19.121,56.00000
19.172,56.00000
19.223,55.50000
19.273,55.25000
19.324,54.87500
19.375,54.62500
19.425,54.37500
19.476,54.00000
19.527,53.75000
19.577,53.75000
19.628,53.37500
19.679,53.12500
19.729,53.00000
19.780,52.37500
19.830,52.37500
19.881,51.75000
19.932,51.50000
19.982,51.12500
20.033,50.75000
20.084,50.62500
20.134,50.62500
20.185,50.25000
20.236,50.12500
20.286,49.75000
20.337,49.37500
20.388,49.12500
20.438,48.75000
20.489,48.75000
20.540,48.12500
20.590,48.00000
20.641,47.50000
20.692,47.50000
20.742,47.12500
20.793,47.00000
20.844,46.62500
20.894,46.50000
20.945,46.25000
20.996,45.87500
21.046,45.75000
21.097,45.12500
21.148,44.87500
21.198,44.50000
21.249,44.50000
21.300,44.12500
21.350,44.12500
21.401,43.62500
21.452,43.62500
21.502,43.25000
21.553,43.00000
21.604,42.62500
21.654,42.37500
21.705,41.87500
21.756,41.62500
21.807,41.50000
21.857,40.87500
21.908,41.00000
21.959,40.62500
22.009,40.62500
22.060,40.00000
22.111,40.00000
22.162,39.75000
22.212,39.37500
22.263,38.87500
22.314,38.87500
22.364,38.37500
22.415,38.12500
22.466,37.87500
22.516,37.62500
22.567,37.50000
22.618,37.00000
22.669,37.25000
22.719,36.62500
22.770,36.75000
22.821,36.37500
22.871,36.25000
22.922,35.50000
22.973,35.50000
23.024,35.00000
23.074,34.75000
23.125,34.62500
23.176,34.25000
23.226,34.37500
23.277,34.00000
23.328,34.00000
23.378,33.50000
23.429,33.50000
23.480,33.00000
23.531,32.75000
23.581,32.25000
23.632,32.12500
23.683,31.87500
23.733,31.62500
23.784,31.50000
23.835,31.12500
23.885,31.00000
23.936,30.62500
23.987,30.62500
24.038,30.37500
24.088,30.25000
24.139,29.75000
24.190,29.75000
24.240,29.12500
24.291,28.87500
24.342,28.62500
24.393,28.37500
24.443,28.25000
24.494,28.00000
24.545,28.12500
24.595,27.75000
24.646,27.50000
24.697,27.12500
24.747,27.00000
24.798,26.50000
24.849,26.37500
24.899,26.00000
24.950,25.62500
25.001,25.50000
25.051,25.25000
25.102,25.25000
25.153,25.12500
25.203,24.87500
25.254,24.62500
25.305,24.37500
25.355,24.12500
25.406,24.00000
25.456,23.37500
25.507,23.37500
25.558,22.87500
25.609,22.75000
25.659,22.50000
25.710,22.62500
25.761,22.12500
25.811,22.25000
25.862,21.75000
25.912,21.62500
25.963,21.50000
26.014,21.00000
26.064,20.87500
26.115,20.37500
26.166,20.25000
26.216,20.00000
26.267,20.00000
26.318,19.62500
26.368,19.62500
26.419,19.25000
26.469,19.12500
26.520,18.75000
26.571,18.50000
26.621,18.37500
26.673,18.00000
26.723,17.62500
26.774,17.50000
26.825,17.25000
26.875,17.00000
26.926,17.12500
26.977,16.62500
27.027,16.75000
27.078,16.37500
27.129,16.12500
27.179,16.12500
27.230,15.87500
27.281,15.25000
27.332,15.12500
27.382,14.87500
27.433,14.62500
27.484,14.50000
27.534,14.12500
27.585,14.37500
27.636,14.12500
27.687,14.00000
27.737,13.62500
27.788,13.50000
27.839,13.25000
27.890,12.87500
27.940,12.50000
27.991,12.37500
28.042,12.12500
28.092,11.87500
28.143,11.75000
28.194,11.37500
28.244,11.50000
28.295,11.12500
28.346,11.12500
28.396,10.75000
28.447,10.75000
28.498,10.25000
28.549,10.12500
28.599,9.75000
28.650,9.62500
28.701,9.50000
28.751,9.25000
28.802,9.12500
28.853,8.75000
28.903,8.87500
28.954,8.50000
29.005,8.50000
29.055,8.00000
29.106,8.00000
29.157,7.62500
29.207,7.37500
29.258,7.12500
29.308,6.87500
29.359,6.87500
29.410,6.50000
29.461,6.62500
29.511,6.37500
29.562,6.25000
29.613,5.87500
29.663,5.75000
29.714,5.37500
29.765,5.25000
29.816,4.87500
29.867,4.87500
29.917,4.50000
29.968,4.25000
30.019,4.25000
30.070,3.87500
30.120,3.87500
30.171,4.00000
30.222,3.75000
30.272,3.50000
30.323,3.37500
30.374,2.87500
30.424,2.87500
30.475,2.37500
30.526,2.25000
30.576,2.00000
30.627,1.75000
30.678,1.62500
30.729,1.75000
30.779,1.50000
30.830,1.25000
30.881,1.12500
30.932,0.75000
30.983,0.75000
31.033,0.25000
31.084,0.25000
31.135,-0.12500
31.185,-0.25000
31.236,-0.50000
31.287,-0.75000
31.337,-0.75000
31.388,-0.75000
31.439,-1.00000
31.489,-1.00000
31.540,-1.25000
31.590,-1.62500
31.641,-1.75000
31.692,-2.12500
31.742,-2.12500
31.793,-2.62500
31.844,-2.50000
31.894,-2.87500
31.945,-2.62500
31.996,-3.12500
32.047,-3.00000
32.097,-3.25000
32.148,-3.50000
32.199,-3.62500
32.250,-4.00000
32.300,-4.00000
32.351,-4.50000
32.402,-4.50000
32.452,-4.87500
32.503,-4.75000
32.554,-5.12500
32.604,-5.00000
32.655,-5.37500
32.706,-5.25000
32.756,-5.62500
32.807,-5.62500
32.858,-5.87500
32.908,-6.25000
32.959,-6.50000
33.009,-6.87500
33.060,-6.87500
33.111,-7.12500
33.162,-7.00000
33.212,-7.50000
33.263,-7.25000
33.314,-7.62500
33.364,-7.62500
33.415,-7.87500
33.466,-8.12500
33.516,-8.50000
33.567,-8.62500
33.617,-8.87500
33.668,-9.12500
33.719,-9.00000
33.769,-9.37500
33.820,-9.25000
33.871,-9.62500
33.921,-9.37500
33.972,-9.75000
34.023,-9.75000
34.073,-10.25000
34.124,-10.37500
34.175,-10.75000
34.226,-10.87500
34.277,-11.00000
34.328,-11.25000
34.378,-11.12500
34.429,-11.50000
34.480,-11.37500
34.530,-11.75000
34.581,-11.75000
34.632,-12.00000
34.682,-12.00000
34.733,-12.50000
34.784,-12.50000
34.835,-12.87500
34.885,-12.87500
34.936,-13.12500
34.987,-13.50000
35.037,-13.25000
35.088,-13.75000
35.139,-13.50000
35.189,-13.87500
35.240,-13.87500
35.291,-14.25000
35.342,-14.12500
35.392,-14.62500
35.443,-14.62500
35.494,-14.87500
35.544,-15.12500
35.595,-15.12500
35.646,-15.50000
35.696,-15.37500
35.747,-15.87500
35.798,-15.62500
35.849,-15.75000
35.899,-15.75000
35.950,-16.25000
36.001,-16.25000
36.052,-16.75000
36.102,-16.62500
36.153,-17.00000
36.204,-17.25000
36.255,-17.37500
36.305,-17.50000
36.356,-17.37500
36.407,-17.75000
36.457,-17.62500
36.508,-17.87500
36.559,-18.00000
36.610,-18.50000
36.660,-18.25000
36.711,-18.75000
36.762,-18.75000
36.813,-19.12500
36.863,-19.37500
36.914,-19.25000
36.965,-19.62500
37.015,-19.37500
37.066,-19.50000
37.117,-19.75000
37.167,-20.00000
37.218,-20.00000
37.269,-20.37500
37.320,-20.37500
37.373,-20.50000
37.424,-20.87500
37.475,-20.87500
37.525,-21.37500
37.576,-21.25000
37.627,-21.62500
37.677,-21.37500
37.728,-21.75000
37.779,-21.62500
37.829,-21.87500
37.880,-21.87500
37.931,-22.00000
37.981,-22.12500
38.032,-22.62500
38.083,-22.75000
38.133,-22.87500
38.184,-23.12500
38.234,-23.00000
38.285,-23.50000
38.336,-23.25000
38.386,-23.62500
38.437,-23.50000
38.488,-23.75000
38.538,-23.75000
38.589,-24.25000
38.640,-24.12500
38.690,-24.50000
38.741,-24.50000
38.792,-24.75000
38.842,-25.00000
38.893,-25.00000
38.944,-25.12500
38.995,-24.87500
39.045,-25.37500
39.096,-25.12500
39.147,-25.37500
39.197,-25.50000
39.248,-25.75000
39.299,-25.75000
39.350,-26.25000
39.400,-26.25000
39.451,-26.37500
39.502,-26.62500
39.552,-26.37500
39.603,-26.75000
39.654,-26.62500
39.705,-26.75000
39.755,-26.75000
39.806,-27.25000
39.857,-27.12500
39.907,-27.50000
39.958,-27.37500
40.009,-27.75000
40.060,-27.87500
40.110,-28.00000
40.161,-28.25000
40.212,-28.12500
40.262,-28.50000
40.313,-28.25000
40.364,-28.37500
40.415,-28.50000
40.465,-28.87500
40.516,-28.75000
40.567,-29.25000
40.617,-29.25000
40.668,-29.50000
40.719,-29.75000
40.770,-29.75000
40.820,-30.00000
40.871,-29.75000
40.922,-29.87500
40.972,-30.12500
41.023,-30.25000
41.074,-30.25000
41.125,-30.50000
41.175,-30.50000
41.226,-31.00000
41.277,-30.87500
41.327,-31.25000
41.378,-31.37500
41.429,-31.37500
41.480,-31.50000
41.530,-31.50000
41.581,-31.50000
41.632,-31.62500
41.683,-31.75000
41.733,-31.75000
41.784,-32.25000
41.835,-32.12500
41.886,-32.62500
41.936,-32.50000
41.987,-32.75000
42.038,-32.87500
42.088,-32.87500
42.139,-32.62500
42.190,-32.87500
42.241,-33.00000
42.291,-33.12500
42.342,-33.37500
42.393,-33.37500
42.443,-33.75000
42.494,-33.75000
42.545,-34.00000
42.596,-34.12500
42.646,-34.25000
42.697,-34.37500
42.748,-34.37500
42.799,-34.37500
42.850,-34.50000
42.900,-34.37500
42.951,-34.62500
43.002,-34.87500
43.052,-34.75000
43.103,-35.37500
43.154,-35.25000
43.204,-35.62500
43.255,-35.75000
43.306,-35.75000
43.357,-36.12500
43.407,-35.87500
43.458,-35.75000
43.509,-35.87500
43.559,-36.12500
43.610,-36.12500
43.661,-36.50000
43.711,-36.37500
43.762,-36.75000
43.813,-36.75000
43.864,-37.00000
43.914,-37.00000
43.965,-37.12500
44.016,-36.87500
44.067,-37.25000
44.117,-37.12500
44.168,-37.37500
44.219,-37.37500
44.269,-37.50000
44.320,-37.87500
44.371,-37.75000
44.421,-38.25000
44.472,-38.12500
44.523,-38.50000
44.574,-38.37500
44.624,-38.62500
44.675,-38.50000
44.726,-38.62500
44.776,-38.62500
44.827,-38.75000
44.878,-38.87500
44.929,-38.87500
44.979,-39.25000
45.030,-39.12500
45.081,-39.50000
45.131,-39.37500
45.182,-39.62500
45.233,-39.50000
45.283,-39.87500
45.334,-39.62500
45.385,-40.00000
45.436,-39.87500
45.486,-40.00000
45.537,-40.25000
45.588,-40.25000
45.638,-40.50000
45.689,-40.37500
45.740,-40.87500
45.790,-40.87500
45.841,-41.00000
45.892,-40.87500
45.943,-41.37500
45.993,-41.00000
46.044,-41.25000
46.095,-41.25000
46.145,-41.25000
46.196,-41.62500
46.247,-41.50000
46.297,-42.00000
46.348,-42.12500
46.398,-42.25000
46.449,-42.00000
46.500,-42.37500
46.550,-42.25000
46.601,-42.50000
46.652,-42.37500
46.702,-42.50000
46.753,-42.62500
46.804,-43.00000
46.854,-42.87500
46.905,-43.12500
46.956,-43.25000
47.006,-43.25000
47.057,-43.50000
47.108,-43.25000
47.158,-43.62500
47.209,-43.37500
47.260,-43.62500
47.310,-43.50000
47.361,-43.75000
47.412,-43.62500
47.462,-43.87500
47.513,-44.00000
47.563,-44.25000
47.614,-44.37500
47.665,-44.50000
47.715,-44.62500
47.766,-44.50000
47.817,-44.37500
47.867,-44.37500
47.918,-44.75000
47.969,-44.75000
48.019,-45.12500
48.071,-44.87500
48.121,-45.25000
48.172,-45.25000
48.223,-45.50000
48.274,-45.50000
48.324,-45.50000
48.375,-45.75000
48.426,-45.62500
48.476,-45.62500
48.527,-45.75000
48.578,-45.87500
48.629,-45.87500
48.679,-46.12500
48.730,-46.00000
48.781,-46.37500
48.831,-46.50000
48.882,-46.50000
48.933,-46.62500
48.983,-46.75000
49.034,-46.37500
49.085,-46.62500
49.135,-46.75000
49.186,-46.75000
49.237,-47.12500
49.288,-47.00000
49.338,-47.37500
49.389,-47.37500
49.440,-47.62500
49.490,-47.62500
49.541,-47.87500
49.592,-47.87500
49.643,-47.75000
49.693,-47.62500
49.744,-47.75000
49.795,-47.75000
49.845,-47.87500
49.896,-48.12500
49.947,-48.00000
49.998,-48.37500
50.048,-48.25000
50.099,-48.62500
50.150,-48.62500
50.200,-48.75000
50.251,-48.50000
50.302,-48.87500
50.352,-48.50000
50.403,-48.75000
50.454,-48.87500
50.504,-48.87500
50.555,-49.25000
50.606,-49.25000
50.656,-49.50000
50.707,-49.50000
50.757,-49.62500
50.808,-49.37500
50.859,-49.75000
50.909,-49.50000
50.960,-49.75000
51.011,-49.75000
51.061,-49.75000
51.112,-49.87500
51.162,-50.25000
51.213,-50.12500
51.264,-50.37500
51.317,-50.50000
51.368,-50.37500
51.419,-50.62500
51.469,-50.62500
51.520,-50.87500
51.571,-50.62500
51.621,-50.75000
51.672,-50.62500
51.722,-50.62500
51.773,-50.75000
51.824,-50.75000
51.874,-51.12500
51.925,-51.12500
51.976,-51.50000
52.026,-51.37500
52.077,-51.62500
52.128,-51.50000
52.178,-51.75000
52.229,-51.50000
52.279,-51.75000
52.330,-51.75000
52.381,-51.75000
52.431,-51.75000
52.482,-51.87500
52.533,-52.12500
52.583,-52.25000
52.634,-52.25000
52.685,-52.25000
52.736,-52.62500
52.786,-52.37500
52.837,-52.62500
52.888,-52.37500
52.938,-52.62500
52.989,-52.50000
53.040,-52.50000
53.090,-52.62500
53.141,-53.25000
53.192,-53.12500
53.243,-53.37500
53.293,-53.50000
53.344,-53.37500
53.395,-53.62500
53.445,-53.37500
53.497,-53.62500
53.547,-53.25000
53.598,-53.50000
53.649,-53.37500
53.699,-53.37500
53.750,-53.75000
53.801,-54.12500
53.851,-54.00000
53.902,-54.12500
53.953,-54.25000
54.003,-54.00000
54.054,-54.37500
54.105,-54.12500
54.155,-54.37500
54.206,-54.25000
54.257,-54.37500
54.307,-54.37500
54.358,-54.75000
54.409,-54.50000
54.460,-54.87500
54.510,-54.87500
54.561,-55.00000
54.612,-55.12500
54.662,-55.00000
54.713,-55.12500
54.764,-54.87500
54.814,-55.12500
54.865,-55.00000
54.916,-55.25000
54.966,-55.12500
55.017,-55.50000
55.068,-55.37500
55.119,-55.75000
55.169,-55.75000
55.220,-55.75000
55.271,-55.87500
55.321,-55.62500
55.372,-56.00000
55.423,-55.75000
55.473,-55.87500
55.524,-56.00000
55.575,-56.12500
55.625,-56.00000
55.676,-56.37500
55.727,-56.12500
55.778,-56.50000
55.828,-56.62500
55.879,-56.62500
55.930,-56.87500
55.980,-56.62500
56.031,-56.50000
56.082,-56.62500
56.132,-56.62500
56.183,-56.62500
56.234,-57.00000
56.284,-56.87500
56.335,-57.25000
56.386,-57.12500
56.437,-57.25000
56.487,-57.37500
56.538,-57.37500
56.589,-57.12500
56.639,-57.25000
56.690,-57.37500
56.741,-57.25000
56.791,-57.50000
56.842,-57.50000
56.893,-57.87500
56.943,-57.50000
56.994,-57.87500
57.045,-57.87500
57.096,-58.12500
57.146,-58.00000
57.197,-58.12500
57.248,-58.00000
57.298,-58.12500
57.349,-58.00000
57.400,-58.12500
57.450,-58.25000
57.501,-58.12500
57.552,-58.62500
57.602,-58.50000
57.653,-58.75000
57.704,-58.50000
57.754,-58.75000
57.805,-58.50000
57.856,-58.62500
57.907,-58.50000
57.957,-58.62500
58.008,-58.75000
58.059,-58.75000
58.109,-59.00000
58.160,-59.00000
58.211,-59.37500
58.261,-59.25000
58.312,-59.25000
58.363,-59.25000
58.413,-59.50000
58.464,-59.25000
58.514,-59.37500
58.565,-59.25000
58.616,-59.37500
58.666,-59.37500
58.717,-59.75000
58.769,-59.62500
58.820,-59.50000
58.871,-60.00000
58.922,-59.87500
58.972,-60.25000
59.023,-59.87500
59.074,-60.12500
59.124,-59.87500
59.175,-60.12500
59.226,-60.00000
59.276,-60.12500
59.327,-60.12500
59.378,-60.25000
59.428,-60.50000
59.479,-60.37500
59.530,-60.75000
59.580,-60.62500
59.631,-61.00000
59.682,-60.62500
59.733,-60.87500
59.783,-60.62500
59.834,-60.87500
59.885,-60.62500
59.935,-60.75000
59.986,-60.87500
60.037,-60.87500
60.087,-61.12500
60.138,-61.37500
60.189,-61.37500
60.239,-61.25000
60.290,-61.37500
60.340,-61.25000
60.391,-61.62500
60.442,-61.25000
60.492,-61.25000
60.543,-61.25000
60.593,-61.62500
60.644,-61.50000
60.695,-61.87500
60.745,-61.75000
60.796,-61.87500
60.847,-62.00000
60.897,-61.75000
60.949,-62.12500
61.000,-61.62500
61.051,-62.00000
61.101,-61.87500
61.152,-62.00000
61.203,-61.87500
61.254,-62.25000
61.304,-62.00000
61.355,-62.37500
61.406,-62.37500
61.456,-62.50000
61.507,-62.62500
61.558,-62.50000
61.608,-62.62500
61.659,-62.37500
61.710,-62.62500
61.760,-62.37500
61.811,-62.75000
61.862,-62.62500
61.912,-63.00000
61.963,-62.87500
62.014,-63.12500
62.065,-63.12500
62.115,-63.00000
62.166,-63.12500
62.216,-63.00000
62.267,-63.25000
62.318,-63.00000
62.368,-63.00000
62.419,-63.12500
62.470,-63.37500
62.520,-63.25000
62.571,-63.62500
62.621,-63.37500
62.672,-63.62500
62.723,-63.75000
62.773,-63.62500
62.824,-63.37500
62.875,-63.62500
62.925,-63.62500
62.976,-63.62500
63.027,-63.75000
63.077,-63.62500
63.132,-63.75000
63.182,-63.75000
63.233,-63.75000
63.284,-64.00000
63.334,-64.12500
63.385,-64.25000
63.436,-64.12500
63.486,-64.37500
63.537,-64.12500
63.587,-64.37500
63.638,-64.12500
63.689,-64.25000
63.739,-64.25000
63.790,-64.50000
63.841,-64.37500
63.891,-64.62500
63.942,-64.50000
63.993,-64.75000
64.043,-64.75000
64.094,-64.62500
64.145,-64.87500
64.196,-64.62500
64.247,-65.00000
64.297,-64.62500
64.348,-64.75000
64.399,-64.62500
64.450,-65.00000
64.500,-64.87500
64.551,-65.25000
64.602,-65.00000
64.653,-65.25000
64.703,-65.37500
64.754,-65.25000
64.805,-65.37500
64.855,-65.25000
64.906,-65.37500
64.957,-65.12500
65.008,-65.37500
65.058,-65.25000
65.109,-65.62500
65.160,-65.37500
65.210,-65.62500
65.261,-65.62500
65.312,-65.75000
65.363,-65.87500
65.413,-65.62500
65.464,-65.75000
65.515,-65.75000
65.565,-65.87500
65.616,-65.75000
65.667,-66.00000
65.717,-65.75000
65.768,-66.12500
65.819,-65.75000
65.869,-66.25000
65.920,-66.25000
65.971,-66.25000
66.022,-66.37500
66.072,-66.12500
66.123,-66.37500
66.174,-66.12500
66.224,-66.00000
66.275,-66.12500
66.326,-66.25000
66.376,-66.37500
66.427,-66.50000
66.478,-66.37500
66.528,-66.50000
66.579,-66.62500
66.630,-66.62500
66.680,-66.62500
66.731,-66.50000
66.782,-66.37500
66.833,-66.50000
66.883,-66.62500
66.934,-66.50000
66.985,-66.87500
67.035,-66.75000
67.086,-66.87500
67.137,-66.87500
67.187,-67.12500
67.238,-67.12500
67.289,-67.12500
67.339,-67.00000
67.390,-67.12500
67.441,-66.87500
67.491,-67.00000
67.542,-67.12500
67.593,-66.87500
67.644,-67.25000
67.694,-67.25000
67.745,-67.50000
67.796,-67.25000
67.846,-67.62500
67.897,-67.25000
67.948,-67.50000
67.998,-67.25000
68.049,-67.37500
68.100,-67.37500
68.150,-67.37500
68.201,-67.50000
68.252,-67.50000
68.302,-67.75000
68.353,-67.50000
68.404,-67.87500
68.457,-67.75000
68.508,-68.00000
68.558,-67.87500
68.609,-68.00000
68.660,-68.12500
68.710,-67.87500
68.761,-67.75000
68.812,-67.87500
68.862,-67.75000
68.913,-67.75000
68.963,-68.12500
69.014,-67.87500
69.065,-68.37500
69.115,-68.12500
69.166,-68.37500
69.217,-68.50000
69.267,-68.50000
69.318,-68.12500
69.369,-68.25000
69.419,-68.12500
69.470,-68.25000
69.520,-68.25000
69.571,-68.37500
69.622,-68.50000
69.672,-68.37500
69.724,-68.75000
69.775,-68.62500
69.825,-68.75000
69.876,-68.62500
69.927,-68.75000
69.978,-68.62500
70.028,-68.87500
70.079,-68.75000
70.130,-68.75000
70.180,-68.75000
70.231,-68.75000
70.282,-69.12500
70.332,-68.87500
70.383,-69.25000
70.434,-69.12500
70.485,-69.25000
70.535,-68.87500
70.587,-69.12500
70.638,-69.00000
70.688,-69.12500
70.739,-69.12500
70.790,-69.12500
70.840,-69.25000
70.891,-69.25000
70.942,-69.50000
70.992,-69.25000
71.043,-69.62500
71.094,-69.50000
71.144,-69.62500
71.195,-69.37500
71.246,-69.62500
71.296,-69.50000
71.347,-69.62500
71.398,-69.50000
71.448,-69.50000
71.499,-69.62500
71.549,-69.37500
71.600,-69.75000
71.651,-69.87500
71.701,-69.87500
71.752,-69.75000
71.803,-70.00000
71.854,-69.62500
71.904,-70.12500
71.955,-69.75000
72.006,-69.87500
72.056,-69.75000
72.107,-69.87500
72.158,-70.00000
72.208,-70.25000
72.259,-70.25000
72.310,-70.25000
72.361,-70.37500
72.411,-70.12500
72.462,-70.37500
72.513,-70.12500
72.563,-70.25000
72.614,-70.00000
72.665,-70.12500
72.715,-70.12500
72.766,-70.50000
72.817,-70.37500
72.867,-70.62500
72.918,-70.50000
72.969,-70.50000
73.019,-70.75000
73.070,-70.50000
73.121,-70.75000
73.172,-70.37500
73.222,-70.50000
73.273,-70.37500
73.324,-70.75000
73.374,-70.50000
73.425,-70.75000
73.476,-70.75000
73.526,-70.87500
73.577,-70.87500
73.628,-70.87500
73.679,-71.00000
73.729,-70.75000
73.780,-71.00000
73.831,-70.75000
73.881,-70.87500
73.932,-70.87500
73.983,-71.12500
74.033,-71.00000
74.084,-71.25000
74.135,-71.12500
74.185,-71.37500
74.236,-71.37500
74.287,-71.25000
74.338,-71.37500
74.388,-71.25000
74.439,-71.50000
74.490,-71.12500
74.540,-71.37500
74.591,-71.25000
74.642,-71.62500
74.692,-71.50000
74.743,-71.75000
74.794,-71.62500
74.844,-71.62500
74.895,-71.75000
74.946,-71.50000
74.996,-71.75000
75.047,-71.37500
75.098,-71.50000
75.149,-71.37500
75.199,-71.62500
75.250,-71.50000
75.301,-71.87500
75.351,-71.50000
75.402,-71.87500
75.453,-71.87500
75.504,-71.87500
75.554,-72.00000
75.605,-71.75000
75.656,-71.62500
75.706,-71.75000
75.757,-71.75000
75.808,-71.62500
75.858,-71.87500
75.909,-71.75000
75.960,-72.12500
76.010,-72.00000
76.061,-72.25000
76.112,-72.12500
76.163,-72.25000
76.213,-71.87500
76.264,-72.12500
76.315,-71.87500
76.366,-72.00000
76.416,-72.12500
76.467,-72.12500
76.518,-72.37500
76.568,-72.25000
76.619,-72.50000
76.670,-72.37500
76.720,-72.50000
76.771,-72.25000
76.822,-72.50000
76.873,-72.37500
76.923,-72.50000
76.974,-72.37500
77.025,-72.25000
77.076,-72.37500
77.126,-72.25000
77.177,-72.62500
77.228,-72.25000
77.278,-72.75000
77.329,-72.62500
77.380,-72.87500
77.430,-72.62500
77.481,-72.75000
77.532,-72.50000
77.583,-72.62500
77.633,-72.50000
77.684,-72.62500
77.735,-72.62500
77.785,-72.62500
77.836,-73.00000
77.887,-72.75000
77.937,-73.12500
77.988,-73.00000
78.039,-73.00000
78.089,-73.25000
78.144,-73.12500
78.194,-73.12500
78.245,-73.00000
78.296,-73.12500
78.346,-73.00000
78.397,-73.12500
78.448,-72.87500
78.498,-73.25000
78.549,-73.00000
78.599,-73.37500
78.650,-73.25000
78.701,-73.37500
78.751,-73.37500
78.802,-73.37500
78.853,-73.37500
78.903,-73.12500
78.954,-73.12500
79.004,-73.12500
79.055,-73.25000
79.106,-73.25000
79.156,-73.50000
79.207,-73.37500
79.258,-73.62500
79.308,-73.62500
79.359,-73.75000
79.410,-73.50000
79.460,-73.62500
79.511,-73.50000
79.561,-73.62500
79.612,-73.62500
79.663,-73.37500
79.713,-73.62500
79.764,-73.37500
79.815,-73.87500
79.865,-73.87500
79.916,-74.00000
79.966,-73.75000
80.017,-73.87500
80.068,-73.62500
80.118,-73.87500
80.169,-73.62500
80.220,-73.75000
80.270,-73.75000
80.321,-73.75000
80.372,-73.87500
80.422,-74.25000
80.473,-74.12500
80.523,-74.25000
80.574,-74.12500
80.625,-74.00000
80.675,-74.12500
80.726,-73.87500
80.777,-74.00000
80.827,-73.87500
80.878,-74.25000
80.928,-74.00000
80.979,-74.37500
81.030,-74.37500
81.080,-74.37500
81.131,-74.50000
81.181,-74.37500
81.232,-74.50000
81.283,-74.25000
81.333,-74.12500
81.384,-74.25000
81.435,-74.25000
81.485,-74.12500
81.536,-74.50000
81.587,-74.37500
81.637,-74.75000
81.688,-74.62500
81.739,-74.50000
81.789,-74.25000
81.840,-74.50000
81.890,-74.25000
81.941,-74.37500
81.992,-74.37500
82.042,-74.37500
82.093,-74.50000
82.144,-74.37500
82.194,-74.87500
82.245,-74.62500
82.295,-74.87500
82.348,-74.75000
82.401,-74.87500
82.452,-74.87500
82.503,-74.75000
82.553,-75.00000
82.604,-74.75000
82.655,-74.87500
82.705,-74.75000
82.756,-74.87500
82.807,-74.62500
82.857,-75.00000
82.908,-74.87500
82.959,-75.25000
83.009,-75.12500
83.060,-75.12500
83.111,-75.25000
83.161,-75.25000
83.212,-75.25000
83.262,-75.00000
83.313,-75.12500
83.364,-74.87500
83.414,-75.25000
83.465,-75.12500
83.516,-75.50000
83.566,-75.25000
83.617,-75.50000
83.668,-75.37500
83.718,-75.50000
83.769,-75.62500
83.820,-75.37500
83.870,-75.25000
83.921,-75.37500
83.972,-75.37500
84.022,-75.25000
84.073,-75.37500
84.123,-75.25000
84.174,-75.50000
84.225,-75.25000
84.275,-75.62500
84.326,-75.62500
84.377,-75.62500
84.427,-75.37500
84.478,-75.37500
84.529,-75.37500
84.579,-75.50000
84.630,-75.37500
84.681,-75.37500
84.731,-75.50000
84.782,-75.50000
84.833,-75.75000
84.883,-75.75000
84.934,-75.87500
84.985,-75.50000
85.035,-75.75000
85.086,-75.50000
85.136,-75.75000
85.187,-75.62500
85.238,-75.75000
85.288,-75.87500
85.339,-75.75000
85.390,-75.87500
85.440,-76.12500
85.491,-76.00000
85.542,-75.87500
85.592,-76.12500
85.643,-75.87500
85.694,-76.12500
85.744,-75.75000
85.795,-76.00000
85.846,-75.62500
85.896,-76.00000
85.947,-75.75000
85.997,-76.25000
86.048,-76.00000
86.099,-76.25000
86.149,-76.25000
86.200,-76.25000
86.251,-76.25000
86.301,-76.00000
86.352,-75.87500
86.402,-76.00000
86.453,-76.12500
86.504,-76.00000
86.554,-76.37500
86.605,-76.00000
86.656,-76.50000
86.706,-76.25000
86.757,-76.37500
86.808,-76.50000
86.858,-76.37500
86.909,-76.25000
86.960,-76.37500
87.010,-76.25000
87.061,-76.25000
87.111,-76.12500
87.162,-76.25000
87.213,-76.50000
87.263,-76.37500
87.314,-76.75000
87.365,-76.62500
87.415,-76.75000
87.466,-76.37500
87.516,-76.75000
87.567,-76.37500
87.618,-76.37500
87.668,-76.37500
87.719,-76.37500
87.769,-76.50000
87.820,-76.75000
87.871,-76.62500
87.921,-76.75000
87.972,-76.87500
88.023,-76.50000
88.073,-76.75000
88.124,-76.50000
88.175,-76.87500
88.225,-76.50000
88.276,-76.75000
88.326,-76.62500
88.377,-77.00000
88.428,-76.75000
88.478,-76.87500
88.529,-76.75000
88.580,-76.87500
88.630,-77.00000
88.681,-76.75000
88.731,-77.00000
88.782,-76.75000
88.833,-76.75000
88.883,-76.62500
88.934,-76.87500
88.985,-76.75000
89.035,-77.12500
89.086,-76.87500
89.137,-77.12500
89.187,-77.12500
89.238,-77.12500
89.288,-76.87500
89.339,-77.00000
89.390,-76.87500
89.440,-77.12500
89.491,-77.12500
89.542,-77.00000
89.592,-77.12500
89.643,-77.12500
89.693,-77.37500
89.744,-77.25000
89.795,-77.37500
89.845,-77.25000
89.896,-77.50000
89.947,-77.12500
89.997,-77.37500
90.048,-77.12500
90.099,-77.25000
90.149,-77.12500
90.200,-77.00000
90.251,-77.37500
90.301,-77.62500
90.352,-77.62500
90.402,-77.50000
90.453,-77.62500
90.504,-77.50000
90.554,-77.62500
90.605,-77.37500
90.655,-77.50000
90.706,-77.37500
90.757,-77.62500
90.807,-77.50000
90.858,-77.87500
90.909,-77.62500
90.959,-77.75000
91.010,-77.75000
91.061,-77.75000
91.112,-77.87500
91.162,-77.62500
91.213,-77.62500
91.264,-77.62500
91.314,-77.62500
91.365,-77.50000
91.415,-77.75000
91.466,-77.50000
91.517,-77.75000
91.567,-77.87500
91.618,-77.87500
91.669,-77.87500
91.719,-77.87500
91.770,-77.75000
91.821,-77.75000
91.871,-77.62500
91.922,-77.62500
91.972,-77.75000
92.025,-77.75000
92.076,-78.00000
92.127,-77.75000
92.177,-78.12500
92.228,-78.00000
92.279,-78.00000
92.330,-78.12500
92.380,-78.12500
92.431,-78.12500
92.482,-78.00000
92.532,-78.12500
92.583,-78.00000
92.634,-78.12500
92.684,-77.87500
92.735,-78.12500
92.786,-78.00000
92.837,-78.37500
92.887,-78.25000
92.938,-78.25000
92.989,-78.37500
93.039,-78.25000
93.090,-78.37500
93.141,-78.25000
93.191,-78.00000
93.242,-78.00000
93.293,-78.25000
93.344,-78.00000
93.394,-78.37500
93.445,-78.25000
93.496,-78.50000
93.546,-78.50000
93.597,-78.50000
93.648,-78.62500
93.698,-78.37500
93.749,-78.12500
93.800,-78.37500
93.851,-78.25000
93.901,-78.25000
93.952,-78.37500
94.003,-78.25000
94.053,-78.50000
94.104,-78.25000
94.155,-78.62500
94.206,-78.62500
94.256,-78.75000
94.307,-78.87500
94.358,-78.87500
94.408,-78.50000
94.459,-78.50000
94.510,-78.37500
94.561,-78.50000
94.611,-78.50000
94.662,-78.50000
94.713,-78.87500
94.763,-78.62500
94.814,-79.00000
94.865,-78.87500
94.915,-78.87500
94.966,-78.62500
95.017,-78.75000
95.068,-78.62500
95.118,-78.62500
95.169,-78.75000
95.220,-78.62500
95.273,-78.87500
95.324,-78.75000
95.375,-79.00000
95.426,-78.75000
95.476,-78.87500
95.527,-79.00000
95.578,-79.12500
95.628,-79.00000
95.679,-78.87500
95.730,-79.00000
95.780,-78.87500
95.831,-79.12500
95.882,-78.75000
95.933,-78.87500
95.983,-78.75000
96.034,-79.25000
96.085,-78.87500
96.135,-79.25000
96.186,-79.25000
96.237,-79.25000
96.287,-79.25000
96.340,-79.12500
96.392,-79.25000
96.443,-79.00000
96.493,-79.12500
96.544,-78.87500
96.594,-79.12500
96.645,-79.00000
96.696,-79.00000
96.746,-79.12500
96.797,-78.87500
96.848,-79.25000
96.898,-79.37500
96.949,-79.37500
97.000,-79.37500
97.050,-79.50000
97.101,-79.25000
97.152,-79.37500
97.202,-79.00000
97.253,-79.25000
97.304,-79.25000
97.354,-79.12500
97.405,-79.37500
97.455,-79.62500
97.506,-79.50000
97.557,-79.62500
97.607,-79.62500
97.658,-79.37500
97.709,-79.62500
97.759,-79.37500
97.810,-79.50000
97.861,-79.25000
97.912,-79.50000
97.962,-79.37500
98.013,-79.62500
98.063,-79.37500
98.114,-79.75000
98.165,-79.62500
98.215,-79.62500
98.266,-79.62500
98.317,-79.50000
98.367,-79.62500
98.418,-79.62500
98.469,-79.50000
98.519,-79.37500
98.570,-79.75000
98.621,-79.37500
98.671,-79.75000
98.722,-79.62500
98.772,-80.00000
98.823,-80.00000
98.874,-80.00000
98.924,-79.62500
98.975,-79.87500
99.026,-79.75000
99.076,-79.75000
99.127,-79.75000
99.178,-79.62500
99.228,-79.87500
99.279,-79.75000
99.330,-80.00000
99.380,-79.87500
99.431,-80.12500
99.481,-79.75000
99.533,-80.00000
99.584,-79.75000
99.635,-79.87500
99.685,-79.75000
99.736,-79.75000
99.787,-79.87500
99.837,-79.75000
99.888,-80.00000
99.939,-79.75000
99.989,-80.25000
100.040,-80.12500
100.090,-80.25000
100.141,-80.12500
100.192,-80.25000
100.242,-80.00000
100.293,-80.12500
100.344,-80.00000
100.394,-79.87500
100.445,-80.00000
100.495,-80.00000
100.546,-80.25000
100.597,-80.12500
100.648,-80.50000
100.699,-80.25000
100.749,-80.50000
100.800,-80.12500
100.851,-80.37500
100.901,-80.12500
100.952,-80.25000
101.003,-80.25000
101.053,-80.25000
101.104,-80.12500
101.154,-80.50000
101.205,-80.37500
101.256,-80.50000
101.306,-80.50000
101.357,-80.37500
101.408,-80.50000
101.458,-80.25000
101.509,-80.50000
101.559,-80.12500
101.610,-80.37500
101.661,-80.12500
101.712,-80.50000
101.762,-80.37500
101.813,-80.62500
101.864,-80.50000
101.914,-80.62500
101.965,-80.75000
102.016,-80.62500
102.066,-80.75000
102.117,-80.37500
102.167,-80.50000
102.218,-80.37500
102.269,-80.62500
102.319,-80.37500
102.370,-80.62500
102.422,-80.50000
102.472,-80.75000
102.523,-80.62500
102.574,-80.75000
102.624,-80.75000
102.675,-80.75000
102.726,-80.75000
102.776,-80.50000
102.827,-80.37500
102.878,-80.50000
102.929,-80.75000
102.979,-80.50000
103.030,-80.87500
103.081,-80.75000
103.132,-81.12500
103.182,-81.00000
103.233,-81.00000
103.284,-81.12500
103.334,-80.87500
103.385,-80.75000
103.436,-80.75000
103.486,-80.62500
103.537,-80.75000
103.588,-80.87500
103.639,-80.75000
103.689,-81.12500
103.740,-80.87500
103.791,-81.00000
103.841,-81.00000
103.896,-80.75000
103.946,-81.12500
103.997,-80.87500
104.048,-81.00000
104.099,-80.87500
104.149,-81.12500
104.200,-80.87500
104.251,-81.00000
104.301,-80.87500
104.352,-81.00000
104.403,-81.00000
104.453,-80.87500
104.504,-81.25000
104.555,-81.12500
104.605,-81.12500
104.656,-81.00000
104.707,-81.50000
104.758,-81.12500
104.808,-81.25000
104.859,-81.12500
104.910,-81.12500
104.960,-81.25000
105.011,-81.25000
105.062,-81.12500
105.112,-81.37500
105.163,-81.37500
105.214,-81.37500
105.264,-81.50000
105.315,-81.25000
105.366,-81.50000
105.417,-81.25000
105.467,-81.50000
105.518,-81.25000
105.569,-81.25000
105.619,-81.25000
105.670,-81.75000
105.721,-81.50000
105.771,-81.75000
105.822,-81.50000
105.873,-81.62500
105.923,-81.50000
105.974,-81.37500
106.025,-81.62500
106.076,-81.25000
106.126,-81.37500
106.177,-81.25000
106.228,-81.62500
106.278,-81.50000
106.329,-81.75000
106.380,-81.50000
106.430,-81.62500
106.481,-81.62500
106.532,-81.62500
106.583,-81.75000
106.633,-81.62500
106.684,-81.75000
106.735,-81.37500
106.785,-81.50000
106.836,-81.25000
106.887,-81.62500
106.937,-81.25000
106.988,-81.75000
107.039,-81.62500
107.089,-81.75000
107.140,-81.87500
107.191,-81.75000
107.241,-81.87500
107.292,-81.62500
107.343,-81.50000
107.394,-81.75000
107.444,-81.75000
107.495,-81.62500
107.546,-81.87500
107.596,-81.75000
107.647,-82.12500
107.698,-82.00000
107.748,-82.00000
107.799,-82.00000
107.849,-81.87500
107.900,-81.62500
107.951,-81.75000
108.001,-81.62500
108.052,-81.75000
108.103,-81.75000
108.153,-81.75000
108.204,-82.00000
108.255,-81.75000
108.305,-82.25000
108.356,-81.87500
108.407,-82.00000
108.457,-81.87500
108.508,-82.00000
108.559,-81.75000
108.609,-82.00000
108.660,-81.75000
108.710,-81.75000
108.761,-82.00000
108.812,-81.87500
108.862,-82.25000
108.913,-82.25000
108.964,-82.12500
109.014,-82.12500
109.065,-82.25000
109.116,-82.00000
109.166,-82.12500
109.217,-81.87500
109.268,-82.00000
109.318,-82.00000
109.369,-82.37500
109.420,-82.00000
109.470,-82.25000
109.521,-82.12500
109.572,-82.37500
109.622,-82.37500
109.673,-82.12500
109.724,-82.25000
109.775,-82.12500
109.825,-82.37500
109.876,-81.87500
109.927,-82.25000
109.977,-82.00000
110.028,-82.50000
110.079,-82.37500
110.129,-82.62500
110.180,-82.62500
110.231,-82.62500
110.281,-82.62500
110.332,-82.25000
110.383,-82.50000
110.433,-82.12500
110.484,-82.25000
110.535,-82.12500
110.585,-82.37500
110.636,-82.37500
110.687,-82.50000
110.738,-82.50000
110.788,-82.62500
110.839,-82.50000
110.890,-82.62500
110.940,-82.62500
110.991,-82.50000
111.042,-82.37500
111.092,-82.37500
111.143,-82.50000
111.194,-82.25000
111.244,-82.62500
111.295,-82.37500
111.346,-82.75000
111.396,-82.62500
111.447,-82.62500
111.498,-82.75000
111.548,-82.75000
111.599,-82.37500
111.650,-82.50000
111.701,-82.37500
111.751,-82.50000
111.802,-82.62500
111.853,-82.50000
111.903,-82.75000
111.954,-82.62500
112.005,-82.87500
112.055,-82.62500
112.106,-82.87500
112.157,-82.62500
112.207,-82.87500
112.258,-82.50000
112.309,-82.75000
112.359,-82.62500
112.410,-82.75000
112.461,-82.75000
112.512,-82.62500
112.562,-82.87500
112.613,-82.75000
112.664,-83.12500
112.714,-82.87500
112.765,-83.00000
112.816,-82.62500
112.866,-83.00000
112.917,-82.62500
112.968,-82.87500
113.018,-82.75000
113.069,-82.75000
113.120,-82.87500
113.170,-82.75000
113.221,-83.00000
113.272,-83.00000
113.323,-83.25000
113.373,-83.00000
113.424,-83.12500
113.475,-82.87500
113.525,-83.00000
113.576,-82.87500
113.627,-83.00000
113.677,-82.87500
113.728,-82.87500
113.779,-82.87500
113.829,-83.37500
113.880,-83.25000
113.931,-83.25000
113.981,-83.25000
114.032,-83.12500
114.083,-83.25000
114.133,-83.00000
114.184,-83.25000
114.235,-83.00000
114.286,-83.12500
114.336,-83.00000
114.387,-83.25000
114.438,-83.12500
114.488,-83.37500
114.539,-83.25000
114.590,-83.37500
114.641,-83.37500
114.691,-83.25000
114.742,-83.37500
114.793,-83.12500
114.844,-83.50000
114.894,-83.12500
114.945,-83.12500
114.996,-83.25000
115.046,-83.37500
115.097,-83.12500
115.148,-83.50000
115.199,-83.37500
115.249,-83.37500
115.300,-83.50000
115.351,-83.37500
115.401,-83.37500
115.452,-83.25000
115.503,-83.37500
115.554,-83.12500
115.604,-83.37500
115.655,-83.25000
115.706,-83.62500
115.757,-83.37500
115.807,-83.50000
115.858,-83.50000
115.909,-83.62500
115.959,-83.62500
116.010,-83.50000
116.061,-83.62500
116.112,-83.25000
116.162,-83.50000
116.213,-83.25000
116.264,-83.50000
116.314,-83.50000
116.365,-83.62500
116.416,-83.50000
116.466,-83.75000
116.517,-83.75000
116.568,-83.62500
116.618,-83.87500
116.669,-83.50000
116.720,-83.75000
116.770,-83.62500
116.821,-83.50000
116.872,-83.25000
116.922,-83.62500
116.973,-83.37500
117.024,-83.75000
117.075,-83.62500
117.125,-83.75000
117.176,-83.75000
117.227,-83.75000
117.277,-83.50000
117.328,-83.50000
117.379,-83.37500
117.429,-83.50000
117.480,-83.62500
117.531,-83.62500
117.581,-83.75000
117.632,-83.75000
117.683,-84.00000
117.733,-83.87500
117.784,-84.00000
117.835,-83.75000
117.885,-84.12500
117.936,-83.75000
117.987,-83.87500
118.037,-83.62500
118.088,-83.62500
118.139,-83.62500
118.189,-83.62500
118.240,-83.87500
118.291,-83.75000
118.341,-84.12500
118.392,-84.00000
118.443,-84.12500
118.493,-83.87500
118.544,-84.12500
118.595,-83.75000
118.645,-83.87500
118.696,-83.62500
118.747,-83.75000
118.797,-83.75000
118.848,-83.75000
118.899,-84.00000
118.950,-84.12500
119.000,-84.25000
119.051,-84.12500
119.102,-84.25000
119.152,-84.00000
119.203,-84.12500
119.253,-83.87500
119.304,-84.00000
119.355,-84.00000
119.405,-84.25000
119.456,-84.12500
119.506,-84.50000
119.557,-84.25000
119.608,-84.37500
119.658,-84.50000
119.709,-84.25000
119.760,-84.37500
119.810,-84.12500
119.861,-84.00000
119.914,-83.87500
119.964,-84.12500
120.015,-84.00000
120.066,-84.12500
120.116,-84.25000
120.167,-84.37500
120.217,-84.37500
120.268,-84.50000
120.319,-84.62500
120.369,-84.25000
120.420,-84.50000
120.471,-84.25000
120.521,-84.37500
120.572,-84.12500
120.622,-84.25000
120.673,-84.25000
120.724,-84.50000
120.774,-84.37500
120.825,-84.62500
120.876,-84.50000
120.926,-84.62500
120.977,-84.62500
121.028,-84.50000
121.079,-84.62500
121.129,-84.37500
121.180,-84.37500
121.231,-84.25000
121.281,-84.50000
121.332,-84.37500
121.383,-84.62500
121.433,-84.50000
121.484,-84.62500
121.534,-84.62500
121.585,-84.75000
121.636,-84.25000
121.686,-84.50000
121.737,-84.25000
121.788,-84.37500
121.838,-84.37500
121.889,-84.37500
121.939,-84.62500
121.990,-84.25000
122.041,-84.62500
122.093,-84.50000
122.144,-84.75000
122.195,-84.62500
122.245,-84.62500
122.296,-84.75000
122.347,-84.62500
122.397,-84.37500
122.448,-84.50000
122.499,-84.37500
122.549,-84.25000
122.600,-84.62500
122.650,-84.50000
122.701,-84.75000
122.752,-84.75000
122.802,-84.87500
122.853,-84.50000
122.904,-84.87500
122.954,-84.50000
123.005,-84.62500
123.055,-84.50000
123.106,-84.50000
123.157,-84.62500
123.207,-84.62500
123.258,-84.87500
123.309,-84.62500
123.359,-84.87500
123.410,-84.62500
123.461,-84.87500
123.511,-84.62500
123.562,-84.87500
123.613,-84.62500
123.663,-84.75000
123.714,-84.62500
123.764,-84.75000
123.815,-84.62500
123.866,-85.00000
123.916,-84.87500
123.967,-84.87500
124.018,-84.87500
124.068,-84.87500
124.119,-85.00000
124.169,-84.75000
124.220,-84.87500
124.271,-84.62500
124.322,-84.75000
124.372,-84.62500
124.423,-85.00000
124.473,-84.75000
124.524,-85.12500
124.575,-85.00000
124.625,-85.00000
124.676,-85.12500
124.727,-84.87500
124.777,-85.12500
124.828,-84.87500
124.878,-84.87500
124.929,-84.75000
124.980,-85.00000
125.030,-84.87500
125.081,-85.12500
125.132,-84.87500
125.182,-85.25000
125.233,-85.12500
125.284,-85.12500
125.334,-85.00000
125.385,-85.12500
125.436,-85.00000
125.486,-85.00000
125.537,-84.87500
125.587,-84.87500
125.638,-85.12500
125.689,-84.87500
125.740,-85.25000
125.790,-85.12500
125.841,-85.37500
125.892,-85.12500
125.942,-85.25000
125.993,-84.87500
126.044,-85.12500
126.095,-84.87500
126.145,-85.00000
126.196,-85.12500
126.247,-85.12500
126.297,-85.37500
126.348,-85.25000
126.400,-85.50000
126.450,-85.25000
126.501,-85.62500
126.552,-85.50000
126.602,-85.62500
126.653,-85.25000
126.704,-85.37500
126.754,-85.25000
126.805,-85.25000
126.855,-85.37500
126.906,-85.12500
126.957,-85.37500
127.007,-85.25000
127.058,-85.62500
127.109,-85.62500
127.159,-85.62500
127.210,-85.50000
127.261,-85.62500
127.311,-85.25000
127.362,-85.37500
127.413,-85.25000
127.463,-85.37500
127.514,-85.25000
127.565,-85.62500
127.615,-85.50000
127.666,-85.50000
127.717,-85.62500
127.767,-85.37500
127.818,-85.62500
127.869,-85.37500
127.919,-85.62500
127.970,-85.37500
128.021,-85.50000
128.071,-85.37500
128.122,-85.62500
128.172,-85.50000
128.223,-85.75000
128.274,-85.62500
128.324,-85.87500
128.375,-85.75000
128.426,-85.62500
128.476,-85.87500
128.527,-85.62500
128.578,-85.87500
128.629,-85.50000
128.679,-85.62500
128.730,-85.50000
128.780,-85.87500
128.831,-85.62500
128.882,-85.75000
128.932,-85.87500
128.983,-86.00000
129.034,-86.00000
129.084,-85.62500
129.135,-85.50000
129.185,-85.62500
129.236,-85.62500
129.287,-85.62500
129.337,-85.75000
129.388,-85.62500
129.439,-85.87500
129.489,-85.62500
129.540,-86.00000
129.591,-85.75000
129.641,-86.00000
129.692,-85.75000
129.743,-85.87500
129.793,-85.87500
129.844,-85.75000
129.894,-85.62500
129.945,-85.62500
129.996,-85.75000
130.046,-85.75000
130.097,-86.00000
130.148,-86.00000
130.198,-86.12500
130.249,-85.87500
130.299,-86.12500
130.350,-85.75000
130.401,-85.87500
130.451,-85.75000
130.502,-85.75000
130.553,-86.00000
130.603,-86.12500
130.654,-86.00000
130.705,-86.25000
130.755,-86.12500
130.806,-86.25000
130.856,-86.37500
130.907,-86.00000
130.958,-86.25000
131.008,-86.00000
131.059,-86.00000
131.110,-85.87500
131.160,-86.12500
131.211,-86.00000
131.262,-86.37500
131.312,-86.12500
131.363,-86.25000
131.414,-86.25000
131.464,-86.25000
131.515,-86.00000
131.565,-86.12500
131.616,-86.00000
131.667,-86.00000
131.718,-86.25000
131.768,-86.00000
131.819,-86.25000
131.870,-86.12500
131.920,-86.37500
131.971,-86.25000
132.022,-86.37500
132.072,-86.12500
132.123,-86.37500
132.174,-86.00000
132.224,-86.25000
132.275,-86.25000
132.326,-86.25000
132.376,-86.25000
132.427,-86.12500
132.478,-86.37500
132.528,-86.12500
132.579,-86.50000
132.629,-86.37500
132.680,-86.50000
132.731,-86.25000
132.781,-86.50000
132.832,-86.25000
132.883,-86.37500
132.933,-86.25000
132.984,-86.25000
133.035,-86.37500
133.086,-86.25000
133.136,-86.62500
133.187,-86.62500
133.238,-86.62500
133.288,-86.50000
133.339,-86.50000
133.390,-86.25000
133.441,-86.62500
133.491,-86.25000
133.542,-86.37500
133.593,-86.25000
133.643,-86.37500
133.694,-86.50000
133.745,-86.62500
133.795,-86.62500
133.846,-86.75000
133.897,-86.75000
133.948,-86.50000
133.998,-86.75000
134.049,-86.37500
134.100,-86.62500
134.150,-86.37500
134.201,-86.50000
134.252,-86.37500
134.302,-86.75000
134.353,-86.62500
134.403,-86.87500
134.454,-86.75000
134.505,-86.87500
134.555,-86.87500
134.606,-86.62500
134.657,-86.75000
134.708,-86.50000
134.759,-86.75000
134.809,-86.37500
134.860,-86.75000
134.911,-86.62500
134.963,-86.37500
135.013,-86.62500
135.064,-86.87500
135.115,-87.00000
135.165,-87.00000
135.216,-87.00000
135.267,-86.75000
135.318,-87.00000
135.368,-86.75000
135.419,-86.87500
135.470,-86.50000
135.520,-86.75000
135.571,-86.75000
135.622,-87.00000
135.673,-86.87500
135.723,-87.00000
135.774,-87.00000
135.825,-87.12500
135.876,-87.12500
135.926,-86.87500
135.977,-87.25000
136.028,-86.75000
136.079,-87.00000
136.130,-86.75000
136.181,-86.87500
136.231,-86.87500
136.282,-86.87500
136.333,-87.00000
136.383,-87.25000
136.434,-87.12500
136.485,-87.12500
136.536,-87.25000
136.587,-86.87500
136.637,-87.25000
136.688,-86.87500
136.739,-87.12500
136.789,-86.87500
136.840,-87.00000
136.891,-86.87500
136.941,-87.25000
136.992,-86.87500
137.043,-87.25000
137.093,-87.12500
137.144,-87.25000
137.195,-87.25000
137.246,-87.12500
137.296,-87.25000
137.347,-87.00000
137.398,-87.12500
137.448,-86.87500
137.499,-87.00000
137.550,-87.12500
137.601,-87.37500
137.651,-87.25000
137.702,-87.37500
137.754,-87.37500
137.805,-87.25000
137.856,-87.50000
137.906,-87.12500
137.957,-87.37500
138.008,-87.12500
138.059,-87.25000
138.110,-87.00000
138.162,-87.12500
138.213,-87.00000
138.264,-87.00000
138.315,-87.25000
138.365,-87.00000
138.416,-87.25000
138.467,-87.12500
138.518,-87.50000
138.569,-87.25000
138.619,-87.50000
138.670,-87.50000
138.721,-87.25000
138.772,-87.37500
138.822,-87.00000
138.873,-87.12500
138.924,-87.12500
138.976,-87.25000
139.028,-87.12500
139.080,-87.25000
139.131,-87.25000
139.181,-87.12500
139.232,-87.50000
139.283,-87.25000
139.334,-87.62500
139.384,-87.50000
139.437,-87.62500
139.489,-87.50000
139.540,-87.50000
139.591,-87.62500
139.642,-87.25000
139.693,-87.50000
139.743,-87.25000
139.794,-87.62500
139.845,-87.37500
139.895,-87.50000
139.946,-87.50000
139.997,-87.25000
140.047,-87.62500
140.098,-87.75000
140.149,-87.75000
140.200,-87.62500
140.250,-87.75000
140.301,-87.50000
140.352,-87.62500
140.402,-87.50000
140.453,-87.50000
140.504,-87.37500
140.554,-87.25000
140.605,-87.37500
140.656,-87.25000
140.707,-87.62500
140.757,-87.75000
140.808,-87.87500
140.859,-87.62500
140.909,-87.75000
140.960,-87.50000
141.011,-87.62500
141.062,-87.50000
141.112,-87.62500
141.163,-87.62500
141.214,-87.62500
141.264,-87.62500
141.315,-87.87500
141.366,-87.87500
141.416,-88.00000
141.467,-87.75000
141.518,-87.62500
141.569,-87.87500
141.619,-87.62500
141.670,-87.87500
141.721,-87.62500
141.771,-87.75000
141.822,-87.62500
141.873,-88.00000
141.924,-87.62500
141.974,-88.12500
142.025,-87.87500
142.076,-88.00000
142.126,-88.00000
142.177,-87.87500
142.228,-88.00000
142.278,-87.62500
142.329,-88.00000
142.380,-87.62500
142.431,-87.87500
142.481,-87.75000
142.532,-88.00000
142.583,-87.75000
142.633,-88.25000
142.684,-88.00000
142.735,-88.12500
142.786,-88.12500
142.836,-88.00000
142.887,-88.12500
142.938,-88.00000
142.989,-88.25000
143.039,-88.00000
143.090,-88.00000
143.141,-87.87500
143.191,-88.25000
143.242,-87.75000
143.293,-88.25000
143.344,-88.12500
143.394,-88.12500
143.445,-88.37500
143.497,-88.25000
143.548,-88.37500
143.599,-88.00000
143.649,-88.12500
143.700,-87.87500
143.751,-88.00000
143.802,-87.87500
143.853,-88.00000
143.903,-88.00000
143.954,-88.37500
144.005,-88.25000
144.055,-88.37500
144.106,-88.37500
144.157,-88.25000
144.208,-88.50000
144.258,-88.12500
144.309,-88.25000
144.360,-88.12500
144.410,-88.12500
144.461,-88.00000
144.512,-88.00000
144.563,-88.12500
144.613,-88.50000
144.664,-88.25000
144.715,-88.37500
144.765,-88.50000
144.816,-88.37500
144.867,-88.50000
144.918,-88.12500
144.969,-88.25000
145.019,-88.12500
145.070,-88.37500
145.121,-88.12500
145.171,-88.25000
145.222,-88.37500
145.273,-88.62500
145.323,-88.50000
145.374,-88.50000
145.425,-88.50000
145.476,-88.37500
145.526,-88.50000
145.577,-88.25000
145.628,-88.50000
145.678,-88.25000
145.729,-88.37500
145.780,-88.25000
145.830,-88.62500
145.881,-88.37500
145.932,-88.75000
145.983,-88.50000
146.033,-88.75000
146.084,-88.75000
146.135,-88.50000
146.185,-88.62500
146.236,-88.37500
146.287,-88.50000
146.338,-88.25000
146.388,-88.62500
146.439,-88.37500
146.490,-88.75000
146.541,-88.62500
146.591,-88.75000
146.642,-88.75000
146.693,-88.75000
146.744,-88.75000
146.795,-88.62500
146.845,-88.75000
146.896,-88.50000
146.947,-88.75000
146.998,-88.50000
147.048,-88.62500
147.099,-88.50000
147.150,-88.87500
147.201,-88.62500
147.251,-89.00000
147.302,-89.00000
147.353,-89.00000
147.404,-89.12500
147.454,-88.87500
147.505,-89.00000
147.556,-88.62500
147.606,-88.87500
147.657,-88.50000
147.708,-88.87500
147.758,-88.62500
147.809,-89.00000
147.860,-88.75000
147.911,-88.87500
147.961,-88.87500
148.012,-88.87500
148.063,-89.00000
148.113,-88.87500
148.164,-89.00000
148.215,-88.75000
148.266,-88.87500
148.317,-88.62500
148.367,-89.00000
148.418,-88.75000
148.469,-89.12500
148.519,-88.75000
148.570,-89.12500
148.621,-89.12500
148.672,-89.00000
148.722,-89.25000
148.773,-89.00000
148.824,-89.12500
148.877,-88.75000
148.930,-88.87500
148.981,-89.00000
149.031,-88.75000
149.082,-89.00000
149.133,-88.75000
149.184,-88.87500
149.234,-88.75000
149.285,-89.00000
149.337,-88.87500
149.388,-89.25000
149.439,-89.12500
149.490,-89.12500
149.541,-89.25000
149.592,-89.12500
149.642,-89.25000
149.693,-88.87500
149.744,-89.00000
149.794,-88.75000
149.845,-88.87500
149.896,-88.75000
149.946,-88.87500
149.997,-89.12500
150.048,-89.00000
150.099,-89.37500
150.150,-89.25000
150.201,-89.50000
150.251,-89.12500
150.302,-89.25000
150.353,-89.00000
150.404,-89.25000
150.454,-89.00000
150.505,-89.12500
150.556,-89.00000
150.606,-89.12500
150.657,-89.00000
150.708,-89.37500
150.758,-89.37500
150.809,-89.25000
150.860,-89.37500
150.910,-89.25000
150.961,-89.50000
151.012,-89.00000
151.063,-89.12500
151.113,-88.87500
151.164,-89.00000
151.215,-89.00000
151.266,-89.00000
151.316,-89.25000
151.367,-89.37500
151.418,-89.25000
151.468,-89.37500
151.519,-89.50000
151.570,-89.12500
151.620,-89.37500
151.671,-89.12500
151.722,-89.37500
151.772,-89.25000
151.823,-89.25000
151.874,-89.25000
151.925,-89.50000
151.975,-89.37500
152.026,-89.50000
152.077,-89.50000
152.127,-89.62500
152.178,-89.62500
152.229,-89.37500
152.280,-89.62500
152.330,-89.25000
152.381,-89.50000
152.432,-89.25000
152.482,-89.37500
152.533,-89.25000
152.584,-89.62500
152.634,-89.37500
152.685,-89.62500
152.736,-89.62500
152.787,-89.62500
152.837,-89.75000
152.888,-89.37500
152.939,-89.62500
152.989,-89.25000
153.040,-89.50000
153.091,-89.37500
153.142,-89.50000
153.192,-89.37500
153.243,-89.75000
153.297,-89.50000
153.348,-89.25000
153.399,-89.62500
153.450,-89.50000
153.501,-89.62500
153.552,-89.62500
153.602,-89.75000
153.653,-89.87500
153.704,-89.62500
153.755,-89.37500
153.805,-89.37500
153.856,-89.50000
153.907,-89.37500
153.958,-89.62500
154.008,-89.37500
154.059,-89.75000
154.110,-89.50000
154.161,-89.75000
154.211,-89.62500
154.262,-89.87500
154.313,-89.87500
154.364,-89.75000
154.414,-89.87500
154.465,-89.62500
154.516,-89.75000
154.567,-89.50000
154.617,-89.75000
154.668,-89.50000
154.719,-89.87500
154.770,-89.50000
154.820,-89.87500
154.871,-89.75000
154.922,-90.00000
154.973,-90.00000
155.024,-89.75000
155.075,-89.87500
155.126,-89.62500
155.176,-89.75000
155.227,-89.50000
155.279,-89.62500
155.330,-89.75000
155.381,-89.62500
155.431,-89.75000
155.482,-90.00000
155.533,-90.00000
155.583,-90.00000
155.634,-90.00000
155.685,-89.87500
155.735,-90.12500
155.786,-89.75000
155.837,-90.12500
155.887,-89.75000
155.938,-89.87500
155.988,-89.75000
156.039,-90.12500
156.090,-89.75000
156.140,-90.12500
156.191,-90.00000
156.242,-90.12500
156.292,-90.12500
156.343,-89.87500
156.394,-90.12500
156.444,-89.87500
156.495,-89.75000
156.546,-89.62500
156.597,-90.00000
156.647,-89.87500
156.698,-90.12500
156.749,-90.00000
156.800,-90.37500
156.850,-90.12500
156.901,-90.25000
156.952,-90.37500
157.002,-90.12500
157.053,-90.25000
157.104,-90.00000
157.155,-90.00000
157.205,-89.87500
157.256,-90.25000
157.307,-90.00000
157.357,-90.37500
157.408,-90.12500
157.459,-90.37500
157.510,-90.25000
157.560,-90.12500
157.611,-90.37500
157.662,-90.12500
157.713,-90.00000
157.763,-90.00000
157.814,-90.00000
157.865,-89.87500
157.915,-90.12500
157.966,-90.00000
158.017,-90.25000
158.068,-90.12500
158.118,-90.37500
158.169,-90.25000
158.220,-90.25000
158.270,-90.37500
158.321,-90.25000
158.372,-90.12500
158.422,-90.25000
158.473,-90.25000
158.524,-90.12500
158.575,-90.25000
158.625,-90.12500
158.676,-90.50000
158.727,-90.37500
158.777,-90.62500
158.828,-90.37500
158.879,-90.37500
158.929,-90.12500
158.980,-90.25000
159.031,-90.12500
159.082,-90.12500
159.132,-90.12500
159.183,-90.12500
159.234,-90.37500
159.284,-90.25000
159.335,-90.62500
159.386,-90.25000
159.436,-90.50000
159.487,-90.12500
159.538,-90.50000
159.588,-90.12500
159.639,-90.50000
159.690,-90.25000
159.740,-90.25000
159.791,-90.37500
159.842,-90.37500
159.892,-90.50000
159.943,-90.25000
159.994,-90.62500
160.044,-90.37500
160.095,-90.50000
160.146,-90.37500
160.196,-90.62500
160.247,-90.25000
160.298,-90.37500
160.348,-90.37500
160.399,-90.25000
160.450,-90.25000
160.500,-90.75000
160.551,-90.62500
160.602,-90.75000
160.652,-90.75000
160.703,-90.50000
160.754,-90.75000
160.805,-90.37500
160.855,-90.75000
160.906,-90.50000
160.957,-90.50000
161.007,-90.37500
161.058,-90.50000
161.109,-90.50000
161.160,-90.87500
161.210,-90.75000
161.261,-90.87500
161.312,-90.87500
161.362,-90.62500
161.413,-90.87500
161.463,-90.75000
161.514,-90.75000
161.565,-90.50000
161.615,-90.75000
161.666,-90.50000
161.717,-90.87500
161.767,-90.62500
161.818,-91.00000
161.869,-90.87500
161.919,-90.75000
161.970,-91.00000
162.021,-90.87500
162.071,-90.87500
162.122,-90.62500
162.173,-90.50000
162.223,-90.50000
162.274,-90.75000
162.324,-90.62500
162.375,-91.00000
162.426,-90.75000
162.476,-91.00000
162.527,-90.87500
162.578,-91.00000
162.628,-90.75000
162.679,-90.87500
162.730,-90.50000
162.780,-90.75000
162.831,-90.75000
162.882,-90.75000
162.932,-90.87500
162.983,-90.62500
163.034,-91.00000
163.084,-90.75000
163.135,-91.12500
163.186,-91.00000
163.236,-91.12500
163.287,-90.87500
163.338,-91.00000
163.389,-90.75000
163.439,-90.87500
163.490,-90.87500
163.540,-90.75000
163.591,-91.12500
163.642,-91.25000
163.692,-91.12500
163.743,-91.25000
163.794,-91.25000
163.845,-91.00000
163.896,-91.12500
163.947,-90.87500
163.997,-91.12500
164.048,-90.87500
164.099,-91.00000
164.149,-91.00000
164.200,-90.87500
164.251,-91.12500
164.301,-91.25000
164.352,-91.25000
164.403,-91.12500
164.453,-91.25000
164.504,-91.00000
164.555,-91.25000
164.605,-90.87500
164.656,-91.12500
164.706,-90.75000
164.757,-91.00000
164.808,-90.87500
164.858,-91.37500
164.909,-91.12500
164.960,-91.25000
165.010,-91.37500
165.061,-91.37500
165.112,-91.37500
165.162,-91.00000
165.213,-91.37500
165.264,-91.00000
165.315,-91.25000
165.365,-91.00000
165.416,-91.25000
165.467,-91.00000
165.517,-91.50000
165.568,-91.25000
165.619,-91.37500
165.669,-91.37500
165.720,-91.25000
165.771,-91.37500
165.821,-91.25000
165.872,-91.37500
165.923,-91.00000
165.974,-91.12500
166.025,-91.00000
166.075,-91.37500
166.126,-91.12500
166.177,-91.62500
166.228,-91.37500
166.278,-91.50000
166.329,-91.62500
166.380,-91.50000
166.431,-91.62500
166.482,-91.25000
166.535,-91.50000
166.585,-91.25000
166.636,-91.37500
166.689,-91.62500
166.741,-91.25000
166.791,-91.37500
166.843,-91.25000
166.894,-91.37500
166.945,-91.25000
166.996,-91.25000
167.047,-91.37500
167.098,-91.25000
167.149,-91.62500
167.200,-91.50000
167.251,-91.75000
167.301,-91.50000
167.352,-91.62500
167.403,-91.37500
167.453,-91.50000
167.504,-91.25000
167.555,-91.37500
167.605,-91.37500
167.656,-91.25000
167.707,-91.50000
167.758,-91.25000
167.808,-91.50000
167.859,-91.37500
167.910,-91.62500
167.961,-91.62500
168.012,-91.62500
168.063,-91.62500
168.117,-91.62500
168.168,-91.62500
168.219,-91.50000
168.269,-91.62500
168.320,-91.37500
168.371,-91.62500
168.422,-91.37500
168.472,-91.37500
168.525,-91.62500
168.577,-91.50000
168.627,-91.62500
168.678,-91.50000
168.729,-91.75000
168.780,-91.75000
168.831,-91.75000
168.882,-91.75000
168.932,-91.75000
168.983,-91.87500
169.034,-91.62500
169.085,-91.87500
169.135,-91.50000
169.186,-91.87500
169.237,-91.50000
169.288,-91.75000
169.338,-91.62500
169.389,-92.00000
169.440,-91.75000
169.491,-92.00000
169.541,-92.00000
169.592,-91.87500
169.644,-92.00000
169.695,-91.75000
169.745,-91.87500
169.796,-91.50000
169.847,-91.75000
169.898,-91.62500
169.948,-91.62500
169.999,-91.75000
170.050,-91.62500
170.101,-91.87500
170.151,-92.00000
170.202,-91.87500
170.253,-92.00000
170.303,-92.12500
170.354,-91.87500
170.405,-92.12500
170.456,-91.75000
170.506,-91.87500
170.557,-91.75000
170.608,-91.75000
170.659,-91.75000
170.709,-92.12500
170.760,-92.12500
170.811,-92.00000
170.862,-92.12500
170.912,-92.12500
170.963,-92.00000
171.014,-91.75000
171.064,-92.12500
171.115,-91.75000
171.166,-91.87500
171.217,-91.75000
171.267,-92.00000
171.321,-92.00000
171.372,-91.87500
171.423,-92.12500
171.474,-91.87500
171.524,-92.25000
171.575,-92.12500
171.626,-92.12500
171.677,-92.12500
171.727,-92.12500
171.778,-92.25000
171.829,-92.00000
171.879,-91.87500
171.930,-91.87500
171.981,-91.87500
172.032,-91.87500
172.082,-92.25000
172.133,-92.00000
172.184,-92.25000
172.235,-92.12500
172.285,-92.25000
172.336,-92.25000
172.387,-92.12500
172.437,-92.25000
172.488,-91.87500
172.539,-92.00000
172.589,-92.00000
172.640,-92.12500
172.691,-92.12500
172.742,-92.25000
172.792,-92.00000
172.843,-92.37500
172.894,-92.25000
172.944,-92.37500
172.995,-92.37500
173.046,-92.37500
173.097,-92.12500
173.147,-92.25000
173.198,-92.00000
173.249,-92.00000
173.299,-92.12500
173.350,-92.00000
173.401,-92.50000
173.452,-92.25000
173.505,-92.12500
173.556,-92.37500
173.607,-92.50000
173.658,-92.50000
173.709,-92.50000
173.759,-92.50000
173.810,-92.37500
173.861,-92.50000
173.912,-92.25000
173.962,-92.25000
174.013,-92.12500
174.064,-92.25000
174.114,-92.12500
174.165,-92.12500
174.216,-92.37500
174.266,-92.50000
174.317,-92.50000
174.368,-92.50000
174.418,-92.62500
174.469,-92.37500
174.519,-92.62500
174.570,-92.25000
174.621,-92.50000
174.672,-92.25000
174.722,-92.50000
174.773,-92.37500
174.823,-92.75000
174.874,-92.50000
174.925,-92.62500
174.975,-92.62500
175.026,-92.50000
175.077,-92.62500
175.128,-92.37500
175.178,-92.62500
175.229,-92.37500
175.280,-92.37500
175.330,-92.25000
175.381,-92.62500
175.431,-92.37500
175.482,-92.75000
175.533,-92.37500
175.583,-92.50000
175.634,-92.62500
175.685,-92.50000
175.736,-92.62500
175.786,-92.50000
175.837,-92.25000
175.888,-92.25000
175.938,-92.50000
175.989,-92.37500
176.040,-92.62500
176.091,-92.50000
176.142,-92.62500
176.192,-92.62500
176.243,-92.75000
176.294,-92.75000
176.344,-92.62500
176.395,-92.87500
176.446,-92.62500
176.497,-92.50000
176.547,-92.50000
176.598,-92.75000
176.649,-92.50000
176.699,-92.87500
176.750,-92.50000
176.801,-92.87500
176.852,-92.87500
176.902,-92.87500
176.953,-93.00000
177.004,-92.87500
177.055,-92.62500
177.105,-92.62500
177.156,-92.50000
177.207,-92.62500
177.258,-92.75000
177.308,-92.50000
177.359,-92.87500
177.410,-92.62500
177.460,-92.87500
177.511,-92.75000
177.562,-92.87500
177.612,-93.00000
177.663,-92.75000
177.714,-92.62500
177.764,-92.75000
177.815,-92.75000
177.866,-92.62500
177.917,-92.87500
177.967,-92.75000
178.018,-93.00000
178.069,-92.62500
178.120,-93.12500
178.170,-93.00000
178.221,-93.00000
178.272,-92.75000
178.322,-93.00000
178.373,-92.75000
178.424,-92.87500
178.474,-92.75000
178.525,-92.75000
178.576,-92.75000
178.627,-92.75000
178.677,-93.00000
178.728,-92.87500
178.779,-93.12500
178.829,-93.00000
178.880,-93.00000
178.931,-92.87500
178.982,-93.00000
179.033,-92.75000
179.083,-92.87500
179.134,-92.87500
179.185,-92.87500
179.235,-93.00000
179.286,-92.75000
179.337,-93.00000
179.387,-92.75000
179.438,-93.12500
179.489,-92.87500
179.540,-93.25000
179.591,-93.00000
179.641,-93.12500
179.692,-92.87500
179.743,-93.00000
179.794,-92.87500
179.844,-92.87500
179.895,-93.00000
179.946,-92.87500
179.996,-93.25000
