time(s),mvs
0.000,-99.12500
0.051,-98.75000
0.101,-99.25000
0.152,-98.87500
0.203,-99.25000
0.253,-99.12500
0.304,-99.37500
0.354,-99.25000
0.405,-99.50000
0.456,-99.37500
0.506,-99.50000
0.557,-99.50000
0.608,-99.62500
0.658,-99.37500
0.709,-99.62500
0.760,-99.37500
0.810,-99.75000
0.861,-99.37500
0.912,-99.75000
0.962,-99.37500
1.013,-99.37500
1.063,-99.62500
1.114,-99.50000
1.165,-99.50000
1.215,-99.62500
1.266,-99.62500
1.317,-99.75000
1.367,-99.75000
1.418,-99.75000
1.468,-100.12500
1.519,-99.87500
1.570,-100.12500
1.620,-99.87500
1.671,-100.25000
1.725,-100.12500
1.776,-99.87500
1.826,-100.12500
1.877,-100.25000
1.928,-100.25000
1.978,-100.00000
2.029,-99.12500
2.079,-95.50000
2.130,-85.87500
2.181,-61.50000
2.231,-14.37500
2.282,12.00000
2.333,27.50000
2.383,39.50000
2.434,51.37500
2.485,62.25000
2.535,67.12500
2.586,75.00000
2.636,81.12500
2.687,85.37500
2.738,88.75000
2.788,91.37500
2.839,93.50000
2.890,95.12500
2.940,97.00000
2.991,98.12500
3.042,99.87500
3.092,100.87500
3.143,102.50000
3.194,103.25000
3.245,104.75000
3.295,105.50000
3.346,106.75000
3.397,107.62500
3.447,108.50000
3.498,110.00000
3.549,111.12500
3.599,112.62500
3.650,113.87500
3.701,115.25000
3.751,116.62500
3.802,117.75000
3.853,118.87500
3.903,120.12500
3.954,121.00000
4.005,122.00000
4.055,122.75000
4.106,123.75000
4.157,124.37500
4.208,125.37500
4.258,126.12500
4.309,127.00000
4.360,127.87500
4.410,128.62500
4.461,129.37500
4.512,130.00000
4.563,130.37500
4.613,131.25000
4.664,131.50000
4.715,132.25000
4.765,132.37500
4.816,133.00000
4.867,132.87500
4.917,133.50000
4.968,133.50000
5.019,133.87500
5.070,134.00000
5.120,134.62500
5.171,134.62500
5.222,135.12500
5.272,135.00000
5.323,135.50000
5.374,135.37500
5.425,135.62500
5.475,135.25000
5.526,135.50000
5.577,135.12500
5.627,135.37500
5.678,135.25000
5.729,135.25000
5.779,135.12500
5.830,135.00000
5.881,134.62500
5.932,134.62500
5.982,134.25000
6.033,134.12500
6.084,133.62500
6.134,133.62500
6.185,133.25000
6.236,133.25000
6.287,132.87500
6.337,132.50000
6.388,132.37500
6.439,132.12500
6.489,131.87500
6.540,131.75000
6.591,131.37500
6.641,131.25000
6.692,130.87500
6.743,130.75000
6.793,130.37500
6.844,130.37500
6.895,130.37500
6.946,130.00000
6.996,130.00000
7.047,129.75000
7.098,129.75000
7.149,129.37500
7.199,129.25000
7.250,128.87500
7.301,128.87500
7.351,128.62500
7.402,128.50000
7.453,128.12500
7.504,128.25000
7.554,127.75000
7.605,127.75000
7.656,127.25000
7.706,127.25000
7.757,126.87500
7.808,126.87500
7.858,126.37500
7.909,126.37500
7.960,126.00000
8.010,125.75000
8.061,125.50000
8.112,125.37500
8.162,125.12500
8.213,125.12500
8.264,124.87500
8.314,124.87500
8.365,124.37500
8.416,124.25000
8.466,124.00000
8.517,124.00000
8.568,123.87500
8.618,123.62500
8.669,123.62500
8.719,123.37500
8.770,123.12500
8.821,122.87500
8.871,122.62500
8.922,122.37500
8.973,122.12500
9.023,121.62500
9.074,121.75000
9.124,121.25000
9.175,121.37500
9.229,121.12500
9.280,120.87500
9.330,120.75000
9.381,120.37500
9.431,119.87500
9.482,119.87500
9.533,119.50000
9.583,119.50000
9.634,119.25000
9.685,119.00000
9.735,118.75000
9.786,118.62500
9.836,118.37500
9.887,118.62500
9.938,118.12500
9.988,118.25000
10.039,117.75000
10.090,117.62500
10.140,117.25000
10.191,117.25000
10.241,116.75000
10.292,116.87500
10.343,116.62500
10.393,116.37500
10.444,116.00000
10.495,116.00000
10.545,115.62500
10.596,115.62500
10.647,115.12500
10.697,115.12500
10.748,114.50000
10.798,114.62500
10.849,114.12500
10.900,113.87500
10.950,113.62500
11.001,113.37500
11.052,113.00000
11.102,112.87500
11.153,112.62500
11.203,112.62500
11.254,112.12500
11.305,111.87500
11.355,112.12500
11.406,111.62500
11.457,111.62500
11.507,111.12500
11.558,111.25000
11.609,110.87500
11.659,110.75000
11.710,110.37500
11.760,110.12500
11.811,109.75000
11.862,109.87500
11.912,109.37500
11.963,109.25000
12.014,108.87500
12.064,108.87500
12.115,108.37500
12.165,108.25000
12.216,107.75000
12.267,107.62500
12.318,107.12500
12.368,107.00000
12.419,106.75000
12.470,106.62500
12.520,106.25000
12.571,106.12500
12.622,105.62500
12.672,105.75000
12.723,105.12500
12.774,105.25000
12.824,105.12500
12.875,104.75000
12.925,104.62500
12.976,104.25000
13.027,104.12500
13.077,103.75000
13.128,103.62500
13.179,103.25000
13.229,103.12500
13.280,102.62500
13.331,102.50000
13.381,102.00000
13.432,102.00000
13.483,101.37500
13.533,101.37500
13.584,100.75000
13.635,100.75000
13.685,100.25000
13.736,100.12500
13.786,99.62500
13.837,99.50000
13.888,99.37500
13.938,99.25000
13.989,98.75000
14.040,98.62500
14.090,98.12500
14.141,98.25000
14.192,97.62500
14.242,97.75000
14.293,97.50000
14.343,97.12500
14.394,97.00000
14.445,96.62500
14.495,96.50000
14.546,96.00000
14.597,95.87500
14.647,95.75000
14.698,95.50000
14.749,95.12500
14.799,94.75000
14.850,94.25000
14.900,94.12500
14.951,93.62500
15.002,93.62500
15.052,93.12500
15.103,93.00000
15.154,92.62500
15.204,92.37500
15.255,92.12500
15.306,92.00000
15.356,91.50000
15.407,91.62500
15.457,91.00000
15.508,91.00000
15.559,90.37500
15.609,90.37500
15.660,89.87500
15.711,89.87500
15.761,89.62500
15.812,89.37500
15.863,89.12500
15.913,88.87500
15.964,88.62500
16.015,88.37500
16.065,88.00000
16.116,87.87500
16.166,87.50000
16.217,87.37500
16.268,86.87500
16.318,86.37500
16.369,86.25000
16.420,85.87500
16.470,85.75000
16.521,85.25000
16.571,85.00000
16.622,84.75000
16.673,84.50000
16.724,84.25000
16.774,84.25000
16.825,83.75000
16.876,83.75000
16.926,83.12500
16.977,83.25000
17.028,82.75000
17.078,82.62500
17.129,82.12500
17.179,82.12500
17.230,81.75000
17.281,81.50000
17.331,81.25000
17.382,81.00000
17.432,80.62500
17.483,80.50000
17.534,80.00000
17.585,79.87500
17.635,79.50000
17.686,79.37500
17.737,78.87500
17.787,78.50000
17.838,78.37500
17.889,78.00000
17.939,77.87500
17.990,77.62500
18.041,77.25000
18.091,77.12500
18.142,76.75000
18.193,76.62500
18.243,76.12500
18.294,76.12500
18.344,76.12500
18.395,75.62500
18.446,75.50000
18.496,75.12500
18.547,75.12500
18.598,74.62500
18.648,74.62500
18.699,74.25000
18.750,74.00000
18.800,73.50000
18.851,73.50000
18.902,72.87500
18.952,72.87500
19.003,72.37500
19.054,72.50000
19.105,71.87500
19.155,71.87500
19.206,71.37500
19.257,71.37500
19.307,70.75000
19.358,70.75000
19.409,70.37500
19.459,70.25000
19.510,69.75000
19.561,69.75000
19.612,69.37500
19.662,69.25000
19.713,68.87500
19.764,68.75000
19.814,68.37500
19.865,68.37500
19.916,68.25000
19.966,67.75000
20.017,67.75000
20.068,67.25000
20.119,67.25000
20.169,66.87500
20.220,66.62500
20.271,66.37500
20.321,66.12500
20.372,65.87500
20.423,65.75000
20.474,65.37500
20.524,65.00000
20.575,64.62500
20.626,64.62500
20.676,64.00000
20.727,64.12500
20.778,63.75000
20.828,63.50000
20.879,63.12500
20.930,63.00000
20.981,62.75000
21.031,62.50000
21.082,62.25000
21.133,62.25000
21.184,61.87500
21.234,61.87500
21.285,61.37500
21.336,61.50000
21.386,61.00000
21.437,61.12500
21.488,60.62500
21.538,60.50000
21.589,60.12500
21.640,60.12500
21.690,59.87500
21.741,59.62500
21.792,59.37500
21.843,59.25000
21.893,58.75000
21.944,58.75000
21.995,58.37500
22.045,58.25000
22.096,57.87500
22.150,57.75000
22.201,57.37500
22.252,57.37500
22.302,56.87500
22.353,56.87500
22.404,56.50000
22.454,56.50000
22.505,55.87500
22.556,56.00000
22.606,55.50000
22.657,55.62500
22.708,55.00000
22.758,54.87500
22.809,54.62500
22.860,54.62500
22.911,54.25000
22.961,54.25000
23.012,53.87500
23.063,53.87500
23.113,53.50000
23.164,53.37500
23.215,53.12500
23.265,52.87500
23.316,53.00000
23.367,52.75000
23.417,52.62500
23.468,52.50000
23.519,51.87500
23.570,51.75000
23.620,51.62500
23.671,51.50000
23.722,51.25000
23.772,51.12500
23.823,50.87500
23.874,50.37500
23.924,50.37500
23.975,49.87500
24.026,49.87500
24.077,49.37500
24.127,49.37500
24.178,49.12500
24.229,49.00000
24.280,48.50000
24.330,48.37500
24.381,48.25000
24.432,48.00000
24.482,47.87500
24.533,47.87500
24.584,47.37500
24.635,47.50000
24.685,47.12500
24.736,47.12500
24.787,46.62500
24.837,46.87500
24.888,46.37500
24.939,46.37500
24.990,46.00000
25.040,46.00000
25.091,45.62500
25.142,45.75000
25.192,45.25000
25.243,45.25000
25.297,44.87500
25.347,44.75000
25.398,44.50000
25.449,44.37500
25.500,44.12500
25.550,43.87500
25.601,43.50000
25.652,43.62500
25.702,43.12500
25.753,43.12500
25.804,42.62500
25.855,42.75000
25.905,42.25000
25.956,42.37500
26.007,41.87500
26.057,41.87500
26.108,41.50000
26.159,41.50000
26.210,41.12500
26.260,41.12500
26.311,40.75000
26.362,40.75000
26.413,40.37500
26.463,40.37500
26.514,40.00000
26.565,40.12500
26.615,39.75000
26.666,39.75000
26.717,39.25000
26.768,39.37500
26.818,39.25000
26.869,39.12500
26.920,39.00000
26.970,38.75000
27.021,38.50000
27.072,38.50000
27.122,38.25000
27.173,38.00000
27.224,37.75000
27.275,37.75000
27.325,37.37500
27.376,37.00000
27.427,37.00000
27.477,36.62500
27.528,36.62500
27.579,36.25000
27.630,36.25000
27.680,35.87500
27.731,35.75000
27.782,35.50000
27.832,35.25000
27.883,35.12500
27.934,35.25000
27.984,34.87500
28.035,35.00000
28.086,34.62500
28.137,34.75000
28.187,34.37500
28.238,34.50000
28.289,34.00000
28.339,33.87500
28.390,33.50000
28.441,33.62500
28.491,33.25000
28.542,33.25000
28.593,32.87500
28.644,32.87500
28.694,32.50000
28.745,32.62500
28.796,32.25000
28.846,32.25000
28.897,31.87500
28.948,31.87500
28.998,31.50000
29.049,31.62500
29.100,31.25000
29.151,31.00000
29.201,30.75000
29.252,30.75000
29.303,30.37500
29.353,30.37500
29.404,30.12500
29.454,30.00000
29.505,29.62500
29.556,29.62500
29.607,29.37500
29.657,29.37500
29.708,29.50000
29.759,29.12500
29.809,29.12500
29.860,28.87500
29.911,28.75000
29.961,28.62500
30.012,28.37500
30.063,28.25000
30.113,28.25000
30.164,27.75000
30.214,27.87500
30.265,27.25000
30.316,27.37500
30.366,27.00000
30.417,26.87500
30.468,26.62500
30.518,26.75000
30.569,26.37500
30.619,26.37500
30.670,26.12500
30.721,26.00000
30.771,25.75000
30.822,25.87500
30.873,25.37500
30.923,25.37500
30.974,25.00000
31.025,25.25000
31.075,25.12500
31.126,24.87500
31.176,24.62500
31.227,24.50000
31.278,24.50000
31.328,24.37500
31.379,24.12500
31.430,24.00000
31.480,23.75000
31.531,23.62500
31.582,23.37500
31.632,23.00000
31.683,23.12500
31.734,22.75000
31.784,22.75000
31.835,22.50000
31.886,22.50000
31.936,22.00000
31.987,22.12500
32.037,21.75000
32.088,21.87500
32.139,21.37500
32.189,21.62500
32.240,21.12500
32.291,21.12500
32.341,20.87500
32.392,20.87500
32.443,20.50000
32.493,20.75000
32.544,20.12500
32.594,20.50000
32.645,20.25000
32.696,20.00000
32.746,19.87500
32.797,19.75000
32.848,19.50000
32.898,19.62500
32.949,19.25000
33.000,19.12500
33.050,18.87500
33.101,18.50000
33.152,18.50000
33.202,18.25000
33.253,18.25000
33.304,17.87500
33.354,17.87500
33.405,17.75000
33.456,17.62500
33.506,17.50000
33.557,17.25000
33.608,17.25000
33.659,17.37500
33.709,17.00000
33.760,17.12500
33.811,16.75000
33.861,16.75000
33.912,16.50000
33.963,16.50000
34.014,16.12500
34.064,16.25000
34.115,15.87500
34.166,16.00000
34.216,15.50000
34.267,15.62500
34.318,15.25000
34.368,15.25000
34.419,15.00000
34.470,15.12500
34.521,14.75000
34.571,14.75000
34.622,14.37500
34.673,14.50000
34.723,14.00000
34.774,14.12500
34.825,13.75000
34.876,13.62500
34.926,13.50000
34.977,13.50000
35.028,13.12500
35.079,13.12500
35.129,12.87500
35.180,12.87500
35.231,12.62500
35.281,12.62500
35.332,12.25000
35.383,12.37500
35.433,12.37500
35.484,12.00000
35.535,12.00000
35.586,11.75000
35.636,11.87500
35.687,11.62500
35.738,11.50000
35.788,11.37500
35.839,11.25000
35.890,11.12500
35.941,11.00000
35.991,10.87500
36.043,10.75000
36.094,10.62500
36.145,10.37500
36.195,10.37500
36.246,10.00000
36.297,9.62500
36.348,9.75000
36.398,9.50000
36.449,9.50000
36.500,9.12500
36.550,9.12500
36.601,8.87500
36.652,8.75000
36.703,8.62500
36.753,8.50000
36.804,8.37500
36.855,8.50000
36.905,8.12500
36.956,8.37500
37.009,7.75000
37.060,7.75000
37.110,7.50000
37.161,7.62500
37.212,7.37500
37.263,7.50000
37.313,7.25000
37.364,7.12500
37.415,6.87500
37.465,7.00000
37.516,6.62500
37.567,6.62500
37.617,6.37500
37.668,6.50000
37.719,6.12500
37.769,6.25000
37.820,5.75000
37.871,5.87500
37.921,5.50000
37.972,5.62500
38.023,5.12500
38.074,5.50000
38.125,5.00000
38.176,5.12500
38.226,4.62500
38.277,4.87500
38.328,4.50000
38.378,4.37500
38.432,4.25000
38.483,4.25000
38.534,4.00000
38.584,4.00000
38.635,3.75000
38.686,3.62500
38.737,3.50000
38.787,3.37500
38.838,3.25000
38.889,3.37500
38.940,3.12500
38.990,3.12500
39.041,2.75000
39.092,3.00000
39.142,2.50000
39.193,2.75000
39.245,2.25000
39.296,2.50000
39.346,2.00000
39.397,2.25000
39.448,1.87500
39.498,2.00000
39.549,1.62500
39.600,1.75000
39.651,1.50000
39.701,1.50000
39.752,1.12500
39.803,1.25000
39.854,1.00000
39.904,1.00000
39.955,0.62500
40.006,0.62500
40.056,0.37500
40.107,0.50000
40.158,0.12500
40.209,0.25000
40.259,-0.12500
40.310,-0.25000
40.361,-0.25000
40.411,-0.50000
40.462,-0.62500
40.513,-0.75000
40.564,-1.00000
40.614,-1.00000
40.665,-1.37500
40.716,-1.25000
40.766,-1.50000
40.817,-1.37500
40.868,-1.25000
40.918,-1.62500
40.969,-1.50000
41.020,-1.87500
41.071,-1.87500
41.122,-2.00000
41.173,-2.12500
41.225,-2.25000
41.276,-2.62500
41.331,-2.75000
41.386,-2.75000
41.437,-3.12500
41.488,-3.12500
41.539,-3.37500
41.590,-3.37500
41.641,-3.62500
41.691,-3.50000
41.742,-3.87500
41.793,-3.62500
41.844,-4.00000
41.895,-3.87500
41.946,-4.12500
41.996,-4.12500
42.047,-4.37500
42.098,-4.25000
42.149,-4.62500
42.199,-4.37500
42.250,-4.50000
42.301,-4.62500
42.351,-4.87500
42.402,-4.87500
42.453,-5.12500
42.504,-5.00000
42.554,-5.25000
42.605,-5.25000
42.656,-5.62500
42.706,-5.50000
42.757,-5.87500
42.808,-6.12500
42.858,-6.00000
42.909,-6.25000
42.960,-6.37500
43.010,-6.62500
43.061,-6.50000
43.112,-6.75000
43.162,-6.87500
43.213,-7.00000
43.264,-7.00000
43.314,-7.12500
43.365,-6.87500
43.416,-7.37500
43.466,-7.12500
43.517,-7.62500
43.567,-7.50000
43.618,-7.75000
43.669,-7.62500
43.720,-8.00000
43.771,-7.87500
43.821,-8.12500
43.872,-8.12500
43.923,-8.37500
43.973,-8.37500
44.024,-8.75000
44.075,-8.50000
44.125,-8.87500
44.176,-8.75000
44.227,-9.12500
44.277,-8.87500
44.328,-9.37500
44.379,-9.12500
44.430,-9.50000
44.481,-9.50000
44.531,-9.87500
44.582,-9.87500
44.633,-10.12500
44.684,-10.12500
44.734,-10.25000
44.785,-10.37500
44.836,-10.50000
44.886,-10.37500
44.937,-10.75000
44.988,-10.75000
45.039,-11.00000
45.089,-10.87500
45.140,-10.75000
45.191,-11.00000
45.241,-11.12500
45.292,-11.25000
45.343,-11.25000
45.393,-11.37500
45.444,-11.50000
45.495,-11.62500
45.546,-11.62500
45.596,-11.87500
45.647,-11.87500
45.698,-11.87500
45.749,-12.00000
45.801,-12.00000
45.852,-12.25000
45.903,-12.25000
45.954,-12.62500
46.004,-12.50000
46.055,-12.75000
46.106,-13.12500
46.157,-13.00000
46.207,-13.25000
46.258,-13.12500
46.309,-13.50000
46.359,-13.50000
46.410,-13.62500
46.461,-13.87500
46.511,-13.87500
46.562,-14.00000
46.613,-14.12500
46.664,-13.87500
46.714,-14.25000
46.765,-14.12500
46.816,-14.50000
46.866,-14.37500
46.917,-14.87500
46.968,-14.37500
47.019,-14.75000
47.069,-14.62500
47.120,-14.87500
47.171,-14.75000
47.222,-15.12500
47.272,-15.12500
47.323,-15.25000
47.374,-15.12500
47.424,-15.50000
47.475,-15.50000
47.526,-15.75000
47.577,-15.62500
47.628,-15.87500
47.678,-15.87500
47.729,-16.25000
47.780,-16.00000
47.831,-16.37500
47.881,-16.12500
47.932,-16.75000
47.983,-16.75000
48.034,-17.00000
48.084,-17.00000
48.135,-17.12500
48.186,-17.00000
48.237,-17.25000
48.288,-17.25000
48.339,-17.37500
48.390,-17.50000
48.441,-17.75000
48.491,-17.50000
48.542,-17.87500
48.593,-17.75000
48.644,-18.12500
48.694,-17.87500
48.745,-18.25000
48.796,-18.12500
48.847,-18.12500
48.897,-18.25000
48.948,-18.25000
48.999,-18.37500
49.049,-18.50000
49.100,-18.62500
49.151,-18.75000
49.202,-18.75000
49.252,-19.00000
49.303,-19.00000
49.354,-19.12500
49.404,-19.12500
49.455,-19.37500
49.506,-19.62500
49.557,-19.62500
49.607,-20.00000
49.658,-19.87500
49.709,-20.00000
49.760,-20.12500
49.810,-20.25000
49.861,-20.25000
49.912,-20.37500
49.963,-20.50000
50.013,-20.62500
50.065,-20.75000
50.116,-20.75000
50.166,-21.00000
50.217,-20.87500
50.269,-21.12500
50.320,-21.00000
50.370,-21.00000
50.421,-21.25000
50.472,-21.25000
50.522,-21.50000
50.573,-21.25000
50.624,-21.62500
50.674,-21.50000
50.725,-21.62500
50.776,-21.75000
50.826,-21.87500
50.877,-21.87500
50.928,-22.25000
50.978,-22.00000
51.029,-22.37500
51.080,-22.25000
51.130,-22.50000
51.181,-22.37500
51.232,-22.75000
51.283,-22.62500
51.333,-23.00000
51.384,-22.87500
51.435,-23.25000
51.486,-23.00000
51.536,-23.50000
51.587,-23.37500
51.638,-23.50000
51.689,-23.50000
51.740,-23.87500
51.791,-23.75000
51.841,-24.00000
51.892,-23.87500
51.943,-24.12500
51.993,-24.00000
52.044,-24.37500
52.095,-24.12500
52.145,-24.37500
52.197,-24.37500
52.248,-24.75000
52.298,-24.50000
52.349,-24.62500
52.400,-24.62500
52.450,-24.87500
52.501,-24.75000
52.552,-24.87500
52.602,-25.00000
52.653,-25.12500
52.704,-25.00000
52.754,-25.37500
52.805,-25.37500
52.856,-25.50000
52.906,-25.87500
52.957,-25.75000
53.008,-25.87500
53.058,-26.00000
53.109,-26.12500
53.160,-26.12500
53.210,-26.37500
53.261,-26.25000
53.312,-26.50000
53.362,-26.75000
53.413,-26.62500
53.464,-26.37500
53.514,-26.87500
53.565,-26.62500
53.616,-27.00000
53.667,-26.87500
53.717,-27.00000
53.768,-26.75000
53.819,-27.12500
53.869,-27.12500
53.920,-27.37500
53.971,-27.37500
54.022,-27.50000
54.072,-27.50000
54.123,-27.62500
54.174,-27.50000
54.224,-28.00000
54.275,-27.87500
54.326,-28.25000
54.376,-28.00000
54.427,-28.37500
54.479,-28.25000
54.529,-28.62500
54.580,-28.50000
54.631,-28.75000
54.682,-28.75000
54.732,-28.87500
54.783,-28.87500
54.834,-29.12500
54.884,-29.12500
54.935,-29.25000
54.986,-29.12500
55.037,-29.37500
55.088,-29.25000
55.138,-29.62500
55.189,-29.37500
55.240,-29.75000
55.291,-29.50000
55.341,-29.37500
55.392,-29.62500
55.443,-29.62500
55.494,-29.87500
55.544,-29.87500
55.595,-30.00000
55.646,-30.12500
55.696,-30.12500
55.747,-30.12500
55.798,-30.25000
55.849,-30.37500
55.899,-30.37500
55.950,-30.62500
56.001,-31.12500
56.051,-30.87500
56.102,-31.25000
56.153,-31.00000
56.204,-31.25000
56.254,-31.12500
56.305,-31.37500
56.356,-31.37500
56.406,-31.62500
56.457,-31.62500
56.508,-31.62500
56.558,-31.50000
56.609,-31.87500
56.660,-31.62500
56.710,-32.00000
56.761,-31.87500
56.812,-32.12500
56.863,-31.87500
56.913,-32.25000
56.964,-32.12500
57.015,-32.37500
57.065,-32.25000
57.116,-32.37500
57.169,-32.37500
57.220,-32.62500
57.271,-32.50000
57.321,-32.75000
57.372,-32.62500
57.423,-32.87500
57.474,-32.87500
57.524,-33.12500
57.575,-33.00000
57.626,-33.25000
57.677,-33.12500
57.727,-33.50000
57.778,-33.37500
57.829,-33.75000
57.879,-33.62500
57.930,-33.87500
57.981,-33.75000
58.031,-34.12500
58.083,-34.00000
58.133,-34.37500
58.184,-34.25000
58.235,-34.50000
58.285,-34.37500
58.336,-34.62500
58.387,-34.50000
58.437,-34.87500
58.488,-34.62500
58.539,-34.87500
58.593,-34.87500
58.644,-35.00000
58.694,-34.87500
58.745,-35.25000
58.796,-35.00000
58.846,-35.25000
58.897,-35.00000
58.948,-35.37500
58.998,-35.12500
59.049,-35.37500
59.100,-35.25000
59.150,-35.50000
59.201,-35.62500
59.252,-35.75000
59.302,-35.75000
59.353,-35.87500
59.404,-35.75000
59.454,-36.00000
59.505,-36.00000
59.556,-36.25000
59.606,-36.12500
59.657,-36.37500
59.708,-36.25000
59.758,-36.62500
59.809,-36.75000
59.860,-36.87500
59.911,-37.00000
59.961,-37.00000
60.012,-37.00000
60.063,-37.00000
60.113,-37.12500
60.164,-37.25000
60.214,-37.25000
60.265,-37.00000
60.316,-37.25000
60.366,-37.25000
60.417,-37.50000
60.468,-37.25000
60.518,-37.50000
60.569,-37.37500
60.620,-37.62500
60.670,-37.62500
60.721,-37.87500
60.772,-37.87500
60.823,-38.12500
60.873,-38.12500
60.924,-38.37500
60.975,-38.12500
61.025,-38.50000
61.076,-38.25000
61.127,-38.62500
61.177,-38.50000
61.228,-38.75000
61.279,-38.50000
61.330,-38.87500
61.380,-38.75000
61.431,-39.00000
61.482,-38.87500
61.532,-39.12500
61.583,-39.00000
61.634,-39.37500
61.685,-39.25000
61.736,-39.50000
61.787,-39.25000
61.841,-39.62500
61.892,-39.62500
61.942,-39.62500
61.993,-39.75000
62.044,-39.75000
62.094,-39.62500
62.145,-40.00000
62.196,-39.62500
62.247,-40.12500
62.297,-39.87500
62.348,-40.12500
62.399,-40.00000
62.449,-40.37500
62.500,-40.25000
62.551,-40.25000
62.601,-40.25000
62.652,-40.50000
62.703,-40.50000
62.754,-40.75000
62.804,-40.50000
62.855,-40.87500
62.906,-40.62500
62.956,-40.87500
63.007,-40.75000
63.058,-41.12500
63.108,-40.87500
63.161,-41.37500
63.212,-41.25000
63.262,-41.62500
63.313,-41.37500
63.364,-41.75000
63.415,-41.50000
63.466,-41.75000
63.517,-41.62500
63.567,-41.87500
63.618,-41.87500
63.669,-42.12500
63.719,-42.00000
63.770,-42.12500
63.821,-42.00000
63.871,-42.25000
63.922,-42.12500
63.973,-42.37500
64.023,-42.12500
64.074,-42.50000
64.125,-42.25000
64.176,-42.37500
64.226,-42.37500
64.277,-42.37500
64.328,-42.50000
64.378,-42.75000
64.429,-42.62500
64.480,-42.87500
64.530,-42.75000
64.581,-42.87500
64.632,-42.87500
64.682,-43.00000
64.733,-43.37500
64.784,-43.25000
64.834,-43.50000
64.885,-43.37500
64.936,-43.62500
64.987,-43.50000
65.037,-43.75000
65.088,-43.75000
65.139,-43.87500
65.189,-43.87500
65.240,-44.00000
65.291,-43.62500
65.342,-44.00000
65.392,-43.87500
65.443,-44.12500
65.495,-43.87500
65.547,-44.12500
65.597,-44.12500
65.648,-44.37500
65.699,-44.25000
65.749,-44.37500
65.800,-44.37500
65.851,-44.37500
65.901,-44.50000
65.952,-44.50000
66.003,-44.62500
66.053,-44.87500
66.104,-44.75000
66.157,-44.87500
66.208,-44.87500
66.258,-45.00000
66.309,-45.12500
66.360,-45.12500
66.410,-45.25000
66.461,-45.62500
66.512,-45.37500
66.563,-45.62500
66.613,-45.50000
66.664,-45.87500
66.715,-45.75000
66.765,-46.00000
66.816,-45.87500
66.867,-46.00000
66.918,-46.00000
66.969,-46.12500
67.019,-46.12500
67.070,-46.25000
67.121,-46.12500
67.171,-46.50000
67.225,-46.50000
67.281,-46.25000
67.335,-46.37500
67.386,-46.37500
67.437,-46.37500
67.488,-46.50000
67.539,-46.37500
67.590,-46.62500
67.640,-46.50000
67.691,-46.87500
67.742,-46.50000
67.792,-47.00000
67.843,-47.12500
67.894,-47.12500
67.945,-47.25000
67.995,-47.12500
68.046,-47.37500
68.097,-47.37500
68.147,-47.50000
68.198,-47.50000
68.249,-47.62500
68.299,-47.75000
68.350,-47.75000
68.401,-47.50000
68.452,-47.75000
68.502,-47.62500
68.553,-47.87500
68.604,-47.75000
68.654,-48.00000
68.705,-47.75000
68.755,-47.87500
68.806,-48.00000
68.857,-48.12500
68.908,-48.12500
68.958,-48.50000
69.009,-48.25000
69.059,-48.62500
69.110,-48.25000
69.161,-48.62500
69.211,-48.50000
69.262,-48.75000
69.313,-48.75000
69.363,-49.00000
69.414,-49.12500
69.465,-49.00000
69.516,-49.12500
69.567,-49.25000
69.617,-49.12500
69.668,-49.25000
69.719,-49.37500
69.770,-49.62500
69.820,-49.50000
69.871,-49.62500
69.922,-49.50000
69.972,-49.75000
70.023,-49.50000
70.074,-49.87500
70.125,-49.62500
70.176,-49.50000
70.227,-49.75000
70.277,-49.62500
70.328,-49.75000
70.379,-49.75000
70.430,-49.87500
70.480,-49.87500
70.531,-50.00000
70.582,-50.00000
70.633,-50.12500
70.683,-50.12500
70.734,-50.12500
70.785,-50.25000
70.835,-50.62500
70.886,-50.50000
70.937,-50.87500
70.987,-50.62500
71.038,-50.75000
71.089,-50.62500
71.139,-50.87500
71.190,-50.75000
71.241,-51.00000
71.292,-51.00000
71.342,-51.12500
71.393,-50.87500
71.444,-51.12500
71.494,-50.87500
71.545,-51.25000
71.596,-51.00000
71.647,-51.37500
71.697,-51.12500
71.748,-51.50000
71.799,-51.25000
71.850,-51.62500
71.900,-51.50000
71.951,-51.62500
72.002,-51.37500
72.052,-51.75000
72.103,-51.75000
72.154,-51.87500
72.205,-51.87500
72.256,-52.00000
72.307,-51.87500
72.357,-52.12500
72.408,-51.87500
72.459,-52.25000
72.509,-52.12500
72.560,-52.37500
72.611,-52.25000
72.662,-52.62500
72.713,-52.37500
72.763,-52.62500
72.814,-52.62500
72.865,-52.75000
72.915,-52.75000
72.966,-52.87500
73.017,-52.75000
73.067,-53.00000
73.118,-52.87500
73.169,-53.12500
73.220,-53.00000
73.270,-53.12500
73.321,-53.12500
73.372,-52.87500
73.422,-53.25000
73.473,-52.87500
73.524,-53.12500
73.574,-53.00000
73.625,-53.12500
73.676,-53.37500
73.727,-53.37500
73.777,-53.37500
73.828,-53.50000
73.879,-53.37500
73.929,-53.87500
73.980,-53.50000
74.031,-53.87500
74.081,-53.75000
74.132,-54.00000
74.183,-53.75000
74.233,-54.12500
74.284,-54.00000
74.335,-54.25000
74.385,-54.12500
74.436,-54.37500
74.487,-54.25000
74.538,-54.50000
74.588,-54.37500
74.639,-54.62500
74.690,-54.25000
74.740,-54.62500
74.791,-54.37500
74.842,-54.75000
74.893,-54.50000
74.943,-54.87500
74.994,-54.62500
75.045,-54.50000
75.095,-54.62500
75.146,-54.62500
75.197,-54.75000
75.248,-54.87500
75.298,-54.87500
75.349,-54.87500
75.400,-54.87500
75.450,-55.12500
75.501,-55.00000
75.552,-55.25000
75.602,-55.50000
75.653,-55.37500
75.704,-55.62500
75.755,-55.50000
75.805,-55.75000
75.856,-55.75000
75.907,-55.87500
75.958,-55.87500
76.008,-56.00000
76.059,-56.00000
76.110,-56.12500
76.160,-56.12500
76.211,-56.12500
76.262,-56.00000
76.312,-56.12500
76.363,-56.00000
76.414,-56.12500
76.464,-56.12500
76.515,-56.37500
76.566,-56.00000
76.617,-56.25000
76.667,-56.00000
76.718,-56.12500
76.769,-56.00000
76.819,-56.37500
76.870,-56.25000
76.921,-56.50000
76.972,-56.37500
77.022,-56.75000
77.073,-56.50000
77.124,-56.87500
77.174,-56.62500
77.225,-57.00000
77.276,-56.75000
77.327,-57.00000
77.377,-56.87500
77.428,-57.12500
77.479,-57.12500
77.529,-57.25000
77.580,-57.25000
77.631,-57.37500
77.682,-57.37500
77.732,-57.50000
77.783,-57.50000
77.834,-57.62500
77.884,-57.50000
77.935,-57.62500
77.986,-57.37500
78.037,-57.37500
78.087,-57.62500
78.138,-57.50000
78.189,-57.75000
78.239,-57.62500
78.290,-57.62500
78.341,-57.75000
78.392,-57.75000
78.442,-57.87500
78.493,-57.87500
78.544,-57.87500
78.594,-58.12500
78.645,-58.00000
78.696,-58.37500
78.747,-58.00000
78.797,-58.50000
78.848,-58.12500
78.899,-58.37500
78.949,-58.37500
79.000,-58.62500
79.053,-58.50000
79.104,-58.62500
79.154,-58.62500
79.205,-58.62500
79.256,-58.62500
79.306,-58.75000
79.357,-58.75000
79.407,-58.87500
79.458,-58.62500
79.509,-59.00000
79.559,-58.75000
79.610,-59.00000
79.661,-58.75000
79.711,-59.12500
79.762,-59.00000
79.813,-59.12500
79.863,-58.87500
79.914,-59.12500
79.965,-59.00000
80.015,-59.25000
80.066,-59.12500
80.117,-59.25000
80.167,-59.12500
80.218,-59.50000
80.269,-59.25000
80.319,-59.50000
80.370,-59.37500
80.421,-59.75000
80.471,-59.75000
80.522,-59.75000
80.573,-59.87500
80.623,-59.87500
80.674,-60.00000
80.724,-60.00000
80.775,-60.00000
80.826,-60.00000
80.876,-60.12500
80.927,-60.12500
80.978,-60.12500
81.028,-59.87500
81.079,-60.12500
81.130,-60.12500
81.181,-60.25000
81.232,-60.12500
81.282,-60.25000
81.333,-60.25000
81.384,-60.50000
81.434,-60.25000
81.485,-60.50000
81.536,-60.37500
81.586,-60.62500
81.637,-60.50000
81.688,-60.87500
81.738,-60.75000
81.789,-60.87500
81.839,-60.62500
81.890,-61.00000
81.941,-60.75000
81.991,-61.00000
82.042,-60.87500
82.093,-61.25000
82.143,-61.12500
82.194,-61.37500
82.245,-61.12500
82.295,-61.37500
82.346,-61.25000
82.397,-61.50000
82.447,-61.37500
82.498,-61.62500
82.549,-61.37500
82.599,-61.25000
82.650,-61.37500
82.701,-61.25000
82.751,-61.37500
82.802,-61.37500
82.853,-61.62500
82.903,-61.50000
82.954,-61.50000
83.005,-61.50000
83.055,-61.50000
83.106,-61.62500
83.157,-61.87500
83.207,-61.75000
83.258,-62.00000
83.309,-61.87500
83.360,-62.00000
83.410,-62.00000
83.461,-62.25000
83.512,-62.12500
83.562,-62.25000
83.613,-62.12500
83.664,-62.37500
83.714,-62.25000
83.765,-62.50000
83.816,-62.25000
83.866,-62.50000
83.917,-62.25000
83.968,-62.62500
84.018,-62.37500
84.069,-62.62500
84.120,-62.37500
84.170,-62.75000
84.221,-62.50000
84.272,-62.37500
84.323,-62.50000
84.375,-62.62500
84.426,-62.62500
84.476,-62.62500
84.527,-62.62500
84.578,-62.75000
84.629,-62.62500
84.679,-63.00000
84.730,-62.75000
84.781,-63.00000
84.831,-62.75000
84.882,-63.12500
84.933,-63.00000
84.983,-63.25000
85.034,-63.00000
85.085,-63.37500
85.136,-63.37500
85.186,-63.50000
85.237,-63.50000
85.288,-63.62500
85.338,-63.50000
85.389,-63.62500
85.440,-63.50000
85.491,-63.62500
85.541,-63.62500
85.592,-63.75000
85.643,-63.62500
85.693,-63.50000
85.744,-63.87500
85.795,-63.50000
85.846,-63.62500
85.896,-63.50000
85.947,-63.75000
85.997,-63.75000
86.048,-63.87500
86.099,-64.00000
86.149,-64.00000
86.200,-63.87500
86.251,-64.25000
86.301,-64.00000
86.352,-64.37500
86.403,-64.12500
86.453,-64.37500
86.505,-64.25000
86.555,-64.50000
86.606,-64.25000
86.657,-64.50000
86.708,-64.50000
86.758,-64.62500
86.809,-64.50000
86.860,-64.62500
86.910,-64.62500
86.961,-64.87500
87.012,-64.50000
87.062,-64.87500
87.113,-64.50000
87.164,-65.00000
87.214,-64.75000
87.265,-65.00000
87.316,-64.87500
87.367,-65.00000
87.417,-64.62500
87.468,-64.75000
87.519,-64.75000
87.569,-64.87500
87.620,-64.87500
87.671,-64.87500
87.721,-65.00000
87.772,-65.12500
87.823,-65.00000
87.874,-65.25000
87.924,-65.00000
87.975,-65.25000
88.026,-65.50000
88.076,-65.50000
88.127,-65.50000
88.178,-65.50000
88.228,-65.62500
88.279,-65.62500
88.330,-65.75000
88.380,-65.75000
88.431,-65.75000
88.482,-65.87500
88.533,-65.87500
88.583,-65.75000
88.634,-65.87500
88.685,-65.62500
88.735,-66.00000
88.786,-65.75000
88.837,-66.12500
88.887,-65.87500
88.938,-66.00000
88.989,-65.75000
89.039,-66.00000
89.090,-65.75000
89.141,-66.00000
89.192,-65.87500
89.242,-66.12500
89.293,-65.87500
89.344,-66.25000
89.394,-66.00000
89.445,-66.37500
89.496,-66.12500
89.546,-66.37500
89.597,-66.25000
89.648,-66.50000
89.698,-66.50000
89.749,-66.50000
89.800,-66.62500
89.850,-66.75000
89.901,-66.75000
89.952,-66.87500
90.003,-66.75000
90.053,-66.87500
90.104,-66.75000
90.155,-66.87500
90.205,-66.75000
90.256,-66.50000
90.307,-66.75000
90.357,-66.62500
90.408,-66.75000
90.459,-66.62500
90.509,-66.87500
90.560,-66.87500
90.611,-66.87500
90.662,-66.87500
90.712,-67.00000
90.763,-67.00000
90.814,-67.37500
90.864,-67.25000
90.915,-67.50000
90.966,-67.00000
91.016,-67.50000
91.067,-67.12500
91.118,-67.50000
91.168,-67.37500
91.219,-67.62500
91.270,-67.50000
91.321,-67.62500
91.371,-67.50000
91.422,-67.75000
91.473,-67.50000
91.523,-67.75000
91.574,-67.62500
91.625,-68.00000
91.675,-67.62500
91.726,-68.00000
91.777,-67.62500
91.828,-68.00000
91.879,-67.75000
91.929,-68.00000
91.980,-67.87500
92.031,-67.87500
92.081,-67.87500
92.132,-67.87500
92.183,-67.75000
92.234,-67.87500
92.284,-67.75000
92.335,-68.00000
92.386,-67.87500
92.436,-68.12500
92.487,-68.00000
92.538,-68.25000
92.588,-68.50000
92.639,-68.25000
92.690,-68.50000
92.740,-68.50000
92.791,-68.50000
92.842,-68.62500
92.892,-68.62500
92.943,-68.50000
92.995,-68.62500
93.045,-68.75000
93.096,-68.62500
93.147,-68.75000
93.197,-68.75000
93.248,-68.50000
93.298,-68.75000
93.349,-68.50000
93.400,-68.62500
93.450,-68.50000
93.501,-68.75000
93.552,-68.62500
93.602,-68.87500
93.653,-68.75000
93.704,-68.87500
93.754,-68.87500
93.805,-69.00000
93.856,-68.87500
93.906,-69.12500
93.957,-68.87500
94.007,-69.25000
94.058,-69.00000
94.109,-69.37500
94.160,-69.00000
94.210,-69.37500
94.261,-69.37500
94.312,-69.37500
94.362,-69.50000
94.413,-69.50000
94.464,-69.25000
94.514,-69.50000
94.565,-69.37500
94.616,-69.62500
94.666,-69.37500
94.717,-69.62500
94.768,-69.37500
94.819,-69.25000
94.869,-69.50000
94.920,-69.25000
94.971,-69.50000
95.021,-69.37500
95.072,-69.62500
95.123,-69.62500
95.173,-69.75000
95.224,-69.75000
95.275,-69.75000
95.326,-69.62500
95.376,-70.00000
95.427,-69.62500
95.478,-70.00000
95.528,-69.87500
95.579,-70.12500
95.630,-69.87500
95.680,-70.25000
95.731,-70.00000
95.782,-70.25000
95.833,-70.12500
95.883,-70.37500
95.934,-70.12500
95.985,-70.37500
96.035,-70.12500
96.086,-70.37500
96.137,-70.25000
96.187,-70.50000
96.238,-70.12500
96.289,-70.50000
96.340,-70.12500
96.390,-70.50000
96.441,-70.25000
96.492,-70.25000
96.542,-70.37500
96.593,-70.25000
96.644,-70.37500
96.694,-70.50000
96.745,-70.37500
96.796,-70.50000
96.846,-70.37500
96.897,-70.50000
96.947,-70.50000
96.998,-70.62500
97.049,-70.87500
97.099,-70.62500
97.150,-70.87500
97.201,-70.87500
97.253,-71.12500
97.304,-71.00000
97.354,-71.00000
97.405,-71.00000
97.456,-71.12500
97.506,-71.12500
97.557,-71.25000
97.608,-71.12500
97.658,-71.25000
97.709,-71.25000
97.760,-71.37500
97.811,-71.12500
97.861,-71.37500
97.912,-71.12500
97.963,-71.25000
98.013,-71.12500
98.064,-71.37500
98.115,-71.12500
98.165,-71.37500
98.216,-71.25000
98.267,-71.25000
98.318,-71.25000
98.368,-71.37500
98.419,-71.12500
98.470,-71.62500
98.520,-71.12500
98.571,-71.50000
98.622,-71.37500
98.672,-71.62500
98.723,-71.50000
98.774,-71.75000
98.825,-71.50000
98.875,-71.75000
98.926,-71.75000
98.977,-71.87500
99.027,-71.75000
99.078,-71.87500
99.129,-71.87500
99.180,-71.87500
99.230,-71.75000
99.281,-72.00000
99.332,-71.75000
99.382,-72.12500
99.433,-71.87500
99.484,-71.75000
99.534,-72.00000
99.585,-71.75000
99.636,-72.00000
99.687,-71.87500
99.737,-72.00000
99.788,-71.87500
99.839,-72.00000
99.889,-72.00000
99.940,-72.00000
99.991,-72.00000
100.041,-72.25000
100.092,-72.12500
100.143,-72.50000
100.194,-72.25000
100.244,-72.50000
100.295,-72.37500
100.346,-72.62500
100.396,-72.37500
100.447,-72.62500
100.498,-72.37500
100.548,-72.75000
100.599,-72.50000
100.650,-72.75000
100.700,-72.50000
100.751,-72.62500
100.802,-72.62500
100.852,-72.75000
100.903,-72.50000
100.954,-72.75000
101.004,-72.50000
101.055,-72.75000
101.105,-72.50000
101.156,-72.62500
101.207,-72.62500
101.257,-72.62500
101.308,-72.62500
101.359,-72.62500
101.410,-72.62500
101.460,-72.87500
101.511,-72.75000
101.562,-73.00000
101.612,-72.87500
101.663,-73.00000
101.714,-73.25000
101.765,-73.00000
101.815,-73.12500
101.866,-73.12500
101.917,-73.12500
101.968,-73.25000
102.019,-73.25000
102.072,-73.25000
102.122,-73.37500
102.173,-73.37500
102.224,-73.37500
102.275,-73.37500
102.326,-73.25000
102.376,-73.50000
102.427,-73.37500
102.478,-73.50000
102.528,-73.25000
102.579,-73.62500
102.630,-73.37500
102.680,-73.50000
102.731,-73.37500
102.782,-73.25000
102.832,-73.37500
102.883,-73.25000
102.934,-73.25000
102.984,-73.37500
103.035,-73.50000
103.086,-73.62500
103.136,-73.50000
103.187,-73.62500
103.238,-73.50000
103.288,-73.62500
103.339,-74.00000
103.390,-73.62500
103.440,-74.00000
103.491,-73.87500
103.542,-74.00000
103.592,-74.00000
103.645,-74.00000
103.696,-73.87500
103.746,-74.00000
103.797,-73.87500
103.848,-74.00000
103.898,-74.12500
103.949,-74.25000
104.000,-74.25000
104.050,-74.12500
104.101,-73.87500
104.151,-74.25000
104.202,-74.00000
104.253,-74.25000
104.304,-74.00000
104.354,-74.25000
104.405,-74.00000
104.456,-74.25000
104.506,-74.00000
104.558,-74.12500
104.608,-74.00000
104.659,-74.12500
104.710,-74.00000
104.761,-74.37500
104.812,-74.12500
104.862,-74.50000
104.913,-74.12500
104.964,-74.50000
105.014,-74.25000
105.065,-74.62500
105.116,-74.37500
105.167,-74.62500
105.217,-74.50000
105.268,-74.62500
105.319,-74.50000
105.370,-74.75000
105.420,-74.50000
105.471,-74.75000
105.522,-74.62500
105.572,-74.75000
105.623,-74.62500
105.674,-74.75000
105.724,-74.50000
105.775,-74.75000
105.826,-74.50000
105.877,-74.87500
105.927,-74.75000
105.978,-74.62500
106.029,-74.75000
106.080,-74.62500
106.130,-74.62500
106.181,-74.75000
106.232,-74.62500
106.282,-74.75000
106.333,-74.75000
106.384,-74.87500
106.435,-74.87500
106.485,-74.87500
106.536,-75.12500
106.587,-74.87500
106.637,-75.12500
106.688,-75.00000
106.739,-75.25000
106.789,-75.12500
106.840,-75.25000
106.891,-75.25000
106.942,-75.25000
106.992,-75.25000
107.043,-75.37500
107.094,-75.37500
107.144,-75.37500
107.195,-75.25000
107.246,-75.50000
107.297,-75.12500
107.347,-75.37500
107.398,-75.12500
107.449,-75.50000
107.499,-75.25000
107.550,-75.50000
107.601,-75.25000
107.651,-75.50000
107.702,-75.25000
107.753,-75.25000
107.804,-75.25000
107.854,-75.50000
107.905,-75.50000
107.956,-75.62500
108.006,-75.37500
108.057,-75.62500
108.108,-75.37500
108.158,-75.62500
108.209,-75.37500
108.260,-75.75000
108.311,-75.75000
108.361,-75.75000
108.412,-75.75000
108.463,-75.87500
108.513,-76.00000
108.564,-76.00000
108.615,-75.87500
108.666,-76.00000
108.716,-75.87500
108.767,-76.00000
108.817,-75.87500
108.868,-75.62500
108.919,-75.87500
108.969,-75.62500
109.020,-76.00000
109.071,-75.75000
109.122,-75.87500
109.172,-75.75000
109.223,-75.87500
109.274,-75.75000
109.325,-75.87500
109.375,-75.75000
109.426,-75.87500
109.477,-76.00000
109.528,-76.12500
109.578,-76.00000
109.629,-76.25000
109.680,-76.00000
109.731,-76.25000
109.781,-76.12500
109.832,-76.37500
109.883,-76.25000
109.934,-76.37500
109.985,-76.25000
110.035,-76.62500
110.086,-76.37500
110.137,-76.50000
110.188,-76.25000
110.238,-76.62500
110.289,-76.37500
110.340,-76.50000
110.390,-76.37500
110.441,-76.75000
110.492,-76.37500
110.543,-76.50000
110.593,-76.37500
110.644,-76.75000
110.695,-76.50000
110.746,-76.62500
110.796,-76.50000
110.847,-76.50000
110.898,-76.50000
110.948,-76.50000
110.999,-76.50000
111.051,-76.62500
111.102,-76.62500
111.153,-76.75000
111.204,-76.50000
111.254,-76.87500
111.305,-76.62500
111.356,-76.75000
111.406,-76.50000
111.457,-77.00000
111.508,-76.62500
111.559,-77.00000
111.609,-76.75000
111.660,-77.00000
111.711,-77.12500
111.761,-77.00000
111.812,-77.12500
111.863,-77.12500
111.913,-77.12500
111.964,-77.25000
112.015,-77.12500
112.066,-77.25000
112.116,-77.12500
112.167,-77.25000
112.218,-77.12500
112.268,-77.00000
112.319,-77.12500
112.370,-77.12500
112.420,-77.12500
112.471,-77.00000
112.522,-77.12500
112.573,-76.87500
112.623,-77.00000
112.674,-77.00000
112.725,-77.12500
112.775,-77.12500
112.826,-77.37500
112.877,-77.12500
112.927,-77.50000
112.978,-77.12500
113.029,-77.50000
113.080,-77.25000
113.130,-77.62500
113.181,-77.25000
113.232,-77.50000
113.283,-77.37500
113.337,-77.12500
113.388,-77.50000
113.438,-77.62500
113.489,-77.62500
113.540,-77.75000
113.590,-77.50000
113.641,-77.62500
113.692,-77.75000
113.742,-77.62500
113.793,-77.75000
113.844,-77.75000
113.895,-77.75000
113.945,-77.75000
113.996,-77.50000
114.047,-77.75000
114.097,-77.62500
114.148,-77.75000
114.199,-77.50000
114.249,-77.75000
114.300,-77.62500
114.351,-77.87500
114.401,-77.62500
114.453,-77.87500
114.503,-77.75000
114.554,-77.75000
114.605,-77.62500
114.655,-78.00000
114.706,-77.75000
114.757,-78.00000
114.808,-77.75000
114.858,-78.00000
114.909,-77.75000
114.960,-78.12500
115.010,-77.87500
115.061,-78.12500
115.112,-78.00000
115.162,-78.25000
115.213,-78.25000
115.264,-78.25000
115.315,-78.00000
115.365,-78.25000
115.416,-78.12500
115.467,-78.25000
115.517,-78.12500
115.568,-78.37500
115.619,-78.00000
115.670,-78.25000
115.720,-78.00000
115.771,-77.87500
115.821,-78.00000
115.872,-78.12500
115.923,-78.00000
115.974,-78.12500
116.024,-78.25000
116.075,-78.12500
116.126,-78.12500
116.176,-78.12500
116.227,-78.12500
116.278,-78.25000
116.328,-78.62500
116.379,-78.50000
116.430,-78.75000
116.481,-78.50000
116.531,-78.75000
116.585,-78.50000
116.636,-78.25000
116.686,-78.50000
116.737,-78.50000
116.788,-78.62500
116.838,-78.62500
116.889,-78.62500
116.940,-78.62500
116.991,-78.75000
117.041,-78.75000
117.092,-78.75000
117.143,-78.62500
117.193,-78.75000
117.244,-78.62500
117.295,-78.87500
117.346,-78.62500
117.396,-78.37500
117.447,-78.62500
117.498,-78.50000
117.549,-78.62500
117.601,-78.62500
117.652,-78.75000
117.702,-78.50000
117.753,-78.75000
117.804,-78.62500
117.855,-78.75000
117.905,-78.75000
117.956,-78.75000
118.007,-78.75000
118.057,-78.75000
118.108,-78.62500
118.159,-78.62500
118.209,-78.75000
118.260,-79.12500
118.311,-78.87500
118.361,-79.25000
118.412,-79.00000
118.463,-79.25000
118.514,-79.00000
118.564,-79.25000
118.615,-79.12500
118.666,-79.37500
118.716,-79.25000
118.767,-79.25000
118.818,-79.25000
118.869,-79.37500
118.919,-79.12500
118.970,-79.25000
119.021,-79.12500
119.071,-79.50000
119.122,-79.12500
119.173,-79.37500
119.224,-79.25000
119.274,-79.50000
119.325,-79.12500
119.376,-79.25000
119.426,-79.12500
119.477,-79.25000
119.528,-79.12500
119.578,-79.25000
119.629,-79.12500
119.680,-79.37500
119.731,-79.12500
119.781,-79.37500
119.832,-79.12500
119.883,-79.50000
119.933,-79.62500
119.984,-79.50000
120.035,-79.62500
120.085,-79.50000
120.136,-79.75000
120.187,-79.75000
120.237,-79.87500
120.288,-79.87500
120.339,-79.87500
120.390,-79.75000
120.440,-79.75000
120.491,-79.50000
120.542,-79.75000
120.592,-79.50000
120.643,-79.75000
120.694,-79.75000
120.745,-79.62500
120.795,-79.50000
120.849,-79.75000
120.900,-79.87500
120.950,-79.62500
121.001,-79.50000
121.052,-79.75000
121.103,-79.62500
121.153,-79.75000
121.204,-79.75000
121.255,-79.75000
121.305,-79.75000
121.356,-79.75000
121.407,-79.62500
121.457,-79.75000
121.508,-79.75000
121.559,-80.12500
121.609,-79.87500
121.660,-80.25000
121.711,-79.87500
121.762,-80.25000
121.813,-80.00000
121.863,-80.25000
121.914,-80.00000
121.965,-80.37500
122.015,-80.12500
122.066,-80.25000
122.117,-80.25000
122.167,-80.37500
122.218,-80.00000
122.269,-80.25000
122.320,-80.00000
122.370,-80.37500
122.421,-80.25000
122.472,-80.25000
122.522,-80.00000
122.573,-80.25000
122.624,-80.00000
122.675,-80.25000
122.725,-80.12500
122.776,-80.25000
122.827,-80.00000
122.877,-80.12500
122.928,-80.00000
122.979,-80.25000
123.031,-80.12500
123.082,-80.25000
123.133,-80.25000
123.184,-80.37500
123.234,-80.12500
123.285,-80.37500
123.336,-80.12500
123.388,-80.50000
123.439,-80.25000
123.490,-80.62500
123.541,-80.25000
123.592,-80.62500
123.643,-80.37500
123.694,-80.62500
123.744,-80.37500
123.795,-80.75000
123.846,-80.37500
123.896,-80.62500
123.947,-80.50000
123.998,-80.62500
124.049,-80.50000
124.099,-80.75000
124.150,-80.62500
124.201,-80.75000
124.251,-80.50000
124.302,-80.75000
124.353,-80.50000
124.404,-80.75000
124.454,-80.50000
124.505,-80.75000
124.556,-80.37500
124.606,-80.75000
124.657,-80.37500
124.708,-80.50000
124.759,-80.50000
124.809,-80.50000
124.860,-80.50000
124.911,-80.50000
124.961,-80.50000
125.012,-80.62500
125.063,-80.50000
125.113,-80.75000
125.164,-80.50000
125.215,-80.75000
125.266,-80.87500
125.316,-80.87500
125.367,-81.25000
125.418,-81.12500
125.468,-81.00000
125.519,-80.87500
125.570,-81.12500
125.621,-81.12500
125.671,-81.12500
125.722,-81.12500
125.773,-81.00000
125.823,-80.75000
125.874,-81.12500
125.925,-80.87500
125.975,-81.12500
126.026,-80.87500
126.077,-81.12500
126.127,-80.75000
126.178,-81.00000
126.229,-80.87500
126.280,-81.12500
126.331,-80.87500
126.382,-81.12500
126.432,-81.00000
126.483,-81.12500
126.534,-80.87500
126.584,-81.12500
126.635,-81.00000
126.686,-81.25000
126.736,-81.00000
126.787,-81.25000
126.838,-81.00000
126.888,-81.25000
126.939,-81.00000
126.990,-81.25000
127.040,-81.25000
127.091,-81.37500
127.142,-81.37500
127.193,-81.37500
127.243,-81.37500
127.294,-81.50000
127.345,-81.25000
127.395,-81.50000
127.446,-81.25000
127.497,-81.50000
127.548,-81.37500
127.598,-81.50000
127.649,-81.12500
127.700,-81.12500
127.750,-81.25000
127.801,-81.12500
127.852,-81.25000
127.903,-81.37500
127.953,-81.25000
128.004,-81.37500
128.055,-81.25000
128.105,-81.12500
128.156,-81.12500
128.207,-81.37500
128.258,-81.75000
128.309,-81.50000
128.361,-81.25000
128.412,-81.50000
128.462,-81.37500
128.513,-81.50000
128.564,-81.62500
128.614,-81.50000
128.665,-81.75000
128.716,-81.62500
128.767,-81.75000
128.817,-81.75000
128.868,-81.87500
128.919,-81.87500
128.969,-82.00000
129.020,-82.00000
129.071,-81.87500
129.122,-81.62500
129.172,-81.87500
129.223,-81.75000
129.274,-81.87500
129.324,-81.50000
129.375,-81.87500
129.426,-81.62500
129.477,-81.75000
129.527,-81.62500
129.578,-81.87500
129.629,-81.62500
129.679,-81.75000
129.730,-81.62500
129.781,-81.87500
129.831,-81.62500
129.882,-81.87500
129.933,-81.62500
129.984,-81.87500
130.034,-81.75000
130.085,-82.00000
130.136,-81.87500
130.186,-82.12500
130.237,-81.75000
130.288,-82.12500
130.338,-82.12500
130.389,-82.12500
130.440,-82.12500
130.491,-82.25000
130.541,-82.00000
130.592,-82.25000
130.643,-82.12500
130.693,-82.37500
130.744,-82.12500
130.795,-82.25000
130.845,-82.12500
130.896,-81.87500
130.947,-82.00000
130.998,-81.75000
131.048,-82.00000
131.099,-81.87500
131.150,-82.00000
131.200,-81.87500
131.251,-82.00000
131.302,-81.87500
131.353,-82.00000
131.403,-82.00000
131.454,-82.37500
131.505,-82.12500
131.555,-82.50000
131.606,-82.12500
131.657,-82.50000
131.708,-82.25000
131.758,-82.50000
131.809,-82.37500
131.860,-82.50000
131.910,-82.37500
131.961,-82.50000
132.012,-82.37500
132.062,-82.62500
132.113,-82.37500
132.164,-82.62500
132.214,-82.25000
132.265,-82.50000
132.316,-82.25000
132.367,-82.50000
132.417,-82.25000
132.468,-82.62500
132.519,-82.25000
132.569,-82.62500
132.620,-82.25000
132.671,-82.37500
132.722,-82.37500
132.772,-82.50000
132.823,-82.37500
132.874,-82.50000
132.925,-82.25000
132.975,-82.37500
133.026,-82.37500
133.077,-82.75000
133.128,-82.50000
133.178,-82.75000
133.229,-82.50000
133.280,-82.75000
133.330,-82.87500
133.381,-82.75000
133.432,-82.75000
133.483,-82.87500
133.533,-82.87500
133.584,-82.75000
133.635,-82.75000
133.686,-82.87500
133.736,-82.75000
133.787,-83.00000
133.838,-82.75000
133.889,-82.87500
133.939,-82.87500
133.990,-82.75000
134.041,-83.00000
134.091,-82.75000
134.142,-82.87500
134.193,-82.62500
134.244,-82.87500
134.294,-82.75000
134.345,-82.87500
134.396,-82.75000
134.447,-82.87500
134.497,-82.75000
134.548,-83.00000
134.599,-82.75000
134.650,-83.12500
134.700,-82.87500
134.751,-83.25000
134.802,-83.00000
134.852,-83.12500
134.903,-83.00000
134.954,-83.37500
135.005,-83.12500
135.055,-83.37500
135.106,-83.12500
135.157,-83.25000
135.208,-83.12500
135.258,-83.25000
135.309,-82.87500
135.360,-83.25000
135.410,-83.00000
135.461,-83.25000
135.512,-83.00000
135.563,-83.25000
135.614,-83.00000
135.664,-83.25000
135.715,-83.00000
135.766,-83.25000
135.816,-83.00000
135.867,-83.12500
135.918,-83.00000
135.969,-83.12500
136.020,-83.00000
136.070,-83.25000
136.121,-83.00000
136.172,-83.25000
136.222,-83.00000
136.273,-83.25000
136.324,-83.00000
136.375,-83.50000
136.425,-83.25000
136.476,-83.50000
136.527,-83.50000
136.577,-83.50000
136.628,-83.62500
136.679,-83.62500
136.730,-83.62500
136.780,-83.50000
136.831,-83.50000
136.882,-83.62500
136.933,-83.50000
136.983,-83.75000
137.034,-83.62500
137.085,-83.62500
137.135,-83.62500
137.186,-83.50000
137.237,-83.62500
137.288,-83.37500
137.338,-83.50000
137.389,-83.37500
137.440,-83.62500
137.490,-83.37500
137.541,-83.62500
137.592,-83.50000
137.643,-83.62500
137.693,-83.50000
137.744,-83.75000
137.795,-83.50000
137.845,-83.75000
137.896,-83.62500
137.947,-83.87500
137.997,-83.62500
138.048,-83.75000
138.099,-83.50000
138.150,-84.00000
138.200,-83.62500
138.251,-83.75000
138.302,-83.75000
138.352,-83.87500
138.403,-83.75000
138.454,-83.87500
138.504,-83.75000
138.555,-84.00000
138.606,-83.75000
138.656,-84.00000
138.707,-83.62500
138.758,-84.00000
138.808,-83.75000
138.859,-83.75000
138.910,-83.62500
138.960,-83.62500
139.011,-83.62500
139.062,-83.75000
139.113,-83.62500
139.163,-83.75000
139.214,-83.62500
139.265,-83.75000
139.315,-83.75000
139.366,-83.87500
139.417,-84.25000
139.467,-83.87500
139.518,-84.12500
139.569,-83.87500
139.619,-84.12500
139.670,-84.00000
139.721,-84.12500
139.771,-84.00000
139.822,-84.25000
139.873,-84.25000
139.924,-84.12500
139.974,-84.00000
140.025,-84.25000
140.075,-83.75000
140.126,-84.25000
140.177,-84.00000
140.228,-84.25000
140.278,-84.00000
140.329,-84.25000
140.380,-84.00000
140.431,-84.25000
140.481,-84.00000
140.532,-84.12500
140.583,-83.87500
140.633,-84.12500
140.684,-84.12500
140.735,-84.25000
140.786,-84.12500
140.836,-84.37500
140.887,-84.00000
140.938,-84.37500
140.989,-84.12500
141.039,-84.50000
141.090,-84.25000
141.141,-84.50000
141.191,-84.50000
141.242,-84.37500
141.293,-84.37500
141.344,-84.37500
141.395,-84.50000
141.445,-84.50000
141.496,-84.37500
141.547,-84.50000
141.597,-84.37500
141.648,-84.62500
141.699,-84.25000
141.749,-84.12500
141.800,-84.25000
141.851,-84.00000
141.901,-84.25000
141.952,-84.25000
142.003,-84.37500
142.053,-84.12500
142.104,-84.25000
142.155,-84.12500
142.205,-84.25000
142.256,-84.25000
142.307,-84.50000
142.357,-84.50000
142.408,-84.75000
142.459,-84.37500
142.509,-84.62500
142.560,-84.25000
142.611,-84.62500
142.662,-84.37500
142.712,-84.62500
142.763,-84.50000
142.814,-84.62500
142.865,-84.50000
142.915,-84.75000
142.966,-84.50000
143.017,-84.62500
143.068,-84.50000
143.118,-84.87500
143.169,-84.62500
143.220,-84.75000
143.271,-84.50000
143.321,-84.75000
143.373,-84.37500
143.423,-84.75000
143.474,-84.50000
143.525,-84.75000
143.575,-84.50000
143.626,-84.50000
143.677,-84.37500
143.728,-84.50000
143.778,-84.50000
143.829,-84.62500
143.880,-84.62500
143.931,-84.62500
143.982,-84.62500
144.033,-84.75000
144.084,-84.62500
144.134,-84.75000
144.185,-84.62500
144.236,-84.87500
144.286,-84.62500
144.337,-84.87500
144.388,-85.00000
144.438,-85.00000
144.489,-85.12500
144.540,-84.87500
144.591,-85.12500
144.641,-85.12500
144.692,-85.12500
144.743,-85.12500
144.793,-85.12500
144.844,-85.25000
144.895,-85.00000
144.946,-84.75000
144.996,-85.00000
145.047,-84.87500
145.098,-85.12500
145.148,-84.87500
145.199,-85.00000
145.250,-84.87500
145.300,-84.87500
145.351,-84.87500
145.402,-84.87500
145.453,-84.87500
145.505,-84.75000
145.556,-84.87500
145.606,-84.87500
145.657,-85.00000
145.708,-85.00000
145.759,-85.00000
145.809,-85.25000
145.860,-85.00000
145.911,-85.25000
145.962,-85.12500
146.012,-85.50000
146.063,-85.12500
146.114,-85.37500
146.164,-85.37500
146.217,-85.37500
146.268,-85.25000
146.318,-85.50000
146.374,-85.25000
146.425,-85.12500
146.479,-85.25000
146.530,-85.12500
146.581,-85.12500
146.632,-85.12500
146.682,-85.12500
146.733,-85.25000
146.784,-85.12500
146.835,-85.25000
146.886,-85.12500
146.936,-85.25000
146.987,-85.62500
147.038,-85.37500
147.088,-85.50000
147.139,-85.37500
147.190,-85.62500
147.241,-85.37500
147.291,-85.50000
147.342,-85.37500
147.393,-85.50000
147.443,-85.50000
147.494,-85.50000
147.545,-85.25000
147.596,-85.62500
147.646,-85.25000
147.697,-85.50000
147.748,-85.12500
147.798,-85.50000
147.849,-85.12500
147.900,-85.62500
147.950,-85.37500
148.001,-85.62500
148.052,-85.37500
148.103,-85.50000
148.153,-85.25000
148.204,-85.37500
148.255,-85.25000
148.305,-85.50000
148.356,-85.37500
148.407,-85.62500
148.458,-85.37500
148.508,-85.75000
148.559,-85.37500
148.610,-85.62500
148.660,-85.37500
148.711,-85.62500
148.762,-85.75000
148.813,-85.87500
148.863,-85.75000
148.914,-85.87500
148.965,-85.75000
149.015,-86.00000
149.066,-85.75000
149.117,-85.87500
149.167,-85.75000
149.218,-85.87500
149.269,-85.62500
149.320,-85.50000
149.370,-85.62500
149.421,-85.37500
149.472,-85.62500
149.523,-85.50000
149.573,-85.62500
149.624,-85.50000
149.675,-85.62500
149.725,-85.62500
149.776,-85.62500
149.827,-85.75000
149.878,-85.62500
149.929,-85.75000
149.980,-85.75000
150.030,-85.87500
150.081,-86.00000
150.132,-85.75000
150.183,-86.00000
150.233,-85.75000
150.284,-86.12500
150.335,-85.87500
150.385,-86.00000
150.436,-85.87500
150.487,-86.12500
150.537,-86.00000
150.588,-86.25000
150.639,-85.87500
150.690,-86.12500
150.740,-86.00000
150.791,-86.25000
150.842,-86.00000
150.893,-86.12500
150.945,-85.87500
150.996,-86.25000
151.046,-85.87500
151.097,-86.25000
151.148,-86.00000
151.198,-86.12500
151.249,-86.00000
151.300,-86.25000
151.351,-86.00000
151.402,-86.12500
151.452,-86.00000
151.503,-86.00000
151.554,-85.87500
151.605,-86.12500
151.655,-85.87500
151.706,-86.12500
151.757,-85.87500
151.808,-86.12500
151.858,-85.87500
151.909,-86.25000
151.960,-86.12500
152.011,-86.25000
152.062,-86.00000
152.113,-86.37500
152.163,-86.00000
152.214,-86.37500
152.265,-86.37500
152.315,-86.37500
152.366,-86.37500
152.417,-86.37500
152.468,-86.25000
152.518,-86.37500
152.569,-86.25000
152.620,-86.37500
152.670,-86.25000
152.721,-86.50000
152.772,-86.25000
152.822,-86.12500
152.873,-86.37500
152.924,-86.25000
152.974,-86.37500
153.025,-86.25000
153.076,-86.25000
153.126,-86.25000
153.177,-86.37500
153.229,-86.25000
153.280,-86.25000
153.330,-86.25000
153.381,-86.12500
153.432,-86.25000
153.482,-86.25000
153.533,-86.37500
153.584,-86.62500
153.635,-86.37500
153.685,-86.62500
153.736,-86.50000
153.787,-86.75000
153.837,-86.50000
153.888,-86.75000
153.938,-86.50000
153.989,-86.75000
154.040,-86.50000
154.091,-86.75000
154.141,-86.37500
154.192,-86.62500
154.243,-86.37500
154.294,-86.75000
154.344,-86.50000
154.395,-86.62500
154.446,-86.50000
154.496,-86.75000
154.547,-86.37500
154.598,-86.75000
154.648,-86.37500
154.699,-86.50000
154.750,-86.50000
154.801,-86.50000
154.851,-86.50000
154.902,-86.50000
154.953,-86.37500
155.004,-86.50000
155.054,-86.50000
155.105,-86.62500
155.156,-86.50000
155.207,-86.62500
155.257,-86.50000
155.308,-86.87500
155.359,-86.37500
155.410,-86.75000
155.460,-86.87500
155.511,-86.75000
155.562,-86.87500
155.613,-86.87500
155.663,-86.87500
155.714,-86.87500
155.765,-86.87500
155.815,-87.00000
155.866,-87.00000
155.917,-86.87500
155.968,-86.87500
156.018,-86.75000
156.069,-86.87500
156.120,-86.50000
156.170,-86.87500
156.221,-86.62500
156.272,-86.75000
156.322,-86.62500
156.373,-87.00000
156.424,-86.75000
156.474,-87.00000
156.525,-86.75000
156.576,-86.87500
156.627,-86.75000
156.677,-87.00000
156.728,-86.87500
156.779,-87.00000
156.830,-86.87500
156.880,-87.12500
156.931,-86.87500
156.982,-87.25000
157.033,-86.87500
157.083,-87.25000
157.134,-87.00000
157.185,-87.37500
157.236,-87.00000
157.287,-87.25000
157.337,-87.12500
157.388,-87.25000
157.439,-87.12500
157.490,-87.25000
157.540,-87.00000
157.591,-87.25000
157.642,-87.00000
157.692,-87.12500
157.743,-87.00000
157.794,-87.12500
157.845,-86.87500
157.895,-87.00000
157.948,-86.87500
157.999,-87.37500
158.050,-87.12500
158.101,-87.25000
158.152,-86.87500
158.202,-87.25000
158.253,-87.00000
158.304,-87.12500
158.354,-87.00000
158.405,-87.12500
158.456,-87.00000
158.507,-87.12500
158.557,-87.00000
158.608,-87.25000
158.659,-87.00000
158.710,-87.25000
158.760,-87.12500
158.811,-87.37500
158.862,-87.12500
158.912,-87.37500
158.963,-87.37500
159.014,-87.37500
159.064,-87.50000
159.115,-87.50000
159.166,-87.50000
159.217,-87.50000
159.267,-87.37500
159.318,-87.50000
159.369,-87.50000
159.419,-87.50000
159.470,-87.50000
159.521,-87.62500
159.573,-87.37500
159.623,-87.62500
159.674,-87.50000
159.725,-87.25000
159.775,-87.37500
159.826,-87.12500
159.877,-87.37500
159.927,-87.37500
159.978,-87.37500
160.029,-87.25000
160.080,-87.25000
160.130,-87.25000
160.181,-87.25000
160.232,-87.25000
160.283,-87.62500
160.333,-87.37500
160.384,-87.75000
160.435,-87.37500
160.486,-87.62500
160.536,-87.50000
160.587,-87.87500
160.638,-87.50000
160.689,-87.62500
160.740,-87.50000
160.790,-87.75000
160.841,-87.62500
160.892,-87.75000
160.943,-87.75000
160.993,-87.87500
161.044,-87.62500
161.095,-87.87500
161.146,-87.62500
161.197,-87.75000
161.248,-87.50000
161.298,-87.75000
161.349,-87.50000
161.400,-87.75000
161.450,-87.50000
161.501,-87.75000
161.552,-87.50000
161.602,-87.75000
161.653,-87.62500
161.704,-87.50000
161.754,-87.50000
161.805,-87.62500
161.856,-87.50000
161.906,-87.62500
161.957,-87.50000
162.008,-87.75000
162.058,-87.50000
162.109,-87.75000
162.160,-87.87500
162.210,-87.87500
162.261,-87.87500
162.312,-87.87500
162.363,-87.87500
162.413,-88.00000
162.464,-87.87500
162.515,-87.87500
162.565,-87.87500
162.616,-88.00000
162.667,-87.87500
162.717,-87.62500
162.768,-87.87500
162.819,-87.75000
162.869,-88.00000
162.920,-87.75000
162.971,-88.00000
163.021,-87.62500
163.072,-87.87500
163.123,-87.87500
163.173,-88.00000
163.224,-87.87500
163.275,-87.87500
163.325,-87.75000
163.376,-88.00000
163.426,-87.87500
163.477,-88.12500
163.528,-87.87500
163.578,-88.25000
163.629,-87.87500
163.680,-88.12500
163.730,-88.25000
163.781,-88.25000
163.832,-88.12500
163.882,-88.25000
163.933,-88.12500
163.984,-88.25000
164.034,-88.12500
164.085,-88.12500
164.136,-88.12500
164.186,-88.25000
164.237,-88.12500
164.288,-88.00000
164.338,-88.12500
164.389,-88.00000
164.440,-88.12500
164.491,-88.00000
164.541,-88.00000
164.592,-88.00000
164.643,-88.00000
164.693,-88.00000
164.744,-88.00000
164.795,-88.00000
164.845,-88.25000
164.896,-88.00000
164.947,-88.37500
164.997,-88.00000
165.048,-88.25000
165.099,-88.00000
165.149,-88.37500
165.200,-88.00000
165.251,-88.37500
165.301,-88.12500
165.352,-88.50000
165.402,-88.12500
165.453,-88.37500
165.504,-88.12500
165.554,-88.37500
165.605,-88.12500
165.656,-88.25000
165.706,-88.00000
165.757,-88.50000
165.807,-88.12500
165.858,-88.12500
165.909,-88.25000
165.961,-88.37500
166.012,-88.25000
166.062,-88.12500
166.113,-88.12500
166.164,-88.12500
166.214,-88.25000
166.265,-88.25000
166.316,-88.25000
166.366,-88.37500
166.417,-88.25000
166.468,-88.37500
166.518,-88.25000
166.569,-88.37500
166.620,-88.75000
166.670,-88.50000
166.721,-88.75000
166.772,-88.50000
166.822,-88.75000
166.873,-88.62500
166.924,-88.62500
166.975,-88.50000
167.025,-88.62500
167.076,-88.62500
167.127,-88.62500
167.177,-88.37500
167.228,-88.62500
167.279,-88.37500
167.329,-88.62500
167.380,-88.37500
167.431,-88.50000
167.482,-88.37500
167.532,-88.62500
167.583,-88.37500
167.634,-88.50000
167.684,-88.25000
167.735,-88.50000
167.785,-88.37500
167.836,-88.62500
167.887,-88.50000
167.937,-88.62500
167.988,-88.37500
168.038,-88.62500
168.089,-88.50000
168.141,-88.62500
168.192,-88.37500
168.242,-88.75000
168.293,-88.75000
168.344,-88.87500
168.394,-88.75000
168.445,-88.75000
168.495,-88.87500
168.546,-88.87500
168.597,-88.87500
168.647,-88.87500
168.698,-88.87500
168.749,-88.62500
168.799,-88.87500
168.850,-88.50000
168.900,-88.62500
168.951,-88.62500
169.002,-88.75000
169.052,-88.75000
169.103,-88.75000
169.153,-88.62500
169.205,-88.87500
169.256,-88.62500
169.306,-88.75000
169.357,-88.50000
169.408,-89.00000
169.458,-88.75000
169.509,-89.12500
169.559,-88.75000
169.610,-89.12500
169.661,-88.75000
169.711,-89.12500
169.762,-88.75000
169.813,-89.12500
169.863,-89.00000
169.914,-89.12500
169.964,-89.12500
170.015,-89.12500
170.066,-88.87500
170.116,-89.12500
170.167,-88.87500
170.218,-89.12500
170.268,-89.00000
170.319,-88.87500
170.370,-89.00000
170.420,-88.75000
170.471,-88.87500
170.522,-88.75000
170.572,-88.87500
170.623,-88.75000
170.674,-89.00000
170.724,-88.87500
170.775,-88.87500
170.825,-88.75000
170.876,-89.12500
170.927,-88.75000
170.977,-89.12500
171.028,-88.87500
171.078,-89.25000
171.129,-89.12500
171.180,-89.37500
171.230,-89.00000
171.281,-89.25000
171.332,-89.12500
171.382,-89.25000
171.433,-89.12500
171.484,-89.37500
171.534,-89.25000
171.585,-89.25000
171.636,-89.12500
171.686,-89.37500
171.737,-89.00000
171.787,-88.87500
171.838,-89.12500
171.889,-89.12500
171.939,-89.00000
171.990,-89.00000
172.041,-89.12500
172.091,-89.00000
172.142,-88.87500
172.193,-89.00000
172.243,-89.00000
172.294,-89.12500
172.345,-89.37500
172.395,-89.00000
172.447,-89.37500
172.498,-89.12500
172.548,-89.37500
172.599,-89.25000
172.650,-89.37500
172.700,-89.37500
172.751,-89.50000
172.801,-89.37500
172.852,-89.50000
172.903,-89.12500
172.953,-89.37500
173.004,-89.37500
173.055,-89.50000
173.105,-89.25000
173.156,-89.50000
173.207,-89.12500
173.257,-89.37500
173.308,-89.12500
173.358,-89.37500
173.409,-89.12500
173.460,-89.25000
173.510,-89.12500
173.561,-89.12500
173.612,-89.00000
173.663,-89.12500
173.713,-89.25000
173.764,-89.25000
173.815,-89.12500
173.865,-89.50000
173.916,-89.12500
173.967,-89.37500
174.017,-89.50000
174.068,-89.50000
174.119,-89.50000
174.169,-89.50000
174.220,-89.62500
174.271,-89.62500
174.321,-89.50000
174.372,-89.62500
174.422,-89.62500
174.473,-89.12500
174.524,-89.62500
174.575,-89.37500
174.625,-89.62500
174.676,-89.37500
174.727,-89.62500
174.777,-89.37500
174.828,-89.62500
174.879,-89.37500
174.930,-89.62500
174.980,-89.50000
175.031,-89.62500
175.082,-89.37500
175.132,-89.75000
175.183,-89.50000
175.234,-89.75000
175.285,-89.37500
175.335,-89.75000
175.386,-89.50000
175.437,-89.75000
175.487,-89.62500
175.538,-89.87500
175.589,-89.50000
175.640,-89.75000
175.690,-89.87500
175.741,-89.75000
175.792,-89.75000
175.842,-89.87500
175.893,-89.87500
175.944,-89.75000
175.994,-89.62500
176.045,-89.87500
176.096,-89.62500
176.146,-89.87500
176.197,-89.62500
176.248,-89.50000
176.299,-89.75000
176.349,-89.50000
176.400,-89.75000
176.451,-89.62500
176.501,-89.75000
176.552,-89.75000
176.603,-89.75000
176.654,-89.75000
176.704,-89.75000
176.755,-89.62500
176.806,-90.00000
176.857,-89.62500
176.907,-90.00000
176.958,-89.75000
177.009,-90.00000
177.059,-89.75000
177.110,-90.12500
177.161,-89.75000
177.212,-90.00000
177.262,-89.87500
177.313,-90.00000
177.364,-89.87500
177.414,-90.00000
177.465,-89.87500
177.516,-90.12500
177.567,-89.75000
177.617,-90.12500
177.668,-89.75000
177.721,-90.00000
177.772,-89.87500
177.822,-90.00000
177.873,-89.75000
177.924,-90.00000
177.974,-89.75000
178.025,-90.00000
178.076,-89.75000
178.126,-90.00000
178.177,-89.87500
178.228,-90.00000
178.278,-89.87500
178.329,-89.87500
178.380,-89.87500
178.430,-90.00000
178.481,-89.87500
178.532,-90.12500
178.582,-89.87500
178.633,-90.12500
178.684,-89.87500
178.734,-90.12500
178.785,-89.87500
178.836,-90.12500
178.889,-89.87500
178.939,-90.25000
178.990,-90.00000
179.041,-90.37500
179.091,-90.00000
179.142,-90.37500
179.193,-90.25000
179.243,-90.25000
179.294,-90.25000
179.345,-90.37500
179.395,-90.12500
179.446,-90.37500
179.496,-90.25000
179.547,-90.50000
179.598,-90.12500
179.648,-90.00000
179.699,-90.00000
179.750,-90.00000
179.800,-90.12500
179.851,-90.12500
179.902,-90.25000
179.952,-90.12500
