time(s),mvs
0.000,-1481.00000
0.051,-154.12500
0.101,-154.00000
0.152,-154.00000
0.203,-154.12500
0.253,-153.87500
0.304,-154.00000
0.355,-154.00000
0.405,-153.87500
0.456,-153.87500
0.507,-153.87500
0.557,-154.00000
0.608,-153.87500
0.659,-153.87500
0.709,-154.00000
0.760,-153.87500
0.811,-154.00000
0.861,-154.00000
0.912,-154.25000
0.963,-154.12500
1.013,-154.12500
1.064,-154.12500
1.115,-154.12500
1.166,-154.00000
1.216,-154.00000
1.267,-154.00000
1.318,-154.12500
1.368,-154.00000
1.419,-154.12500
1.470,-154.00000
1.520,-154.00000
1.571,-154.00000
1.622,-154.00000
1.672,-154.12500
1.723,-153.87500
1.773,-154.00000
1.824,-153.87500
1.875,-153.87500
1.925,-154.00000
1.976,-154.00000
2.027,-154.12500
2.077,-154.00000
2.128,-154.12500
2.179,-154.12500
2.229,-154.12500
2.280,-154.12500
2.331,-154.12500
2.381,-154.12500
2.432,-154.00000
2.483,-154.00000
2.533,-154.12500
2.584,-153.87500
2.635,-154.00000
2.685,-153.87500
2.736,-153.87500
2.787,-154.00000
2.837,-153.75000
2.888,-153.87500
2.939,-153.87500
2.989,-153.87500
3.040,-154.00000
3.091,-153.87500
3.141,-154.00000
3.246,-154.12500
3.297,-154.00000
3.348,-154.12500
3.398,-154.00000
3.449,-154.12500
3.500,-154.12500
3.550,-154.12500
3.601,-154.12500
3.652,-154.00000
3.702,-154.12500
3.753,-154.25000
3.804,-154.00000
3.854,-154.12500
3.905,-153.87500
3.956,-154.00000
4.006,-154.00000
4.057,-153.87500
4.108,-154.00000
4.158,-154.00000
4.209,-154.00000
4.260,-154.00000
4.310,-153.87500
4.361,-154.00000
4.412,-154.00000
4.462,-154.12500
4.513,-154.12500
4.564,-154.12500
4.615,-154.25000
4.665,-154.25000
4.716,-154.12500
4.767,-154.12500
4.817,-154.25000
4.868,-154.12500
4.919,-154.12500
4.969,-154.12500
5.020,-154.12500
5.071,-154.25000
5.121,-153.87500
5.172,-154.12500
5.223,-154.00000
5.274,-154.00000
5.324,-153.87500
5.375,-154.00000
5.426,-154.00000
5.476,-153.87500
5.527,-153.87500
5.578,-154.00000
5.628,-153.87500
5.679,-154.00000
5.730,-154.00000
5.780,-154.12500
5.831,-154.12500
5.882,-154.12500
5.932,-154.12500
5.983,-154.00000
6.034,-154.12500
6.085,-154.12500
6.135,-154.12500
6.186,-154.25000
6.237,-154.12500
6.287,-154.12500
6.338,-154.12500
6.389,-154.25000
6.439,-154.00000
6.490,-154.12500
6.541,-154.00000
6.591,-154.00000
6.642,-154.12500
6.693,-154.00000
6.743,-154.12500
6.794,-154.12500
6.845,-154.00000
6.896,-154.25000
6.946,-154.12500
6.997,-154.25000
7.048,-154.12500
7.098,-154.25000
7.149,-154.25000
7.200,-154.12500
7.250,-154.12500
7.301,-154.25000
7.352,-154.25000
7.402,-154.25000
7.453,-154.12500
7.504,-154.37500
7.554,-153.87500
7.605,-154.00000
7.656,-154.00000
7.707,-153.75000
7.757,-153.87500
7.808,-153.87500
7.859,-153.87500
7.909,-154.00000
7.960,-153.87500
8.011,-154.00000
8.061,-154.00000
8.112,-154.12500
8.163,-154.00000
8.214,-154.25000
8.264,-154.12500
8.315,-154.12500
8.366,-154.25000
8.416,-154.25000
8.467,-154.12500
8.518,-154.12500
8.569,-154.12500
8.620,-154.12500
8.670,-154.00000
8.721,-154.00000
8.772,-153.62500
8.822,-153.62500
8.873,-153.62500
8.924,-153.75000
8.975,-153.75000
9.025,-153.62500
9.076,-153.62500
9.127,-153.87500
9.178,-153.87500
9.228,-154.12500
9.279,-154.00000
9.330,-154.12500
9.381,-154.12500
9.431,-154.25000
9.482,-154.25000
9.533,-154.25000
9.584,-154.12500
9.634,-154.12500
9.685,-154.12500
9.736,-154.12500
9.787,-154.12500
9.837,-154.12500
9.888,-154.12500
9.939,-154.12500
9.990,-153.87500
10.040,-154.12500
10.091,-153.87500
10.142,-154.00000
10.192,-153.87500
10.243,-154.00000
10.294,-154.00000
10.345,-154.00000
10.395,-154.00000
10.446,-154.00000
10.497,-153.87500
10.547,-154.00000
10.598,-154.00000
10.649,-154.12500
10.699,-154.12500
10.750,-154.12500
10.801,-154.00000
10.851,-154.00000
10.902,-154.12500
10.953,-154.00000
11.003,-154.00000
11.054,-154.12500
11.105,-154.12500
11.156,-154.12500
11.206,-154.12500
11.257,-154.12500
11.308,-154.00000
11.358,-154.00000
11.409,-154.25000
11.460,-153.87500
11.510,-154.00000
11.561,-153.87500
11.612,-153.87500
11.662,-153.75000
11.713,-153.87500
11.764,-153.87500
11.814,-153.87500
11.865,-154.00000
11.916,-154.00000
11.966,-153.75000
12.017,-154.00000
12.068,-154.00000
12.119,-154.12500
12.169,-154.00000
12.220,-154.12500
12.271,-154.00000
12.321,-154.12500
12.372,-154.12500
12.423,-154.00000
12.473,-154.12500
12.524,-153.87500
12.575,-153.87500
12.625,-154.00000
12.676,-153.75000
12.727,-153.87500
12.777,-153.75000
12.828,-153.87500
12.879,-153.75000
12.929,-153.75000
12.980,-153.75000
13.031,-153.75000
13.082,-153.75000
13.132,-153.75000
13.183,-153.62500
13.234,-153.87500
13.284,-153.75000
13.335,-154.00000
13.386,-153.87500
13.436,-153.87500
13.487,-154.00000
13.538,-154.00000
13.588,-154.00000
13.639,-153.87500
13.690,-154.00000
13.741,-154.00000
13.791,-154.00000
13.842,-154.00000
13.893,-153.87500
13.944,-154.00000
13.994,-153.87500
14.045,-154.00000
14.096,-153.75000
14.147,-153.75000
14.197,-153.87500
14.248,-153.75000
14.299,-153.75000
14.350,-153.75000
14.400,-153.87500
14.451,-154.00000
14.502,-153.87500
14.552,-154.12500
14.603,-154.00000
14.654,-154.12500
14.705,-154.00000
14.755,-154.12500
14.806,-154.12500
14.857,-154.12500
14.907,-154.00000
14.958,-154.00000
15.009,-154.00000
15.060,-154.12500
15.110,-154.00000
15.161,-154.12500
15.212,-154.00000
15.263,-154.12500
15.313,-153.87500
15.364,-154.00000
15.415,-154.00000
15.465,-154.00000
15.516,-153.87500
15.567,-153.87500
15.618,-154.00000
15.668,-153.87500
15.719,-153.75000
15.770,-154.00000
15.820,-153.87500
15.871,-154.12500
15.922,-154.00000
15.973,-154.00000
16.023,-154.12500
16.074,-154.25000
16.125,-154.25000
16.175,-154.25000
16.226,-154.12500
16.277,-154.12500
16.328,-154.25000
16.378,-154.12500
16.429,-154.12500
16.480,-154.12500
16.531,-153.87500
16.581,-154.00000
16.632,-154.00000
16.683,-153.87500
16.733,-153.87500
16.784,-153.87500
16.835,-154.00000
16.886,-154.00000
16.936,-153.87500
16.987,-154.00000
17.038,-153.87500
17.088,-154.12500
17.139,-154.00000
17.190,-154.12500
17.241,-154.00000
17.291,-154.12500
17.342,-154.12500
17.393,-154.12500
17.444,-154.12500
17.494,-154.12500
17.545,-154.12500
17.596,-154.12500
17.646,-154.12500
17.697,-154.12500
17.748,-154.12500
17.799,-154.12500
17.849,-154.12500
17.900,-154.00000
17.951,-153.75000
18.002,-153.87500
18.052,-154.12500
18.103,-153.87500
18.154,-154.00000
18.204,-154.00000
18.255,-153.87500
18.306,-154.12500
18.357,-153.87500
18.408,-154.12500
18.459,-154.12500
18.510,-154.12500
18.561,-154.00000
18.612,-154.12500
18.663,-154.12500
18.713,-154.25000
18.764,-154.25000
18.815,-154.12500
18.865,-154.12500
18.916,-154.12500
18.967,-154.25000
19.018,-154.12500
19.068,-154.00000
19.119,-154.25000
19.170,-154.00000
19.220,-154.00000
19.271,-154.00000
19.322,-154.00000
19.373,-154.12500
19.423,-154.00000
19.474,-154.12500
19.525,-154.12500
19.575,-154.00000
19.626,-154.12500
19.677,-154.12500
19.728,-154.25000
19.778,-154.12500
19.829,-154.25000
19.880,-154.12500
19.931,-154.25000
19.981,-154.37500
20.032,-154.25000
20.083,-154.37500
20.133,-154.12500
20.184,-154.25000
20.235,-154.25000
20.286,-154.25000
20.336,-154.37500
20.387,-154.12500
20.438,-154.25000
20.489,-154.00000
20.539,-154.12500
20.590,-154.12500
20.641,-154.00000
20.691,-154.12500
20.742,-154.00000
20.794,-154.12500
20.845,-154.12500
20.896,-154.12500
20.947,-154.12500
20.998,-154.25000
21.048,-154.37500
21.099,-154.25000
21.150,-154.25000
21.201,-154.25000
21.251,-154.37500
21.302,-154.12500
21.353,-154.25000
21.404,-154.37500
21.454,-154.12500
21.505,-154.12500
21.556,-154.00000
21.606,-154.00000
21.657,-154.00000
21.708,-154.00000
21.758,-154.12500
21.809,-153.87500
21.860,-153.87500
21.911,-154.00000
21.961,-153.87500
22.012,-154.12500
22.063,-154.00000
22.113,-154.12500
22.164,-154.00000
22.215,-154.12500
22.266,-154.12500
22.316,-154.00000
22.367,-154.25000
22.418,-154.25000
22.468,-154.25000
22.519,-154.25000
22.570,-154.25000
22.620,-154.37500
22.671,-154.12500
22.722,-154.25000
22.773,-154.12500
22.823,-154.00000
22.874,-154.12500
22.925,-154.00000
22.975,-154.12500
23.026,-154.12500
23.077,-154.12500
23.127,-154.25000
23.178,-154.25000
23.229,-154.25000
23.280,-154.25000
23.330,-154.37500
23.381,-154.37500
23.432,-154.25000
23.483,-154.37500
23.533,-154.25000
23.584,-154.25000
23.635,-154.37500
23.685,-154.25000
23.736,-154.37500
23.787,-154.00000
23.838,-154.12500
23.889,-153.87500
23.940,-154.12500
23.990,-154.00000
24.041,-154.00000
24.092,-154.00000
24.143,-154.00000
24.193,-154.00000
24.244,-154.12500
24.295,-153.87500
24.345,-154.12500
24.396,-154.00000
24.447,-154.25000
24.498,-154.00000
24.548,-154.25000
24.599,-154.25000
24.650,-154.25000
24.701,-154.25000
24.751,-154.25000
24.802,-154.12500
24.853,-154.12500
24.904,-154.37500
24.954,-154.25000
25.005,-154.12500
25.056,-154.25000
25.107,-154.00000
25.157,-154.12500
25.208,-154.12500
25.259,-154.12500
25.309,-154.12500
25.360,-154.00000
25.411,-154.12500
25.462,-154.12500
25.512,-154.25000
25.563,-154.25000
25.614,-154.12500
25.665,-154.25000
25.716,-154.12500
25.766,-154.25000
25.817,-154.12500
25.868,-154.25000
25.919,-154.25000
25.970,-154.25000
26.020,-154.25000
26.071,-154.12500
26.122,-154.25000
26.172,-154.00000
26.223,-154.12500
26.274,-154.25000
26.325,-154.12500
26.375,-154.12500
26.426,-154.00000
26.477,-154.00000
26.527,-154.12500
26.578,-154.00000
26.629,-154.12500
26.679,-154.00000
26.730,-154.12500
26.781,-154.12500
26.832,-154.12500
26.882,-154.12500
26.933,-154.00000
26.984,-154.12500
27.034,-154.12500
27.085,-154.12500
27.136,-154.12500
27.187,-154.00000
27.237,-154.25000
27.288,-154.00000
27.339,-154.00000
27.390,-153.87500
27.440,-153.87500
27.491,-154.00000
27.542,-154.00000
27.592,-154.00000
27.643,-153.87500
27.694,-153.75000
27.744,-154.00000
27.795,-154.00000
27.846,-154.25000
27.896,-153.87500
27.947,-154.12500
27.998,-154.12500
28.049,-153.87500
28.099,-154.12500
28.150,-154.00000
28.201,-154.00000
28.251,-154.12500
28.302,-154.12500
28.353,-154.12500
28.403,-154.00000
28.454,-154.00000
28.505,-154.00000
28.556,-154.00000
28.606,-154.00000
28.657,-153.87500
28.708,-154.00000
28.758,-153.87500
28.809,-154.00000
28.860,-154.12500
28.910,-154.12500
28.961,-154.25000
29.012,-154.00000
29.062,-154.12500
29.113,-154.12500
29.164,-154.37500
29.214,-154.25000
29.265,-154.12500
29.316,-154.25000
29.366,-154.25000
29.417,-154.25000
29.468,-154.25000
29.518,-154.12500
29.569,-154.25000
29.620,-154.00000
29.671,-154.25000
29.721,-154.12500
29.772,-154.12500
29.823,-154.25000
29.873,-154.25000
29.924,-154.12500
29.975,-154.00000
30.025,-154.00000
30.076,-154.12500
30.127,-154.00000
30.177,-154.12500
30.228,-154.12500
30.279,-154.12500
30.329,-154.12500
30.380,-154.12500
30.431,-154.25000
30.481,-154.12500
30.532,-154.25000
30.583,-154.12500
30.633,-154.12500
30.684,-154.25000
30.735,-154.25000
30.786,-154.37500
30.836,-154.25000
30.887,-154.25000
30.938,-154.25000
30.989,-154.00000
31.039,-154.12500
31.090,-154.12500
31.141,-154.12500
31.192,-154.12500
31.242,-154.12500
31.293,-154.12500
31.344,-154.12500
31.394,-154.25000
31.445,-154.25000
31.496,-154.37500
31.547,-154.37500
31.597,-154.12500
31.648,-154.37500
31.699,-154.37500
31.750,-154.25000
31.800,-154.12500
31.851,-154.12500
31.902,-154.12500
31.952,-154.12500
32.003,-154.25000
32.054,-154.00000
32.105,-154.12500
32.155,-154.25000
32.206,-154.12500
32.257,-154.12500
32.307,-154.12500
32.358,-154.00000
32.409,-154.25000
32.459,-154.12500
32.510,-154.25000
32.561,-154.12500
32.612,-154.25000
32.662,-154.25000
32.713,-154.12500
32.764,-154.25000
32.815,-154.25000
32.865,-154.12500
32.916,-154.25000
32.967,-154.00000
33.018,-154.12500
33.068,-154.12500
33.119,-154.00000
33.170,-154.12500
33.221,-154.37500
33.271,-154.50000
33.322,-154.37500
33.373,-154.62500
33.423,-154.50000
33.474,-154.37500
33.525,-154.37500
33.576,-154.37500
33.626,-154.25000
33.677,-154.25000
33.728,-154.25000
33.778,-154.25000
33.829,-154.00000
33.880,-154.25000
33.931,-154.25000
33.981,-154.25000
34.032,-154.37500
34.083,-154.12500
34.133,-154.12500
34.184,-154.12500
34.235,-154.00000
34.286,-154.12500
34.336,-154.12500
34.387,-154.25000
34.438,-154.12500
34.489,-154.12500
34.539,-154.25000
34.590,-154.25000
34.641,-154.37500
34.692,-154.37500
34.742,-154.37500
34.793,-154.25000
34.844,-154.37500
34.894,-154.37500
34.945,-154.37500
34.996,-154.37500
35.047,-154.37500
35.097,-154.37500
35.148,-154.12500
35.199,-154.25000
35.249,-154.12500
35.300,-154.12500
35.351,-154.25000
35.402,-154.00000
35.452,-154.12500
35.503,-154.12500
35.554,-154.00000
35.604,-154.12500
35.655,-154.12500
35.706,-154.25000
35.757,-154.25000
35.807,-154.25000
35.858,-154.25000
35.909,-154.25000
35.959,-154.25000
36.010,-154.25000
36.061,-154.37500
36.111,-154.25000
36.162,-154.37500
36.213,-154.25000
36.264,-154.25000
36.314,-154.37500
36.365,-154.12500
36.416,-154.37500
36.467,-154.12500
36.517,-154.12500
36.568,-154.25000
36.619,-154.12500
36.669,-154.12500
36.720,-154.12500
36.771,-154.12500
36.821,-154.12500
36.872,-154.12500
36.923,-154.25000
36.974,-154.12500
37.024,-154.37500
37.075,-154.25000
37.126,-154.12500
37.176,-154.25000
37.227,-154.25000
37.278,-154.37500
37.329,-154.37500
37.379,-154.50000
37.430,-154.50000
37.481,-154.50000
37.531,-154.50000
37.582,-154.12500
37.633,-154.37500
37.684,-154.37500
37.734,-154.25000
37.785,-154.25000
37.836,-154.12500
37.890,-154.12500
37.941,-154.12500
37.991,-154.25000
38.042,-154.12500
38.093,-154.37500
38.144,-154.37500
38.195,-154.25000
38.245,-154.25000
38.297,-154.37500
38.347,-154.37500
38.398,-154.37500
38.449,-154.37500
38.500,-154.37500
38.551,-154.37500
38.601,-154.37500
38.652,-154.25000
38.703,-154.37500
38.753,-154.12500
38.804,-154.25000
38.855,-154.12500
38.905,-154.12500
38.956,-154.12500
39.007,-154.12500
39.057,-154.50000
39.108,-154.25000
39.159,-154.12500
39.210,-154.25000
39.260,-154.25000
39.311,-154.37500
39.362,-154.25000
39.412,-154.37500
39.463,-154.37500
39.514,-154.50000
39.565,-154.37500
39.615,-154.37500
39.666,-154.50000
39.717,-154.37500
39.767,-154.62500
39.818,-154.50000
39.869,-154.50000
39.919,-154.62500
39.970,-154.12500
40.021,-154.25000
40.071,-154.25000
40.122,-154.25000
40.173,-154.25000
40.223,-154.12500
40.274,-154.25000
40.325,-154.12500
40.375,-154.00000
40.426,-154.12500
40.477,-154.25000
40.527,-154.25000
40.578,-154.12500
40.629,-154.50000
40.679,-154.25000
40.730,-154.12500
40.781,-154.25000
40.831,-154.25000
40.882,-154.25000
40.933,-154.37500
40.983,-154.37500
41.034,-154.37500
41.085,-154.37500
41.135,-154.37500
41.186,-154.25000
41.237,-154.25000
41.287,-154.37500
41.338,-154.25000
41.389,-154.37500
41.439,-154.12500
41.490,-154.25000
41.541,-154.12500
41.592,-154.12500
41.642,-154.25000
41.693,-154.12500
41.744,-154.25000
41.794,-154.12500
41.845,-154.12500
41.896,-154.25000
41.946,-154.12500
41.997,-154.37500
42.048,-154.25000
42.098,-154.37500
42.149,-154.25000
42.200,-154.37500
42.250,-154.37500
42.301,-154.37500
42.352,-154.25000
42.402,-154.37500
42.453,-154.37500
42.504,-154.25000
42.554,-154.25000
42.605,-154.50000
42.656,-154.37500
42.706,-154.50000
42.757,-154.12500
42.808,-154.25000
42.858,-154.37500
42.909,-154.25000
42.960,-154.50000
43.010,-154.12500
43.061,-154.12500
43.112,-154.12500
43.163,-154.12500
43.213,-154.25000
43.264,-154.12500
43.315,-154.37500
43.366,-154.12500
43.416,-154.37500
43.467,-154.37500
43.518,-154.37500
43.568,-154.50000
43.619,-154.37500
43.670,-154.37500
43.720,-154.37500
43.771,-154.12500
43.822,-154.37500
43.873,-154.00000
43.923,-154.12500
43.974,-154.00000
44.025,-154.12500
44.075,-154.25000
44.126,-154.00000
44.177,-154.00000
44.228,-154.12500
44.278,-154.00000
44.329,-154.37500
44.380,-154.25000
44.431,-154.25000
44.481,-154.25000
44.532,-154.25000
44.583,-154.25000
44.633,-154.37500
44.684,-154.37500
44.735,-154.25000
44.786,-154.37500
44.836,-154.37500
44.887,-154.37500
44.938,-154.37500
44.988,-154.25000
45.039,-154.37500
45.090,-154.12500
45.141,-154.12500
45.191,-154.00000
45.242,-154.00000
45.293,-154.25000
45.343,-154.12500
45.394,-154.00000
45.445,-154.25000
45.495,-154.00000
45.546,-154.12500
45.597,-154.12500
45.648,-154.25000
45.698,-154.25000
45.749,-154.25000
45.800,-154.25000
45.851,-154.37500
45.901,-154.25000
45.952,-154.25000
46.003,-154.37500
46.053,-154.37500
46.104,-154.37500
46.155,-154.25000
46.206,-154.25000
46.256,-154.37500
46.307,-154.12500
46.358,-154.25000
46.408,-154.00000
46.459,-154.25000
46.510,-154.25000
46.561,-154.25000
46.611,-154.25000
46.662,-154.12500
46.713,-154.12500
46.763,-154.12500
46.814,-154.12500
46.865,-154.12500
46.916,-154.25000
46.966,-154.37500
47.017,-154.25000
47.068,-154.37500
47.118,-154.37500
47.169,-154.37500
47.222,-154.37500
47.272,-154.37500
47.323,-154.37500
47.374,-154.25000
47.424,-154.37500
47.475,-154.50000
47.526,-154.37500
47.576,-154.37500
47.627,-154.25000
47.678,-154.37500
47.728,-154.12500
47.779,-154.12500
47.830,-154.12500
47.880,-154.00000
47.931,-154.12500
47.982,-154.12500
48.032,-154.12500
48.083,-154.12500
48.134,-154.12500
48.184,-154.12500
48.235,-153.87500
48.286,-154.25000
48.336,-154.37500
48.387,-154.37500
48.438,-154.25000
48.488,-154.25000
48.539,-154.25000
48.590,-154.37500
48.640,-154.37500
48.691,-154.37500
48.742,-154.37500
48.792,-154.37500
48.843,-154.25000
48.894,-154.37500
48.944,-154.00000
48.995,-154.25000
49.046,-154.25000
49.096,-154.12500
49.147,-154.12500
49.198,-154.12500
49.248,-154.00000
49.299,-154.25000
49.350,-154.12500
49.400,-154.25000
49.451,-154.25000
49.502,-154.37500
49.552,-154.37500
49.603,-154.37500
49.654,-154.37500
49.704,-154.37500
49.755,-154.37500
49.806,-154.25000
49.856,-154.25000
49.907,-154.37500
49.958,-154.25000
50.008,-154.37500
50.059,-154.37500
50.109,-154.25000
50.160,-154.12500
50.211,-154.00000
50.261,-154.12500
50.312,-154.00000
50.363,-154.12500
50.413,-154.25000
50.464,-154.25000
50.515,-154.37500
50.565,-154.25000
50.616,-154.25000
50.667,-154.25000
50.717,-154.25000
50.768,-154.37500
50.819,-154.37500
50.869,-154.37500
50.920,-154.37500
50.971,-154.25000
51.021,-154.37500
51.072,-154.37500
51.122,-154.25000
51.173,-154.25000
51.224,-154.00000
51.274,-154.25000
51.325,-154.12500
51.376,-154.00000
51.427,-154.25000
51.478,-154.25000
51.528,-154.37500
51.579,-154.12500
51.630,-154.25000
51.681,-154.37500
51.731,-154.25000
51.782,-154.25000
51.833,-154.25000
51.883,-154.37500
51.934,-154.37500
51.985,-154.50000
52.036,-154.37500
52.086,-154.37500
52.137,-154.37500
52.188,-154.37500
52.238,-154.37500
52.289,-154.50000
52.340,-154.37500
52.390,-154.37500
52.441,-154.25000
52.492,-154.25000
52.542,-154.12500
52.593,-154.25000
52.644,-154.25000
52.694,-154.25000
52.745,-154.37500
52.796,-154.12500
52.846,-154.25000
52.897,-154.37500
52.948,-154.25000
52.998,-154.37500
53.049,-154.37500
53.100,-154.50000
53.150,-154.37500
53.201,-154.50000
53.252,-154.37500
53.302,-154.37500
53.353,-154.50000
53.404,-154.50000
53.454,-154.37500
53.505,-154.50000
53.556,-154.37500
53.606,-154.50000
53.657,-154.25000
53.708,-154.25000
53.758,-154.25000
53.809,-154.25000
53.860,-154.12500
53.910,-154.25000
53.961,-154.25000
54.012,-154.37500
54.062,-154.25000
54.113,-154.37500
54.164,-154.25000
54.214,-154.37500
54.265,-154.37500
54.316,-154.37500
54.366,-154.37500
54.417,-154.50000
54.468,-154.37500
54.519,-154.37500
54.569,-154.37500
54.620,-154.50000
54.671,-154.50000
54.722,-154.50000
54.772,-154.12500
54.823,-154.37500
54.874,-154.12500
54.924,-154.25000
54.975,-154.25000
55.026,-154.25000
55.077,-154.37500
55.127,-154.25000
55.178,-154.25000
55.229,-154.50000
55.279,-154.37500
55.330,-154.50000
55.381,-154.37500
55.432,-154.62500
55.482,-154.50000
55.533,-154.50000
55.584,-154.50000
55.635,-154.62500
55.685,-154.62500
55.736,-154.62500
55.787,-154.62500
55.837,-154.50000
55.888,-154.62500
55.939,-154.62500
55.990,-154.50000
56.040,-154.62500
56.091,-154.37500
56.142,-154.50000
56.193,-154.37500
56.243,-154.25000
56.294,-154.50000
56.345,-154.37500
56.396,-154.25000
56.446,-154.50000
56.497,-154.37500
56.548,-154.50000
56.598,-154.50000
56.649,-154.50000
56.700,-154.50000
56.751,-154.50000
56.801,-154.50000
56.852,-154.50000
56.903,-154.62500
56.953,-154.50000
57.004,-154.37500
57.055,-154.50000
57.106,-154.37500
57.156,-154.50000
57.207,-154.25000
57.258,-154.25000
57.308,-154.25000
57.359,-154.25000
57.410,-154.37500
57.461,-154.25000
57.512,-154.37500
57.562,-154.25000
57.613,-154.25000
57.664,-154.50000
57.714,-154.37500
57.765,-154.37500
57.816,-154.50000
57.866,-154.50000
57.917,-154.50000
57.968,-154.50000
58.019,-154.62500
58.069,-154.62500
58.120,-154.62500
58.170,-154.62500
58.221,-154.50000
58.272,-154.62500
58.322,-154.62500
58.373,-154.62500
58.424,-154.25000
58.474,-154.37500
58.525,-154.37500
58.576,-154.25000
58.626,-154.50000
58.677,-154.37500
58.727,-154.37500
58.778,-154.37500
58.829,-154.37500
58.879,-154.62500
58.930,-154.37500
58.981,-154.37500
59.031,-154.37500
59.082,-154.50000
59.133,-154.50000
59.183,-154.50000
59.234,-154.62500
59.284,-154.62500
59.335,-154.37500
59.386,-154.75000
59.436,-154.37500
59.487,-154.37500
59.538,-154.37500
59.588,-154.37500
59.639,-154.50000
59.690,-154.25000
59.740,-154.37500
59.791,-154.12500
59.841,-154.12500
59.892,-154.50000
59.943,-154.37500
59.993,-154.50000
60.044,-154.25000
60.095,-154.37500
60.145,-154.37500
60.196,-154.37500
60.247,-154.37500
60.297,-154.37500
60.348,-154.37500
60.398,-154.37500
60.449,-154.50000
60.500,-154.37500
60.550,-154.37500
60.601,-154.37500
60.652,-154.37500
60.702,-154.50000
60.753,-154.50000
60.804,-154.37500
60.854,-154.62500
60.905,-154.37500
60.955,-154.37500
61.006,-154.25000
61.057,-154.37500
61.107,-154.50000
61.158,-154.37500
61.209,-154.37500
61.259,-154.25000
61.310,-154.37500
61.361,-154.37500
61.411,-154.37500
61.462,-154.50000
61.512,-154.37500
61.563,-154.50000
61.614,-154.50000
61.664,-154.37500
61.715,-154.50000
61.766,-154.50000
61.816,-154.62500
61.867,-154.62500
61.918,-154.62500
61.969,-154.62500
62.019,-154.62500
62.070,-154.75000
62.121,-154.62500
62.171,-154.62500
62.222,-154.62500
62.273,-154.50000
62.323,-154.87500
62.374,-154.75000
62.425,-154.87500
62.475,-154.62500
62.526,-154.62500
62.577,-154.62500
62.627,-154.50000
62.678,-154.75000
62.729,-154.62500
62.779,-154.50000
62.830,-154.50000
62.881,-154.50000
62.931,-154.75000
62.982,-154.50000
63.033,-154.75000
63.083,-154.62500
63.134,-154.75000
63.185,-154.62500
63.236,-154.62500
63.286,-154.75000
63.337,-154.50000
63.388,-154.75000
63.438,-154.75000
63.489,-154.87500
63.540,-154.75000
63.591,-154.75000
63.642,-154.75000
63.692,-154.62500
63.743,-154.62500
63.794,-154.50000
63.844,-154.50000
63.895,-154.62500
63.946,-154.37500
63.996,-154.50000
64.047,-154.37500
64.098,-154.37500
64.148,-154.62500
64.199,-154.50000
64.250,-154.50000
64.300,-154.50000
64.351,-154.62500
64.402,-154.50000
64.452,-154.37500
64.503,-154.62500
64.554,-154.50000
64.604,-154.62500
64.655,-154.50000
64.706,-154.62500
64.756,-154.62500
64.807,-154.87500
64.858,-154.75000
64.908,-154.62500
64.959,-154.62500
65.009,-154.62500
65.060,-154.62500
65.111,-154.75000
65.161,-154.62500
65.212,-154.75000
65.263,-154.37500
65.313,-154.62500
65.364,-154.37500
65.415,-154.37500
65.465,-154.50000
65.516,-154.37500
65.567,-154.50000
65.617,-154.37500
65.668,-154.50000
65.719,-154.62500
65.769,-154.50000
65.820,-154.50000
65.871,-154.50000
65.921,-154.62500
65.972,-154.37500
66.023,-154.37500
66.074,-154.62500
66.124,-154.50000
66.175,-154.62500
66.226,-154.62500
66.277,-154.62500
66.327,-154.50000
66.378,-154.62500
66.429,-154.75000
66.479,-154.50000
66.530,-154.62500
66.581,-154.62500
66.631,-154.62500
66.682,-154.62500
66.733,-154.37500
66.783,-154.50000
66.834,-154.25000
66.885,-154.37500
66.935,-154.37500
66.986,-154.37500
67.037,-154.50000
67.087,-154.37500
67.138,-154.25000
67.189,-154.50000
67.239,-154.37500
67.290,-154.50000
67.341,-154.37500
67.391,-154.50000
67.442,-154.50000
67.493,-154.37500
67.543,-154.37500
67.594,-154.50000
67.645,-154.50000
67.695,-154.50000
67.746,-154.50000
67.797,-154.50000
67.847,-154.50000
67.898,-154.50000
67.949,-154.37500
68.000,-154.50000
68.050,-154.50000
68.101,-154.37500
68.152,-154.37500
68.202,-154.37500
68.253,-154.37500
68.304,-154.25000
68.354,-154.50000
68.405,-154.25000
68.456,-154.25000
68.506,-154.37500
68.557,-154.25000
68.608,-154.37500
68.658,-154.37500
68.709,-154.37500
68.760,-154.37500
68.810,-154.25000
68.861,-154.50000
68.912,-154.37500
68.962,-154.37500
69.013,-154.50000
69.064,-154.37500
69.114,-154.50000
69.165,-154.37500
69.216,-154.62500
69.266,-154.25000
69.317,-154.25000
69.368,-154.37500
69.419,-154.25000
69.469,-154.25000
69.520,-154.25000
69.571,-154.12500
69.621,-154.37500
69.672,-154.25000
69.723,-154.50000
69.773,-154.37500
69.824,-154.50000
69.875,-154.50000
69.925,-154.37500
69.976,-154.37500
70.027,-154.25000
70.077,-154.50000
70.128,-154.50000
70.179,-154.37500
70.229,-154.50000
70.280,-154.50000
70.331,-154.50000
70.381,-154.50000
70.432,-154.37500
70.483,-154.50000
70.533,-154.25000
70.584,-154.50000
70.635,-154.25000
70.685,-154.50000
70.736,-154.37500
70.787,-154.37500
70.837,-154.37500
70.888,-154.25000
70.939,-154.37500
70.989,-154.50000
71.040,-154.37500
71.091,-154.50000
71.141,-154.37500
71.192,-154.37500
71.243,-154.37500
71.293,-154.37500
71.344,-154.50000
71.395,-154.50000
71.445,-154.50000
71.496,-154.37500
71.547,-154.50000
71.597,-154.50000
71.648,-154.50000
71.699,-154.50000
71.749,-154.37500
71.800,-154.50000
71.851,-154.25000
71.901,-154.37500
71.952,-154.25000
72.003,-154.37500
72.053,-154.37500
72.104,-154.12500
72.155,-154.25000
72.205,-154.25000
72.256,-154.25000
72.307,-154.37500
72.357,-154.25000
72.408,-154.37500
72.459,-154.37500
72.509,-154.50000
72.560,-154.37500
72.611,-154.25000
72.661,-154.37500
72.712,-154.50000
72.763,-154.50000
72.813,-154.37500
72.864,-154.50000
72.915,-154.37500
72.965,-154.37500
73.016,-154.50000
73.067,-154.50000
73.117,-154.50000
73.168,-154.62500
73.219,-154.50000
73.270,-154.62500
73.320,-154.25000
73.371,-154.37500
73.423,-154.12500
73.474,-154.25000
73.525,-154.25000
73.577,-154.12500
73.627,-154.37500
73.678,-154.37500
73.729,-154.50000
73.780,-154.37500
73.830,-154.50000
73.881,-154.37500
73.932,-154.37500
73.982,-154.50000
74.033,-154.37500
74.084,-154.62500
74.135,-154.62500
74.185,-154.25000
74.236,-154.37500
74.287,-154.25000
74.338,-154.37500
74.388,-154.25000
74.439,-154.37500
74.490,-154.37500
74.540,-154.25000
74.591,-154.37500
74.642,-154.37500
74.693,-154.37500
74.743,-154.37500
74.794,-154.25000
74.845,-154.25000
74.896,-154.37500
74.946,-154.50000
74.997,-154.50000
75.048,-154.37500
75.098,-154.37500
75.149,-154.37500
75.200,-154.50000
75.251,-154.25000
75.301,-154.37500
75.352,-154.50000
75.403,-154.25000
75.453,-154.37500
75.504,-154.25000
75.555,-154.37500
75.606,-154.25000
75.656,-154.37500
75.707,-154.25000
75.758,-154.25000
75.808,-154.25000
75.859,-154.37500
75.910,-154.50000
75.961,-154.50000
76.011,-154.37500
76.062,-154.37500
76.113,-154.37500
76.163,-154.50000
76.214,-154.50000
76.265,-154.62500
76.316,-154.37500
76.366,-154.50000
76.417,-154.50000
76.468,-154.50000
76.518,-154.50000
76.569,-154.37500
76.620,-154.62500
76.671,-154.62500
76.721,-154.50000
76.772,-154.62500
76.823,-154.37500
76.873,-154.62500
76.924,-154.37500
76.975,-154.50000
77.025,-154.37500
77.076,-154.50000
77.127,-154.37500
77.177,-154.50000
77.228,-154.50000
77.279,-154.50000
77.329,-154.50000
77.380,-154.62500
77.431,-154.62500
77.481,-154.87500
77.532,-154.75000
77.583,-154.75000
77.633,-154.75000
77.684,-154.75000
77.735,-154.87500
77.785,-154.75000
77.836,-154.87500
77.887,-154.75000
77.937,-154.75000
77.988,-154.75000
78.038,-154.50000
78.089,-154.87500
78.140,-154.62500
78.190,-154.75000
78.241,-154.75000
78.292,-154.62500
78.343,-154.62500
78.393,-154.62500
78.444,-154.62500
78.495,-154.75000
78.545,-154.37500
78.596,-154.62500
78.647,-154.50000
78.698,-154.50000
78.748,-154.50000
78.799,-154.37500
78.850,-154.62500
78.900,-154.50000
78.951,-154.50000
79.002,-154.50000
79.053,-154.62500
79.104,-154.62500
79.155,-154.50000
79.205,-154.62500
79.256,-154.50000
79.307,-154.62500
79.357,-154.37500
79.408,-154.50000
79.459,-154.25000
79.510,-154.37500
79.560,-154.50000
79.611,-154.25000
79.662,-154.50000
79.712,-154.50000
79.763,-154.37500
79.814,-154.50000
79.865,-154.50000
79.915,-154.62500
79.966,-154.50000
80.017,-154.62500
80.068,-154.50000
80.118,-154.37500
80.169,-154.50000
80.220,-154.50000
80.270,-154.62500
80.321,-154.62500
80.372,-154.62500
80.423,-154.75000
80.473,-154.62500
80.524,-154.75000
80.575,-154.50000
80.626,-154.50000
80.676,-154.37500
80.727,-154.62500
80.778,-154.75000
80.828,-154.37500
80.879,-154.50000
80.930,-154.37500
80.981,-154.37500
81.031,-154.37500
81.082,-154.37500
81.133,-154.37500
81.183,-154.50000
81.234,-154.62500
81.285,-154.50000
81.336,-154.62500
81.387,-154.50000
81.437,-154.37500
81.488,-154.50000
81.539,-154.50000
81.589,-154.50000
81.640,-154.50000
81.691,-154.62500
81.742,-154.50000
81.792,-154.62500
81.843,-154.62500
81.894,-154.62500
81.945,-154.50000
81.995,-154.37500
82.046,-154.50000
82.097,-154.50000
82.147,-154.37500
82.198,-154.37500
82.249,-154.37500
82.299,-154.37500
82.350,-154.37500
82.401,-154.37500
82.452,-154.37500
82.502,-154.37500
82.553,-154.50000
82.604,-154.50000
82.655,-154.50000
82.705,-154.75000
82.756,-154.75000
82.807,-154.75000
82.857,-154.62500
82.908,-154.75000
82.959,-154.75000
83.009,-154.75000
83.060,-154.75000
83.111,-154.62500
83.162,-154.75000
83.212,-154.62500
83.263,-154.75000
83.314,-154.75000
83.364,-154.62500
83.415,-154.62500
83.466,-154.50000
83.517,-154.62500
83.567,-154.37500
83.618,-154.50000
83.669,-154.62500
83.719,-154.50000
83.770,-154.62500
83.821,-154.50000
83.872,-154.50000
83.922,-154.62500
83.973,-154.62500
84.024,-154.75000
84.075,-154.62500
84.125,-154.87500
84.176,-154.75000
84.227,-154.75000
84.277,-154.62500
84.328,-154.75000
84.379,-154.75000
84.430,-154.62500
84.480,-154.75000
84.531,-154.75000
84.582,-154.75000
84.632,-154.75000
84.683,-154.62500
84.734,-154.62500
84.785,-154.50000
84.835,-154.62500
84.886,-154.50000
84.937,-154.50000
84.988,-154.50000
85.038,-154.50000
85.089,-154.37500
85.140,-154.50000
85.190,-154.37500
85.241,-154.50000
85.292,-154.50000
85.343,-154.50000
85.394,-154.50000
85.444,-154.62500
85.495,-154.62500
85.546,-154.62500
85.596,-154.62500
85.647,-154.62500
85.698,-154.75000
85.749,-154.62500
85.799,-154.75000
85.850,-154.75000
85.901,-154.62500
85.952,-154.75000
86.002,-154.62500
86.053,-154.62500
86.104,-154.50000
86.154,-154.62500
86.205,-154.50000
86.256,-154.50000
86.307,-154.62500
86.357,-154.62500
86.408,-154.50000
86.459,-154.62500
86.509,-154.50000
86.560,-154.62500
86.610,-154.62500
86.661,-154.87500
86.712,-154.75000
86.762,-154.75000
86.813,-154.75000
86.864,-154.75000
86.914,-154.75000
86.965,-154.75000
87.016,-154.75000
87.066,-154.75000
87.117,-154.75000
87.168,-154.75000
87.218,-154.75000
87.269,-154.87500
87.320,-154.75000
87.370,-154.75000
87.421,-154.87500
87.472,-154.75000
87.522,-154.75000
87.573,-154.62500
87.623,-154.62500
87.674,-154.62500
87.725,-154.75000
87.775,-154.62500
87.826,-154.50000
87.877,-154.75000
87.927,-154.62500
87.978,-154.50000
88.029,-154.75000
88.079,-154.62500
88.130,-154.87500
88.181,-154.75000
88.231,-155.00000
88.282,-154.87500
88.333,-155.00000
88.383,-154.87500
88.434,-154.75000
88.485,-154.87500
88.535,-154.87500
88.586,-154.87500
88.636,-154.87500
88.687,-154.87500
88.738,-154.87500
88.788,-154.87500
88.839,-154.87500
88.890,-154.62500
88.940,-154.87500
88.991,-154.87500
89.042,-154.62500
89.092,-154.75000
89.143,-154.50000
89.194,-154.50000
89.244,-154.50000
89.295,-154.62500
89.346,-154.50000
89.397,-154.50000
89.447,-154.62500
89.498,-154.62500
89.549,-154.50000
89.600,-154.62500
89.650,-154.62500
89.701,-154.75000
89.751,-154.75000
89.802,-154.87500
89.853,-154.62500
89.903,-154.87500
89.954,-154.75000
90.005,-154.75000
90.055,-154.75000
90.106,-154.75000
90.157,-154.87500
90.207,-154.87500
90.258,-154.62500
90.309,-154.62500
90.360,-154.62500
90.410,-154.62500
90.461,-154.50000
90.512,-154.50000
90.562,-154.62500
90.613,-154.62500
90.664,-154.62500
90.714,-154.62500
90.765,-154.62500
90.815,-154.62500
90.866,-154.50000
90.917,-154.75000
90.967,-154.75000
91.018,-154.75000
91.069,-154.75000
91.119,-154.75000
91.170,-154.75000
91.221,-154.62500
91.271,-154.62500
91.322,-154.62500
91.373,-154.50000
91.423,-154.62500
91.474,-154.50000
91.525,-154.50000
91.575,-154.62500
91.626,-154.62500
91.677,-154.62500
91.727,-154.62500
91.778,-154.50000
91.829,-154.62500
91.880,-154.62500
91.930,-154.62500
91.981,-154.75000
92.032,-154.75000
92.082,-154.75000
92.133,-154.75000
92.184,-154.62500
92.234,-154.62500
92.285,-154.75000
92.336,-154.75000
92.386,-154.75000
92.437,-154.87500
92.488,-154.62500
92.539,-154.75000
92.589,-154.50000
92.640,-154.62500
92.691,-154.62500
92.741,-154.62500
92.792,-154.75000
92.843,-154.62500
92.893,-154.50000
92.944,-154.50000
92.995,-154.37500
93.045,-154.50000
93.097,-154.37500
93.148,-154.62500
93.199,-154.50000
93.249,-154.62500
93.300,-154.50000
93.351,-154.50000
93.401,-154.62500
93.452,-154.50000
93.503,-154.75000
93.553,-154.62500
93.604,-154.62500
93.655,-154.62500
93.705,-154.62500
93.756,-154.62500
93.807,-154.50000
93.857,-154.62500
93.908,-154.37500
93.959,-154.37500
94.009,-154.50000
94.060,-154.37500
94.111,-154.50000
94.161,-154.37500
94.212,-154.37500
94.263,-154.50000
94.313,-154.50000
94.364,-154.62500
94.415,-154.50000
94.465,-154.62500
94.516,-154.62500
94.567,-154.50000
94.618,-154.62500
94.668,-154.62500
94.719,-154.75000
94.770,-154.62500
94.820,-154.75000
94.871,-154.87500
94.922,-154.75000
94.973,-154.75000
95.023,-154.50000
95.074,-154.62500
95.125,-154.50000
95.175,-154.62500
95.226,-154.62500
95.277,-154.50000
95.327,-154.62500
95.378,-154.50000
95.429,-154.50000
95.479,-154.50000
95.530,-154.37500
95.581,-154.62500
95.631,-154.50000
95.682,-154.50000
95.733,-154.62500
95.783,-154.62500
95.834,-154.75000
95.884,-154.62500
95.935,-154.62500
95.986,-154.62500
96.036,-154.62500
96.087,-154.75000
96.138,-154.87500
96.188,-154.62500
96.239,-154.75000
96.290,-154.75000
96.340,-154.62500
96.391,-154.75000
96.442,-154.75000
96.492,-154.50000
96.543,-154.50000
96.594,-154.50000
96.644,-154.37500
96.695,-154.62500
96.746,-154.62500
96.797,-154.37500
96.847,-154.62500
96.898,-154.75000
96.949,-154.75000
96.999,-154.62500
97.050,-154.75000
97.101,-154.62500
97.151,-154.62500
97.202,-154.62500
97.253,-154.62500
97.303,-154.75000
97.354,-154.62500
97.405,-154.62500
97.455,-154.75000
97.506,-154.62500
97.557,-154.75000
97.607,-154.37500
97.658,-154.50000
97.709,-154.50000
97.759,-154.50000
97.810,-154.50000
97.861,-154.37500
97.912,-154.37500
97.963,-154.50000
98.015,-154.62500
98.066,-154.62500
98.118,-154.75000
98.169,-154.75000
98.219,-154.62500
98.270,-154.75000
98.321,-154.62500
98.372,-154.62500
98.422,-154.62500
98.473,-154.62500
98.524,-154.75000
98.574,-154.62500
98.625,-154.75000
98.676,-154.50000
98.726,-154.50000
98.777,-154.50000
98.827,-154.37500
98.878,-154.37500
98.929,-154.25000
98.979,-154.37500
99.030,-154.25000
99.081,-154.25000
99.131,-154.50000
99.182,-154.25000
99.233,-154.50000
99.283,-154.37500
99.334,-154.50000
99.385,-154.50000
99.435,-154.50000
99.486,-154.50000
99.536,-154.50000
99.587,-154.62500
99.638,-154.50000
99.688,-154.62500
99.739,-154.62500
99.790,-154.62500
99.840,-154.50000
99.891,-154.50000
99.942,-154.50000
99.992,-154.62500
time(s),mvs
0.000,-155.87500
0.051,-155.87500
0.101,-155.87500
0.152,-155.87500
0.203,-156.00000
0.253,-155.87500
0.304,-156.12500
0.355,-156.00000
0.406,-155.87500
0.457,-156.12500
0.508,-156.00000
0.559,-156.00000
0.610,-156.00000
0.661,-156.12500
0.712,-156.12500
0.762,-156.12500
0.813,-156.12500
0.864,-156.00000
0.915,-156.12500
0.965,-156.00000
1.016,-156.12500
1.067,-155.87500
1.118,-156.12500
1.169,-156.00000
1.219,-156.00000
1.270,-156.00000
1.321,-155.87500
1.371,-156.00000
1.422,-156.00000
1.473,-156.00000
1.523,-156.12500
1.574,-156.00000
1.625,-156.00000
1.675,-156.00000
1.726,-156.12500
1.777,-156.12500
1.828,-156.12500
1.879,-156.12500
1.929,-156.00000
1.982,-156.25000
2.033,-156.12500
2.085,-156.12500
2.136,-156.00000
2.188,-155.87500
2.240,-156.00000
2.290,-156.12500
2.341,-155.87500
2.392,-156.00000
2.443,-156.00000
2.493,-156.12500
2.544,-156.12500
2.595,-156.12500
2.645,-156.25000
2.696,-156.00000
2.747,-156.25000
2.797,-156.12500
2.848,-156.00000
2.899,-156.12500
2.949,-156.12500
3.000,-156.12500
3.051,-156.12500
3.101,-156.25000
3.152,-156.12500
3.259,-156.12500
3.310,-156.25000
3.360,-156.00000
3.411,-156.12500
3.462,-156.00000
3.512,-156.00000
3.563,-156.12500
3.614,-156.12500
3.665,-156.12500
3.715,-156.12500
3.766,-156.12500
3.817,-156.00000
3.868,-155.87500
3.919,-156.00000
3.969,-155.87500
4.020,-156.00000
4.071,-155.87500
4.121,-156.00000
4.172,-156.00000
4.223,-156.12500
4.274,-156.00000
4.324,-155.87500
4.375,-156.00000
4.426,-156.00000
4.476,-156.12500
4.527,-156.00000
4.578,-155.87500
4.629,-156.00000
4.679,-155.87500
4.730,-156.00000
4.781,-155.87500
4.831,-156.00000
4.882,-155.75000
4.934,-155.75000
4.984,-155.87500
5.035,-155.75000
5.086,-155.75000
5.136,-155.62500
5.187,-155.62500
5.238,-155.87500
5.288,-155.62500
5.339,-155.75000
5.390,-155.75000
5.440,-156.00000
5.491,-155.87500
5.542,-156.25000
5.592,-156.12500
5.643,-156.12500
5.694,-156.12500
5.745,-156.25000
5.797,-156.25000
5.848,-156.12500
5.899,-156.25000
5.950,-156.00000
6.001,-156.12500
6.053,-155.87500
6.104,-156.00000
6.156,-156.00000
6.206,-156.00000
6.257,-156.37500
6.308,-156.12500
6.358,-156.37500
6.409,-156.25000
6.460,-156.25000
6.510,-156.25000
6.561,-156.12500
6.612,-156.12500
6.662,-156.12500
6.713,-156.12500
6.764,-156.12500
6.814,-156.37500
6.865,-156.25000
6.916,-156.12500
6.967,-156.25000
7.017,-156.25000
7.068,-156.25000
7.119,-156.25000
7.169,-156.12500
7.220,-156.25000
7.271,-156.12500
7.321,-156.12500
7.372,-155.87500
7.423,-155.87500
7.473,-156.00000
7.524,-155.75000
7.575,-156.00000
7.625,-155.87500
7.676,-155.87500
7.727,-156.00000
7.777,-155.87500
7.828,-156.12500
7.879,-156.00000
7.930,-156.12500
7.980,-156.00000
8.031,-156.00000
8.082,-156.12500
8.132,-156.12500
8.183,-156.25000
8.234,-156.00000
8.284,-156.12500
8.335,-156.12500
8.386,-156.12500
8.436,-156.12500
8.487,-156.12500
8.538,-156.12500
8.588,-156.12500
8.639,-156.12500
8.690,-156.12500
8.740,-156.00000
8.791,-156.12500
8.842,-156.00000
8.892,-156.12500
8.943,-156.00000
8.994,-156.00000
9.044,-156.12500
9.095,-155.87500
9.146,-156.00000
9.196,-156.00000
9.247,-155.87500
9.298,-156.00000
9.348,-156.00000
9.399,-156.00000
9.450,-156.12500
9.500,-156.12500
9.551,-156.12500
9.602,-156.25000
9.652,-156.12500
9.703,-156.12500
9.754,-156.25000
9.804,-156.25000
9.855,-156.25000
9.906,-156.12500
9.956,-156.00000
10.007,-156.12500
10.058,-156.12500
10.108,-156.25000
10.159,-155.87500
10.210,-156.12500
10.260,-156.00000
10.311,-155.87500
10.362,-156.00000
10.412,-155.87500
10.463,-156.12500
10.514,-156.00000
10.564,-156.00000
10.615,-156.12500
10.666,-156.12500
10.716,-156.00000
10.767,-156.12500
10.818,-156.00000
10.868,-156.12500
10.919,-156.00000
10.970,-156.25000
11.020,-156.25000
11.071,-156.25000
11.122,-156.25000
11.172,-156.12500
11.223,-156.12500
11.274,-156.12500
11.324,-156.25000
11.375,-156.12500
11.426,-156.25000
11.476,-156.25000
11.527,-156.00000
11.578,-156.12500
11.628,-156.00000
11.679,-156.12500
11.730,-156.00000
11.781,-155.87500
11.831,-156.00000
11.882,-156.00000
11.933,-156.00000
11.983,-156.00000
12.034,-156.00000
12.085,-156.12500
12.135,-156.00000
12.186,-156.12500
12.237,-156.00000
12.287,-156.25000
12.338,-156.12500
12.389,-156.12500
12.439,-156.25000
12.490,-156.12500
12.541,-156.25000
12.592,-156.25000
12.642,-156.12500
12.693,-156.12500
12.744,-156.12500
12.795,-156.12500
12.845,-156.12500
12.896,-156.25000
12.947,-155.87500
12.998,-156.00000
13.048,-156.12500
13.099,-156.00000
13.150,-156.00000
13.201,-155.75000
13.251,-156.00000
13.302,-155.87500
13.353,-155.87500
13.403,-156.00000
13.454,-156.00000
13.505,-156.00000
13.556,-156.00000
13.606,-156.25000
13.657,-156.00000
13.708,-155.87500
13.759,-156.12500
13.809,-156.12500
13.860,-156.25000
13.911,-156.12500
13.962,-156.25000
14.012,-156.12500
14.063,-156.25000
14.114,-156.12500
14.164,-156.12500
14.215,-156.12500
14.266,-156.00000
14.317,-156.12500
14.367,-156.25000
14.418,-156.00000
14.469,-156.12500
14.520,-155.87500
14.570,-156.00000
14.621,-156.00000
14.672,-156.00000
14.722,-156.00000
14.773,-156.00000
14.824,-156.12500
14.875,-156.00000
14.925,-156.12500
14.976,-156.12500
15.027,-155.87500
15.078,-156.12500
15.128,-156.12500
15.179,-156.25000
15.230,-156.12500
15.280,-156.25000
15.331,-156.12500
15.382,-156.25000
15.433,-156.37500
15.483,-156.25000
15.534,-156.25000
15.585,-156.37500
15.636,-156.25000
15.686,-156.25000
15.737,-156.12500
15.788,-156.25000
15.839,-156.12500
15.889,-156.12500
15.940,-156.00000
15.991,-156.00000
16.041,-156.00000
16.092,-156.00000
16.143,-156.12500
16.194,-156.12500
16.244,-156.12500
16.295,-156.00000
16.346,-156.00000
16.396,-156.25000
16.447,-156.12500
16.498,-156.25000
16.549,-156.12500
16.599,-156.25000
16.650,-156.12500
16.701,-156.12500
16.752,-156.12500
16.802,-156.12500
16.853,-156.25000
16.904,-156.12500
16.955,-156.25000
17.005,-156.25000
17.056,-156.25000
17.107,-156.37500
17.158,-156.12500
17.208,-156.25000
17.259,-156.12500
17.310,-156.12500
17.361,-156.12500
17.411,-156.12500
17.462,-156.12500
17.513,-156.00000
17.564,-156.12500
17.614,-156.00000
17.665,-155.87500
17.716,-156.12500
17.766,-156.00000
17.817,-156.12500
17.868,-156.00000
17.919,-156.12500
17.969,-156.12500
18.020,-156.25000
18.071,-156.25000
18.122,-156.25000
18.172,-156.25000
18.223,-156.25000
18.274,-156.25000
18.324,-156.25000
18.375,-156.12500
18.426,-156.25000
18.476,-156.00000
18.527,-156.12500
18.578,-156.00000
18.629,-156.25000
18.679,-156.00000
18.730,-156.00000
18.781,-156.37500
18.831,-156.12500
18.882,-156.12500
18.933,-156.00000
18.983,-156.00000
19.034,-156.00000
19.085,-156.00000
19.135,-156.12500
19.186,-156.12500
19.237,-156.25000
19.288,-156.00000
19.338,-156.00000
19.389,-156.12500
19.440,-156.00000
19.490,-156.00000
19.541,-156.12500
19.592,-156.12500
19.642,-156.12500
19.693,-156.12500
19.744,-156.12500
19.795,-156.00000
19.845,-156.12500
19.896,-156.00000
19.947,-156.12500
19.997,-156.12500
20.048,-156.00000
20.099,-156.12500
20.150,-156.00000
20.200,-156.00000
20.251,-156.25000
20.302,-156.12500
20.352,-156.00000
20.403,-156.12500
20.454,-156.12500
20.504,-156.00000
20.555,-156.00000
20.606,-156.25000
20.657,-156.12500
20.707,-156.37500
20.758,-156.25000
20.809,-156.37500
20.859,-156.25000
20.910,-156.37500
20.961,-156.37500
21.011,-156.37500
21.062,-156.37500
21.113,-156.25000
21.164,-156.37500
21.214,-156.37500
21.265,-156.37500
21.316,-156.37500
21.366,-156.25000
21.417,-156.50000
21.468,-156.25000
21.518,-156.37500
21.569,-156.00000
21.620,-156.12500
21.670,-156.25000
21.721,-156.00000
21.772,-156.25000
21.823,-156.00000
21.873,-156.12500
21.924,-156.12500
21.975,-156.12500
22.025,-156.25000
22.076,-156.12500
22.127,-156.25000
22.177,-156.12500
22.228,-156.25000
22.279,-156.12500
22.329,-156.12500
22.380,-156.25000
22.431,-156.25000
22.482,-156.25000
22.532,-156.37500
22.583,-156.37500
22.634,-156.37500
22.684,-156.25000
22.735,-156.37500
22.786,-156.37500
22.836,-156.37500
22.887,-156.37500
22.938,-156.25000
22.989,-156.25000
23.039,-156.12500
23.090,-156.25000
23.141,-156.25000
23.191,-156.25000
23.242,-156.37500
23.293,-156.25000
23.344,-156.37500
23.394,-156.25000
23.445,-156.25000
23.496,-156.37500
23.546,-156.25000
23.597,-156.37500
23.648,-156.37500
23.698,-156.37500
23.749,-156.50000
23.800,-156.37500
23.851,-156.37500
23.901,-156.25000
23.952,-156.37500
24.003,-156.25000
24.053,-156.25000
24.104,-156.37500
24.155,-156.12500
24.206,-156.25000
24.256,-156.12500
24.307,-156.12500
24.358,-156.00000
24.408,-156.12500
24.459,-156.25000
24.510,-156.12500
24.561,-156.25000
24.611,-156.25000
24.662,-156.25000
24.713,-156.37500
24.763,-156.25000
24.814,-156.37500
24.865,-156.37500
24.915,-156.37500
24.966,-156.37500
25.017,-156.37500
25.068,-156.37500
25.118,-156.37500
25.169,-156.50000
25.220,-156.37500
25.270,-156.37500
25.321,-156.50000
25.372,-156.37500
25.422,-156.50000
25.473,-156.37500
25.524,-156.50000
25.574,-156.25000
25.625,-156.37500
25.676,-156.12500
25.727,-156.25000
25.777,-156.25000
25.828,-156.12500
25.879,-156.12500
25.929,-156.25000
25.980,-156.12500
26.031,-156.25000
26.081,-156.12500
26.132,-156.25000
26.183,-156.12500
26.234,-156.37500
26.284,-156.37500
26.335,-156.37500
26.386,-156.37500
26.436,-156.25000
26.487,-156.50000
26.538,-156.37500
26.588,-156.37500
26.639,-156.50000
26.690,-156.50000
26.740,-156.37500
26.791,-156.37500
26.842,-156.50000
26.893,-156.25000
26.943,-156.25000
26.994,-156.37500
27.045,-156.12500
27.095,-156.25000
27.146,-156.12500
27.197,-156.12500
27.247,-156.12500
27.298,-156.12500
27.349,-156.25000
27.400,-156.12500
27.450,-156.37500
27.501,-156.37500
27.552,-156.12500
27.602,-156.37500
27.653,-156.37500
27.704,-156.37500
27.755,-156.37500
27.805,-156.50000
27.856,-156.37500
27.907,-156.37500
27.958,-156.37500
28.009,-156.37500
28.060,-156.50000
28.111,-156.50000
28.162,-156.50000
28.212,-156.25000
28.263,-156.37500
28.314,-156.12500
28.365,-156.37500
28.415,-156.37500
28.466,-156.12500
28.517,-156.25000
28.567,-156.12500
28.618,-156.25000
28.669,-156.25000
28.719,-156.25000
28.770,-156.37500
28.821,-156.25000
28.871,-156.37500
28.922,-156.25000
28.973,-156.25000
29.023,-156.37500
29.074,-156.37500
29.125,-156.37500
29.175,-156.37500
29.226,-156.50000
29.277,-156.37500
29.327,-156.50000
29.378,-156.50000
29.429,-156.50000
29.479,-156.37500
29.530,-156.37500
29.581,-156.50000
29.631,-156.50000
29.682,-156.37500
29.733,-156.50000
29.783,-156.37500
29.834,-156.37500
29.885,-156.25000
29.936,-156.25000
29.986,-156.25000
30.038,-156.12500
30.088,-156.37500
30.139,-156.37500
30.190,-156.25000
30.240,-156.25000
30.291,-156.25000
30.342,-156.37500
30.392,-156.12500
30.443,-156.37500
30.494,-156.37500
30.544,-156.50000
30.595,-156.25000
30.646,-156.37500
30.696,-156.50000
30.747,-156.37500
30.798,-156.37500
30.848,-156.37500
30.899,-156.37500
30.950,-156.37500
31.001,-156.37500
31.051,-156.37500
31.102,-156.25000
31.153,-156.37500
31.203,-156.37500
31.254,-156.37500
31.305,-156.37500
31.355,-156.25000
31.406,-156.37500
31.457,-156.25000
31.507,-156.25000
31.558,-156.12500
31.609,-156.12500
31.659,-156.25000
31.710,-156.12500
31.761,-156.12500
31.812,-156.12500
31.863,-156.12500
31.913,-156.25000
31.964,-156.12500
32.015,-156.37500
32.066,-156.25000
32.116,-156.37500
32.167,-156.37500
32.218,-156.37500
32.268,-156.25000
32.319,-156.25000
32.370,-156.37500
32.420,-156.37500
32.471,-156.37500
32.522,-156.25000
32.572,-156.25000
32.623,-156.37500
32.674,-156.25000
32.724,-156.37500
32.775,-156.12500
32.826,-156.25000
32.877,-156.12500
32.927,-156.12500
32.978,-156.37500
33.029,-156.12500
33.079,-156.12500
33.130,-156.12500
33.181,-156.12500
33.232,-156.25000
33.282,-156.25000
33.333,-156.50000
33.384,-156.25000
33.434,-156.50000
33.485,-156.50000
33.536,-156.50000
33.587,-156.37500
33.637,-156.37500
33.688,-156.50000
33.739,-156.37500
33.789,-156.50000
33.840,-156.37500
33.891,-156.37500
33.942,-156.37500
33.992,-156.37500
34.043,-156.50000
34.094,-156.25000
34.144,-156.25000
34.195,-156.50000
34.246,-156.25000
34.296,-156.37500
34.347,-156.12500
34.398,-156.37500
34.449,-156.37500
34.499,-156.25000
34.550,-156.25000
34.601,-156.37500
34.651,-156.50000
34.702,-156.50000
34.753,-156.50000
34.803,-156.50000
34.854,-156.25000
34.905,-156.62500
34.956,-156.50000
35.006,-156.62500
35.057,-156.62500
35.108,-156.37500
35.159,-156.37500
35.210,-156.50000
35.261,-156.37500
35.311,-156.37500
35.362,-156.50000
35.413,-156.37500
35.463,-156.50000
35.514,-156.50000
35.565,-156.37500
35.615,-156.37500
35.666,-156.25000
35.717,-156.50000
35.767,-156.25000
35.818,-156.25000
35.869,-156.37500
35.920,-156.25000
35.970,-156.25000
36.021,-156.12500
36.072,-156.25000
36.122,-156.25000
36.173,-156.25000
36.224,-156.25000
36.275,-156.25000
36.325,-156.37500
36.376,-156.37500
36.427,-156.50000
36.477,-156.37500
36.528,-156.50000
36.579,-156.37500
36.629,-156.37500
36.680,-156.50000
36.731,-156.50000
36.781,-156.50000
36.832,-156.50000
36.883,-156.50000
36.934,-156.50000
36.984,-156.25000
37.035,-156.37500
37.086,-156.25000
37.136,-156.37500
37.187,-156.12500
37.238,-156.25000
37.289,-156.37500
37.339,-156.25000
37.390,-156.25000
37.441,-156.25000
37.491,-156.12500
37.542,-156.25000
37.593,-156.25000
37.643,-156.37500
37.694,-156.37500
37.745,-156.50000
37.796,-156.25000
37.846,-156.25000
37.897,-156.37500
37.948,-156.37500
37.998,-156.50000
38.049,-156.37500
38.100,-156.37500
38.151,-156.37500
38.201,-156.50000
38.252,-156.37500
38.303,-156.37500
38.353,-156.37500
38.404,-156.37500
38.455,-156.37500
38.506,-156.50000
38.557,-156.37500
38.607,-156.37500
38.658,-156.37500
38.709,-156.37500
38.760,-156.37500
38.811,-156.25000
38.861,-156.25000
38.912,-156.12500
38.963,-156.25000
39.014,-156.25000
39.064,-156.37500
39.115,-156.37500
39.166,-156.25000
39.216,-156.25000
39.267,-156.25000
39.318,-156.37500
39.369,-156.25000
39.419,-156.37500
39.470,-156.50000
39.521,-156.50000
39.572,-156.37500
39.624,-156.50000
39.674,-156.50000
39.725,-156.37500
39.776,-156.62500
39.826,-156.37500
39.877,-156.50000
39.928,-156.25000
39.979,-156.37500
40.029,-156.50000
40.080,-156.25000
40.131,-156.25000
40.181,-156.37500
40.232,-156.25000
40.283,-156.37500
40.334,-156.37500
40.384,-156.37500
40.435,-156.25000
40.486,-156.50000
40.537,-156.37500
40.587,-156.50000
40.638,-156.37500
40.689,-156.37500
40.740,-156.50000
40.790,-156.50000
40.841,-156.62500
40.892,-156.50000
40.943,-156.50000
40.993,-156.50000
41.044,-156.37500
41.095,-156.50000
41.146,-156.25000
41.196,-156.37500
41.247,-156.25000
41.298,-156.37500
41.348,-156.37500
41.399,-156.12500
41.450,-156.37500
41.501,-156.25000
41.551,-156.37500
41.602,-156.25000
41.652,-156.25000
41.703,-156.37500
41.754,-156.25000
41.805,-156.25000
41.855,-156.37500
41.906,-156.37500
41.958,-156.37500
42.009,-156.50000
42.059,-156.37500
42.110,-156.50000
42.161,-156.50000
42.212,-156.37500
42.262,-156.50000
42.313,-156.62500
42.364,-156.62500
42.415,-156.62500
42.465,-156.50000
42.516,-156.62500
42.567,-156.50000
42.617,-156.50000
42.668,-156.25000
42.719,-156.50000
42.770,-156.50000
42.820,-156.25000
42.871,-156.50000
42.922,-156.50000
42.973,-156.25000
43.023,-156.37500
43.074,-156.37500
43.125,-156.62500
43.175,-156.62500
43.226,-156.62500
43.277,-156.62500
43.328,-156.75000
43.378,-156.62500
43.429,-156.50000
43.480,-156.75000
43.531,-156.62500
43.581,-156.75000
43.632,-156.75000
43.683,-156.62500
43.734,-156.50000
43.784,-156.50000
43.835,-156.50000
43.886,-156.50000
43.936,-156.50000
43.987,-156.37500
44.038,-156.50000
44.089,-156.50000
44.140,-156.37500
44.190,-156.62500
44.241,-156.25000
44.292,-156.25000
44.342,-156.37500
44.393,-156.25000
44.444,-156.25000
44.495,-156.37500
44.546,-156.25000
44.597,-156.12500
44.647,-156.37500
44.698,-156.37500
44.749,-156.25000
44.799,-156.37500
44.850,-156.37500
44.901,-156.37500
44.952,-156.37500
45.002,-156.37500
45.053,-156.37500
45.104,-156.50000
45.155,-156.37500
45.205,-156.50000
45.256,-156.50000
45.307,-156.37500
45.358,-156.50000
45.408,-156.50000
45.459,-156.50000
45.510,-156.50000
45.560,-156.25000
45.611,-156.37500
45.662,-156.25000
45.713,-156.37500
45.763,-156.37500
45.814,-156.25000
45.865,-156.25000
45.915,-156.37500
45.966,-156.25000
46.017,-156.25000
46.068,-156.25000
46.118,-156.37500
46.169,-156.25000
46.220,-156.50000
46.270,-156.37500
46.321,-156.37500
46.372,-156.50000
46.423,-156.50000
46.473,-156.62500
46.524,-156.50000
46.575,-156.62500
46.625,-156.50000
46.676,-156.50000
46.727,-156.50000
46.777,-156.37500
46.828,-156.50000
46.879,-156.37500
46.929,-156.50000
46.980,-156.12500
47.031,-156.37500
47.081,-156.12500
47.132,-156.50000
47.183,-156.37500
47.233,-156.12500
47.284,-156.25000
47.335,-156.12500
47.386,-156.00000
47.436,-156.25000
47.487,-156.12500
47.538,-156.37500
47.588,-156.37500
47.639,-156.50000
47.690,-156.37500
47.740,-156.25000
47.791,-156.37500
47.842,-156.37500
47.892,-156.50000
47.943,-156.37500
47.994,-156.50000
48.044,-156.50000
48.095,-156.50000
48.146,-156.50000
48.197,-156.50000
48.247,-156.62500
48.298,-156.50000
48.349,-156.37500
48.399,-156.62500
48.450,-156.37500
48.501,-156.50000
48.551,-156.37500
48.602,-156.50000
48.653,-156.37500
48.704,-156.37500
48.754,-156.37500
48.805,-156.37500
48.856,-156.37500
48.906,-156.37500
48.957,-156.50000
49.008,-156.50000
49.059,-156.25000
49.109,-156.62500
49.160,-156.50000
49.211,-156.62500
49.261,-156.62500
49.312,-156.50000
49.363,-156.62500
49.413,-156.75000
49.464,-156.62500
49.515,-156.62500
49.565,-156.50000
49.616,-156.62500
49.667,-156.62500
49.717,-156.50000
49.769,-156.62500
49.820,-156.62500
49.871,-156.50000
49.921,-156.50000
49.972,-156.25000
50.023,-156.37500
50.073,-156.25000
50.124,-156.25000
50.175,-156.37500
50.226,-156.25000
50.276,-156.25000
50.327,-156.37500
50.378,-156.12500
50.429,-156.37500
50.479,-156.25000
50.530,-156.37500
50.581,-156.37500
50.631,-156.37500
50.682,-156.37500
50.733,-156.62500
50.784,-156.50000
50.834,-156.37500
50.885,-156.62500
50.936,-156.62500
50.987,-156.62500
51.038,-156.50000
51.088,-156.62500
51.139,-156.50000
51.190,-156.50000
51.241,-156.50000
51.291,-156.37500
51.342,-156.50000
51.393,-156.37500
51.444,-156.37500
51.494,-156.37500
51.545,-156.37500
51.596,-156.37500
51.647,-156.37500
51.697,-156.37500
51.748,-156.50000
51.799,-156.37500
51.850,-156.62500
51.900,-156.37500
51.951,-156.50000
52.002,-156.50000
52.053,-156.62500
52.103,-156.50000
52.154,-156.50000
52.205,-156.50000
52.255,-156.50000
52.306,-156.50000
52.357,-156.62500
52.407,-156.62500
52.458,-156.62500
52.509,-156.75000
52.560,-156.62500
52.610,-156.50000
52.661,-156.62500
52.712,-156.50000
52.762,-156.62500
52.813,-156.62500
52.864,-156.50000
52.915,-156.62500
52.965,-156.50000
53.016,-156.50000
53.067,-156.37500
53.117,-156.37500
53.168,-156.50000
53.219,-156.50000
53.270,-156.62500
53.320,-156.50000
53.371,-156.62500
53.422,-156.50000
53.472,-156.50000
53.523,-156.50000
53.574,-156.50000
53.624,-156.50000
53.675,-156.50000
53.726,-156.62500
53.777,-156.50000
53.827,-156.62500
53.878,-156.50000
53.929,-156.62500
53.979,-156.62500
54.030,-156.75000
54.081,-156.75000
54.132,-156.75000
54.182,-156.50000
54.233,-156.75000
54.284,-156.50000
54.334,-156.62500
54.385,-156.37500
54.436,-156.50000
54.486,-156.50000
54.537,-156.37500
54.588,-156.50000
54.639,-156.37500
54.689,-156.50000
54.740,-156.50000
54.791,-156.50000
54.841,-156.62500
54.892,-156.50000
54.943,-156.62500
54.994,-156.62500
55.044,-156.62500
55.095,-156.50000
55.146,-156.75000
55.196,-156.62500
55.247,-156.50000
55.298,-156.62500
55.348,-156.50000
55.399,-156.50000
55.450,-156.75000
55.501,-156.50000
55.551,-156.62500
55.602,-156.37500
55.653,-156.50000
55.704,-156.37500
55.754,-156.37500
55.805,-156.50000
55.856,-156.25000
55.906,-156.25000
55.957,-156.25000
56.008,-156.25000
56.059,-156.25000
56.109,-156.25000
56.160,-156.50000
56.211,-156.25000
56.262,-156.37500
56.312,-156.37500
56.363,-156.50000
56.414,-156.50000
56.464,-156.50000
56.515,-156.62500
56.566,-156.50000
56.617,-156.62500
56.667,-156.50000
56.718,-156.50000
56.769,-156.50000
56.820,-156.50000
56.870,-156.50000
56.921,-156.37500
56.972,-156.62500
57.023,-156.37500
57.074,-156.50000
57.124,-156.62500
57.175,-156.37500
57.226,-156.50000
57.276,-156.37500
57.327,-156.37500
57.378,-156.37500
57.429,-156.37500
57.479,-156.50000
57.530,-156.37500
57.581,-156.50000
57.632,-156.37500
57.682,-156.50000
57.733,-156.50000
57.784,-156.37500
57.835,-156.50000
57.885,-156.62500
57.936,-156.62500
57.987,-156.62500
58.038,-156.50000
58.088,-156.62500
58.139,-156.62500
58.190,-156.62500
58.241,-156.50000
58.291,-156.50000
58.342,-156.37500
58.393,-156.37500
58.444,-156.62500
58.494,-156.37500
58.545,-156.50000
58.596,-156.25000
58.646,-156.37500
58.697,-156.37500
58.748,-156.25000
58.799,-156.25000
58.849,-156.25000
58.900,-156.50000
58.951,-156.25000
59.002,-156.37500
59.052,-156.37500
59.103,-156.37500
59.154,-156.37500
59.205,-156.37500
59.255,-156.37500
59.306,-156.37500
59.357,-156.62500
59.408,-156.62500
59.458,-156.50000
59.509,-156.50000
59.560,-156.37500
59.611,-156.50000
59.661,-156.50000
59.712,-156.50000
59.763,-156.50000
59.814,-156.25000
59.864,-156.50000
59.915,-156.25000
59.966,-156.25000
60.016,-156.25000
60.067,-156.25000
60.118,-156.12500
60.169,-156.12500
60.219,-156.37500
60.270,-156.25000
60.321,-156.37500
60.372,-156.37500
60.422,-156.12500
60.473,-156.37500
60.524,-156.37500
60.575,-156.50000
60.625,-156.37500
60.676,-156.37500
60.727,-156.37500
60.777,-156.50000
60.828,-156.50000
60.879,-156.50000
60.930,-156.37500
60.980,-156.37500
61.031,-156.50000
61.082,-156.37500
61.132,-156.37500
61.183,-156.50000
61.234,-156.25000
61.285,-156.37500
61.335,-156.12500
61.386,-156.37500
61.437,-156.25000
61.487,-156.37500
61.538,-156.37500
61.589,-156.25000
61.640,-156.50000
61.690,-156.62500
61.741,-156.37500
61.792,-156.50000
61.842,-156.50000
61.893,-156.50000
61.944,-156.50000
61.995,-156.62500
62.045,-156.50000
62.096,-156.75000
62.147,-156.50000
62.197,-156.62500
62.248,-156.62500
62.299,-156.50000
62.350,-156.62500
62.400,-156.62500
62.451,-156.50000
62.502,-156.62500
62.552,-156.50000
62.603,-156.50000
62.654,-156.50000
62.705,-156.37500
62.755,-156.37500
62.806,-156.37500
62.857,-156.50000
62.907,-156.37500
62.958,-156.37500
63.009,-156.50000
63.060,-156.50000
63.110,-156.62500
63.161,-156.50000
63.211,-156.62500
63.262,-156.37500
63.313,-156.50000
63.363,-156.62500
63.414,-156.62500
63.465,-156.62500
63.515,-156.75000
63.566,-156.75000
63.617,-156.62500
63.667,-156.75000
63.718,-156.87500
63.768,-156.62500
63.819,-156.75000
63.870,-156.50000
63.920,-156.62500
63.971,-156.62500
64.022,-156.50000
64.072,-156.50000
64.123,-156.25000
64.173,-156.50000
64.224,-156.37500
64.275,-156.62500
64.325,-156.37500
64.376,-156.50000
64.427,-156.50000
64.477,-156.50000
64.528,-156.37500
64.579,-156.50000
64.629,-156.37500
64.680,-156.62500
64.730,-156.62500
64.781,-156.75000
64.832,-156.62500
64.882,-156.62500
64.933,-156.62500
64.984,-156.62500
65.034,-156.75000
65.085,-156.75000
65.136,-156.87500
65.186,-156.75000
65.237,-156.75000
65.287,-156.62500
65.338,-156.75000
65.389,-156.75000
65.439,-156.75000
65.490,-156.75000
65.541,-156.87500
65.591,-156.50000
65.642,-156.50000
65.693,-156.37500
65.743,-156.62500
65.794,-156.50000
65.844,-156.50000
65.895,-156.62500
65.946,-156.50000
65.996,-156.50000
66.047,-156.50000
66.098,-156.37500
66.148,-156.50000
66.199,-156.37500
66.249,-156.62500
66.300,-156.50000
66.351,-156.50000
66.401,-156.62500
66.452,-156.50000
66.503,-156.62500
66.553,-156.62500
66.604,-156.75000
66.655,-156.62500
66.705,-156.62500
66.756,-156.62500
66.807,-156.62500
66.857,-156.62500
66.908,-156.62500
66.959,-156.75000
67.009,-156.75000
67.060,-156.62500
67.110,-156.75000
67.161,-156.62500
67.212,-156.75000
67.262,-156.50000
67.313,-156.62500
67.364,-156.62500
67.414,-156.50000
67.465,-156.62500
67.516,-156.50000
67.566,-156.50000
67.617,-156.50000
67.668,-156.50000
67.718,-156.62500
67.769,-156.62500
67.820,-156.75000
67.871,-156.62500
67.921,-156.50000
67.972,-156.75000
68.023,-156.62500
68.073,-156.75000
68.124,-156.75000
68.175,-156.87500
68.226,-156.75000
68.276,-156.87500
68.327,-156.75000
68.378,-156.75000
68.428,-156.87500
68.479,-156.75000
68.530,-156.87500
68.581,-156.87500
68.631,-156.62500
68.682,-156.75000
68.733,-156.62500
68.783,-156.62500
68.834,-156.62500
68.885,-156.62500
68.936,-156.62500
68.986,-156.50000
69.037,-156.75000
69.088,-156.62500
69.138,-156.62500
69.189,-156.62500
69.240,-156.62500
69.291,-156.75000
69.341,-156.62500
69.392,-156.75000
69.443,-156.50000
69.493,-156.62500
69.544,-156.75000
69.595,-156.75000
69.646,-156.62500
69.696,-156.62500
69.747,-156.75000
69.798,-156.75000
69.848,-156.75000
69.899,-156.75000
69.950,-156.62500
70.001,-156.75000
70.051,-156.75000
70.102,-156.75000
70.153,-156.50000
70.203,-156.50000
70.254,-156.50000
70.305,-156.37500
70.356,-156.62500
70.406,-156.50000
70.457,-156.50000
70.508,-156.50000
70.558,-156.37500
70.609,-156.62500
70.660,-156.62500
70.711,-156.62500
70.761,-156.62500
70.812,-156.75000
70.863,-156.50000
70.913,-156.62500
70.964,-156.75000
71.015,-156.62500
71.066,-156.62500
71.116,-156.75000
71.167,-156.62500
71.218,-156.62500
71.268,-156.75000
71.319,-156.75000
71.370,-156.50000
71.421,-156.62500
71.471,-156.37500
71.522,-156.50000
71.573,-156.50000
71.623,-156.50000
71.674,-156.50000
71.725,-156.50000
71.776,-156.37500
71.826,-156.50000
71.877,-156.37500
71.928,-156.62500
71.978,-156.37500
72.029,-156.50000
72.080,-156.62500
72.131,-156.75000
72.181,-156.75000
72.232,-156.62500
72.283,-156.62500
72.333,-156.62500
72.384,-156.75000
72.435,-156.62500
72.486,-156.75000
72.536,-156.75000
72.587,-156.62500
72.638,-156.50000
72.688,-156.62500
72.739,-156.75000
72.790,-156.62500
72.841,-156.62500
72.891,-156.75000
72.942,-156.50000
72.993,-156.62500
73.043,-156.50000
73.094,-156.50000
73.145,-156.50000
73.196,-156.50000
73.246,-156.62500
73.297,-156.50000
73.348,-156.62500
73.398,-156.62500
73.449,-156.50000
73.500,-156.62500
73.551,-156.50000
73.601,-156.62500
73.652,-156.62500
73.703,-156.75000
73.753,-156.62500
73.804,-156.62500
73.855,-156.62500
73.906,-156.62500
73.956,-156.62500
74.007,-156.75000
74.058,-156.75000
74.108,-156.62500
74.159,-156.62500
74.210,-156.62500
74.261,-156.50000
74.311,-156.62500
74.362,-156.37500
74.413,-156.50000
74.463,-156.37500
74.514,-156.37500
74.565,-156.62500
74.616,-156.62500
74.666,-156.50000
74.717,-156.50000
74.768,-156.50000
74.819,-156.50000
74.869,-156.50000
74.920,-156.62500
74.971,-156.62500
75.021,-156.75000
75.072,-156.62500
75.123,-156.62500
75.174,-156.75000
75.224,-156.62500
75.275,-156.87500
75.326,-156.75000
75.376,-156.75000
75.427,-156.62500
75.478,-156.62500
75.529,-156.62500
75.579,-156.62500
75.630,-156.62500
75.681,-156.50000
75.731,-156.50000
75.782,-156.50000
75.833,-156.50000
75.884,-156.50000
75.934,-156.50000
75.985,-156.37500
76.036,-156.50000
76.086,-156.37500
76.137,-156.75000
76.188,-156.62500
76.239,-156.62500
76.289,-156.62500
76.340,-156.50000
76.391,-156.62500
76.441,-156.62500
76.492,-156.62500
76.543,-156.62500
76.594,-156.62500
76.644,-156.62500
76.695,-156.62500
76.746,-156.75000
76.796,-156.62500
76.847,-156.75000
76.898,-156.62500
76.949,-156.62500
76.999,-156.50000
77.050,-156.50000
77.101,-156.62500
77.151,-156.50000
77.202,-156.50000
77.253,-156.25000
77.304,-156.50000
77.354,-156.50000
77.405,-156.50000
77.456,-156.50000
77.506,-156.37500
77.557,-156.62500
77.608,-156.62500
77.659,-156.62500
77.709,-156.62500
77.760,-156.50000
77.811,-156.75000
77.861,-156.62500
77.912,-156.62500
77.963,-156.75000
78.014,-156.75000
78.064,-156.75000
78.115,-156.62500
78.166,-156.75000
78.216,-156.62500
78.267,-156.62500
78.318,-156.62500
78.369,-156.50000
78.419,-156.50000
78.470,-156.37500
78.521,-156.62500
78.571,-156.62500
78.622,-156.50000
78.673,-156.50000
78.724,-156.37500
78.774,-156.62500
78.825,-156.50000
78.876,-156.62500
78.926,-156.50000
78.977,-156.50000
79.028,-156.50000
79.079,-156.50000
79.129,-156.75000
79.180,-156.62500
79.231,-156.62500
79.281,-156.75000
79.332,-156.62500
79.383,-156.75000
79.434,-156.75000
79.484,-156.62500
79.535,-156.62500
79.586,-156.62500
79.636,-156.50000
79.687,-156.50000
79.738,-156.50000
79.789,-156.37500
79.839,-156.50000
79.890,-156.50000
79.941,-156.50000
79.991,-156.62500
80.042,-156.37500
80.093,-156.50000
80.144,-156.50000
80.194,-156.50000
80.245,-156.50000
80.296,-156.50000
80.346,-156.75000
80.397,-156.50000
80.448,-156.62500
80.499,-156.62500
80.549,-156.75000
80.600,-156.75000
80.651,-156.75000
80.701,-156.62500
80.752,-156.62500
80.803,-156.75000
80.854,-156.75000
80.904,-156.62500
80.955,-156.75000
81.006,-156.62500
81.056,-156.62500
81.107,-156.37500
81.158,-156.62500
81.209,-156.50000
81.259,-156.50000
81.310,-156.50000
81.361,-156.37500
81.411,-156.75000
81.462,-156.37500
81.513,-156.50000
81.564,-156.62500
81.614,-156.50000
81.665,-156.50000
81.716,-156.50000
81.767,-156.50000
81.817,-156.62500
81.868,-156.75000
81.919,-156.50000
81.969,-156.75000
82.020,-156.62500
82.071,-156.62500
82.122,-156.75000
82.172,-156.62500
82.223,-156.62500
82.274,-156.75000
82.324,-156.62500
82.375,-156.62500
82.426,-156.50000
82.476,-156.75000
82.527,-156.62500
82.578,-156.62500
82.628,-156.75000
82.679,-156.37500
82.730,-156.62500
82.780,-156.50000
82.831,-156.62500
82.881,-156.50000
82.932,-156.50000
82.983,-156.75000
83.033,-156.50000
83.084,-156.37500
83.135,-156.50000
83.185,-156.50000
83.236,-156.50000
83.287,-156.50000
83.337,-156.75000
83.388,-156.62500
83.439,-156.87500
83.489,-156.75000
83.540,-156.62500
83.591,-156.75000
83.641,-156.75000
83.692,-156.75000
83.743,-156.87500
83.793,-156.75000
83.844,-156.75000
83.895,-156.62500
83.945,-156.75000
83.996,-156.62500
84.047,-156.62500
84.097,-156.75000
84.148,-156.62500
84.199,-156.75000
84.249,-156.50000
84.300,-156.62500
84.351,-156.50000
84.401,-156.62500
84.452,-156.50000
84.503,-156.62500
84.554,-156.62500
84.604,-156.50000
84.655,-156.50000
84.706,-156.62500
84.756,-156.50000
84.807,-156.62500
84.858,-156.62500
84.908,-156.75000
84.959,-156.75000
85.010,-156.75000
85.061,-156.75000
85.111,-156.87500
85.162,-156.87500
85.213,-156.87500
85.263,-156.87500
85.314,-156.75000
85.365,-156.75000
85.416,-156.75000
85.466,-156.75000
85.517,-156.75000
85.568,-156.62500
85.618,-156.75000
85.669,-156.62500
85.720,-156.75000
85.770,-156.62500
85.821,-156.62500
85.872,-156.62500
85.922,-156.50000
85.973,-156.62500
86.024,-156.50000
86.075,-156.50000
86.125,-156.62500
86.176,-156.62500
86.227,-156.75000
86.277,-156.75000
86.328,-156.75000
86.379,-156.75000
86.430,-156.62500
86.480,-156.75000
86.531,-156.75000
86.582,-156.62500
86.632,-156.62500
86.683,-156.75000
86.734,-156.75000
86.784,-156.87500
86.835,-156.75000
86.886,-156.75000
86.937,-156.87500
86.987,-156.62500
87.038,-156.75000
87.089,-156.87500
87.139,-156.75000
87.190,-156.75000
87.241,-156.62500
87.291,-156.75000
87.342,-156.50000
87.393,-156.50000
87.443,-156.62500
87.494,-156.50000
87.545,-156.62500
87.595,-156.62500
87.646,-156.37500
87.696,-156.62500
87.747,-156.50000
87.798,-156.75000
87.848,-156.62500
87.899,-156.62500
87.950,-156.62500
88.000,-156.62500
88.051,-156.62500
88.102,-156.62500
88.152,-156.75000
88.203,-156.62500
88.254,-156.75000
88.304,-156.75000
88.355,-156.75000
88.406,-156.75000
88.456,-156.75000
88.507,-156.87500
88.557,-156.75000
88.608,-156.75000
88.659,-156.75000
88.709,-156.62500
88.760,-156.62500
88.811,-156.50000
88.861,-156.62500
88.912,-156.50000
88.963,-156.62500
89.013,-156.50000
89.064,-156.62500
89.115,-156.62500
89.165,-156.62500
89.216,-156.50000
89.267,-156.50000
89.317,-156.50000
89.368,-156.75000
89.419,-156.62500
89.469,-156.62500
89.520,-156.62500
89.571,-156.62500
89.621,-156.75000
89.672,-156.75000
89.723,-156.75000
89.773,-156.75000
89.824,-156.75000
89.875,-156.75000
89.925,-156.87500
89.976,-156.87500
90.027,-156.87500
90.077,-156.87500
90.128,-156.75000
90.179,-156.87500
90.229,-156.87500
90.280,-156.75000
90.331,-156.87500
90.381,-156.62500
90.432,-156.75000
90.483,-156.62500
90.534,-156.75000
90.584,-156.62500
90.635,-156.62500
90.686,-156.50000
90.736,-156.50000
90.787,-156.62500
90.838,-156.62500
90.888,-156.62500
90.939,-156.75000
90.990,-156.62500
91.040,-156.62500
91.091,-156.62500
91.142,-156.75000
91.192,-156.75000
91.243,-156.62500
91.294,-156.75000
91.344,-156.87500
91.395,-156.75000
91.446,-156.62500
91.496,-156.75000
91.547,-156.75000
91.598,-156.62500
91.648,-156.75000
91.699,-156.62500
91.750,-156.75000
91.800,-156.75000
91.851,-156.62500
91.902,-156.75000
91.952,-156.50000
92.003,-156.75000
92.054,-156.62500
92.104,-156.50000
92.155,-156.75000
92.206,-156.75000
92.256,-156.75000
92.307,-156.62500
92.358,-156.75000
92.408,-156.75000
92.459,-156.62500
92.510,-156.87500
92.560,-156.75000
92.611,-156.75000
92.662,-156.75000
92.712,-156.87500
92.763,-156.75000
92.814,-156.62500
92.864,-156.87500
92.915,-156.75000
92.966,-156.87500
93.016,-156.75000
93.067,-156.87500
93.118,-156.75000
93.168,-156.75000
93.219,-156.75000
93.270,-156.62500
93.320,-156.87500
93.371,-156.87500
93.422,-156.75000
93.472,-156.75000
93.523,-156.50000
93.574,-156.75000
93.624,-156.50000
93.675,-156.50000
93.726,-156.75000
93.776,-156.62500
93.827,-156.75000
93.878,-156.50000
93.928,-156.37500
93.979,-156.62500
94.030,-156.50000
94.080,-156.75000
94.131,-156.62500
94.182,-156.75000
94.232,-156.75000
94.283,-156.87500
94.334,-156.75000
94.384,-156.75000
94.435,-156.87500
94.486,-156.87500
94.536,-156.87500
94.587,-156.87500
94.638,-156.75000
94.688,-156.75000
94.739,-156.62500
94.790,-156.75000
94.840,-156.62500
94.891,-156.62500
94.942,-156.75000
94.992,-156.62500
95.043,-156.75000
95.094,-156.50000
95.144,-156.62500
95.195,-156.50000
95.246,-156.50000
95.296,-156.75000
95.347,-156.50000
95.398,-156.62500
95.448,-156.62500
95.499,-156.50000
95.550,-156.62500
95.600,-156.50000
95.651,-156.62500
95.702,-156.62500
95.753,-156.62500
95.803,-156.62500
95.854,-156.75000
95.905,-156.62500
95.955,-156.62500
96.006,-156.62500
96.057,-156.62500
96.107,-156.62500
96.158,-156.75000
96.209,-156.62500
96.259,-156.75000
96.310,-156.37500
96.361,-156.50000
96.412,-156.37500
96.462,-156.37500
96.513,-156.37500
96.564,-156.37500
96.614,-156.37500
96.665,-156.37500
96.716,-156.50000
96.766,-156.50000
96.817,-156.37500
96.868,-156.62500
96.918,-156.62500
96.969,-156.75000
97.020,-156.62500
97.070,-156.75000
97.121,-156.75000
97.172,-156.62500
97.223,-156.75000
97.273,-156.75000
97.324,-156.62500
97.375,-156.75000
97.425,-156.75000
97.476,-156.75000
97.527,-156.62500
97.577,-156.75000
97.628,-156.50000
97.679,-156.62500
97.729,-156.50000
97.780,-156.50000
97.831,-156.62500
97.881,-156.37500
97.932,-156.37500
97.983,-156.37500
98.034,-156.50000
98.084,-156.62500
98.135,-156.50000
98.186,-156.75000
98.236,-156.50000
98.287,-156.62500
98.338,-156.62500
98.388,-156.37500
98.439,-156.50000
98.490,-156.50000
98.540,-156.50000
98.591,-156.62500
98.642,-156.62500
98.692,-156.62500
98.743,-156.62500
98.794,-156.75000
98.844,-156.50000
98.895,-156.62500
98.946,-156.62500
98.996,-156.50000
99.047,-156.62500
99.098,-156.37500
99.148,-156.50000
99.199,-156.25000
99.250,-156.50000
99.301,-156.37500
99.351,-156.50000
99.402,-156.50000
99.453,-156.50000
99.503,-156.37500
99.554,-156.50000
99.605,-156.37500
99.655,-156.50000
99.706,-156.50000
99.757,-156.62500
99.808,-156.62500
99.858,-156.75000
99.909,-156.50000
99.960,-156.62500
