time(s),mvs
0.000,-83.75000
0.051,-84.00000
0.101,-83.87500
0.152,-83.87500
0.203,-83.62500
0.253,-83.75000
0.304,-83.87500
0.355,-83.75000
0.405,-84.00000
0.456,-83.75000
0.507,-84.12500
0.557,-84.00000
0.608,-83.87500
0.659,-84.12500
0.709,-84.00000
0.760,-84.12500
0.811,-83.87500
0.861,-84.00000
0.912,-84.00000
0.963,-84.00000
1.013,-84.00000
1.064,-84.00000
1.115,-84.00000
1.165,-83.87500
1.216,-83.87500
1.267,-84.00000
1.318,-83.62500
1.368,-83.87500
1.419,-83.62500
1.470,-83.75000
1.520,-83.62500
1.571,-83.50000
1.622,-74.50000
1.672,-59.62500
1.723,-44.12500
1.774,-26.00000
1.824,-15.00000
1.875,-5.87500
1.926,1.50000
1.976,11.25000
2.027,19.25000
2.078,26.87500
2.128,32.12500
2.179,36.75000
2.230,41.50000
2.280,45.00000
2.331,50.75000
2.382,56.87500
2.432,61.87500
2.483,66.00000
2.534,69.87500
2.584,72.50000
2.635,74.87500
2.686,76.87500
2.736,78.87500
2.787,81.50000
2.838,83.25000
2.888,85.00000
2.939,86.00000
2.990,87.12500
3.040,87.75000
3.091,88.37500
3.142,88.87500
3.192,89.75000
3.243,91.50000
3.294,93.75000
3.344,96.12500
3.395,98.12500
3.446,100.12500
3.496,101.87500
3.547,103.62500
3.598,104.75000
3.648,106.00000
3.699,106.75000
3.749,107.50000
3.800,108.12500
3.851,108.62500
3.901,109.12500
3.952,109.62500
4.003,110.25000
4.053,110.62500
4.104,111.37500
4.154,111.62500
4.205,112.37500
4.256,112.50000
4.306,112.75000
4.357,113.37500
4.408,113.62500
4.458,114.12500
4.509,114.62500
4.559,115.00000
4.610,115.37500
4.661,115.37500
4.711,115.62500
4.762,116.00000
4.813,116.00000
4.863,116.37500
4.914,116.25000
4.964,116.50000
5.015,116.75000
5.066,117.12500
5.116,117.37500
5.167,117.87500
5.218,118.00000
5.268,118.25000
5.319,118.50000
5.370,118.62500
5.420,118.75000
5.471,119.00000
5.522,119.00000
5.572,119.25000
5.623,119.25000
5.674,119.62500
5.724,119.62500
5.775,119.75000
5.825,120.37500
5.876,120.37500
5.927,120.87500
5.977,121.12500
6.028,121.25000
6.079,121.62500
6.129,121.75000
6.180,121.87500
6.230,122.12500
6.281,122.25000
6.332,122.37500
6.382,122.50000
6.433,122.62500
6.484,122.75000
6.535,123.00000
6.585,123.00000
6.636,123.25000
6.687,123.25000
6.738,123.37500
6.788,123.50000
6.839,123.50000
6.890,123.50000
6.940,123.75000
6.991,123.75000
7.042,124.25000
7.092,124.37500
7.143,125.00000
7.194,125.25000
7.244,125.75000
7.295,126.25000
7.345,126.37500
7.396,127.00000
7.447,127.37500
7.497,127.62500
7.548,128.00000
7.599,128.25000
7.649,128.62500
7.700,128.87500
7.751,129.12500
7.801,129.37500
7.852,129.25000
7.902,129.37500
7.953,129.50000
8.004,129.75000
8.055,129.75000
8.105,129.87500
8.156,129.87500
8.207,130.12500
8.257,130.12500
8.308,130.12500
8.358,130.12500
8.409,130.12500
8.460,130.12500
8.510,130.25000
8.561,130.12500
8.612,130.25000
8.662,130.12500
8.713,130.12500
8.764,130.12500
8.814,129.87500
8.865,130.12500
8.915,129.75000
8.966,129.75000
9.017,129.50000
9.067,129.37500
9.118,129.25000
9.169,129.12500
9.219,129.12500
9.270,129.00000
9.321,129.00000
9.371,129.00000
9.422,128.87500
9.472,128.87500
9.523,128.75000
9.574,128.87500
9.624,128.75000
9.675,128.75000
9.726,128.62500
9.776,128.62500
9.827,128.62500
9.878,128.50000
9.928,128.50000
9.979,128.50000
10.029,128.37500
10.080,128.62500
10.131,128.37500
10.181,128.50000
10.232,128.37500
10.283,128.12500
10.333,128.12500
10.384,128.12500
10.434,128.00000
10.485,127.87500
10.536,127.50000
10.586,127.50000
10.637,127.12500
10.688,127.00000
10.738,126.87500
10.789,126.50000
10.840,126.37500
10.890,126.00000
10.941,125.87500
10.991,125.50000
11.042,125.25000
11.093,124.87500
11.143,124.75000
11.194,124.50000
11.245,124.12500
11.295,124.12500
11.346,123.75000
11.397,123.50000
11.447,123.25000
11.498,122.87500
11.549,122.75000
11.599,122.50000
11.650,122.37500
11.700,122.00000
11.751,121.50000
11.802,121.37500
11.852,121.00000
11.903,120.75000
11.954,120.62500
12.004,120.12500
12.055,119.87500
12.105,119.50000
12.156,119.12500
12.207,118.62500
12.257,118.50000
12.308,118.25000
12.359,117.75000
12.409,117.62500
12.460,117.25000
12.511,117.00000
12.561,116.50000
12.612,116.25000
12.662,116.00000
12.713,115.75000
12.764,115.37500
12.814,115.00000
12.865,114.62500
12.916,114.50000
12.966,114.00000
13.017,113.87500
13.068,113.62500
13.118,113.25000
13.169,113.00000
13.220,112.62500
13.270,112.50000
13.321,112.12500
13.372,111.87500
13.422,111.62500
13.473,111.25000
13.523,110.87500
13.574,110.62500
13.625,110.50000
13.675,109.75000
13.726,109.62500
13.777,109.50000
13.827,108.87500
13.878,108.75000
13.928,108.25000
13.979,108.12500
14.030,107.75000
14.080,107.50000
14.131,107.12500
14.182,106.87500
14.232,106.50000
14.283,106.12500
14.334,105.87500
14.384,105.50000
14.435,105.25000
14.486,105.00000
14.536,104.62500
14.587,104.50000
14.637,104.12500
14.688,103.87500
14.739,103.50000
14.789,103.25000
14.840,103.00000
14.891,102.75000
14.941,102.50000
14.992,102.25000
15.043,101.75000
15.093,101.50000
15.144,101.12500
15.194,100.75000
15.245,100.62500
15.296,100.00000
15.346,99.87500
15.397,99.25000
15.448,99.12500
15.498,98.75000
15.549,98.50000
15.600,98.00000
15.650,97.75000
15.701,97.50000
15.752,97.00000
15.802,96.75000
15.853,96.25000
15.903,96.00000
15.954,95.75000
16.005,95.37500
16.055,95.25000
16.106,94.75000
16.157,94.62500
16.207,94.12500
16.258,93.75000
16.309,93.50000
16.359,93.25000
16.410,93.00000
16.460,93.12500
16.511,92.25000
16.562,92.00000
16.612,91.50000
16.663,91.25000
16.714,91.00000
16.764,90.62500
16.815,90.37500
16.866,89.87500
16.916,89.62500
16.967,89.25000
17.018,88.87500
17.068,88.50000
17.119,88.25000
17.169,87.87500
17.220,87.37500
17.271,87.12500
17.321,86.75000
17.372,86.50000
17.423,86.12500
17.473,85.75000
17.524,85.62500
17.575,85.25000
17.625,85.00000
17.676,84.62500
17.727,84.12500
17.777,84.00000
17.828,83.62500
17.878,83.25000
17.929,82.87500
17.980,82.62500
18.030,82.25000
18.081,81.62500
18.132,81.50000
18.182,81.12500
18.233,80.62500
18.283,80.37500
18.334,80.00000
18.385,79.62500
18.435,79.25000
18.486,79.00000
18.537,78.50000
18.587,78.25000
18.638,77.87500
18.689,77.50000
18.739,77.12500
18.790,76.75000
18.841,76.37500
18.891,76.12500
18.942,75.62500
18.992,75.37500
19.043,75.00000
19.094,74.75000
19.144,74.25000
19.195,74.00000
19.246,73.75000
19.296,73.37500
19.347,73.00000
19.398,72.75000
19.448,72.25000
19.499,71.87500
19.550,71.50000
19.600,71.25000
19.651,71.00000
19.701,70.37500
19.752,70.25000
19.803,69.75000
19.853,69.50000
19.904,69.00000
19.955,68.62500
20.005,68.12500
20.056,67.87500
20.107,67.37500
20.157,67.12500
20.208,66.75000
20.258,66.37500
20.309,66.00000
20.360,65.75000
20.410,65.37500
20.461,65.12500
20.512,64.62500
20.562,64.50000
20.613,64.00000
20.664,63.62500
20.714,63.37500
20.765,62.87500
20.816,62.62500
20.866,62.25000
20.917,61.87500
20.967,61.62500
21.018,61.12500
21.069,60.87500
21.119,60.25000
21.170,60.00000
21.221,59.75000
21.271,59.12500
21.322,59.00000
21.373,58.25000
21.423,58.12500
21.474,57.75000
21.525,57.37500
21.575,57.00000
21.626,56.62500
21.677,56.25000
21.727,55.87500
21.778,55.50000
21.828,55.25000
21.879,54.87500
21.930,54.62500
21.980,54.12500
22.031,54.00000
22.082,53.62500
22.132,53.37500
22.183,52.87500
22.234,52.50000
22.284,52.25000
22.335,52.00000
22.386,51.50000
22.436,51.12500
22.487,50.62500
22.538,50.37500
22.588,49.75000
22.639,49.50000
22.689,49.25000
22.740,48.75000
22.791,48.50000
22.841,48.12500
22.892,47.75000
22.943,47.25000
22.993,47.00000
23.044,46.50000
23.095,46.12500
23.145,45.75000
23.196,45.25000
23.247,44.87500
23.297,44.37500
23.348,44.12500
23.398,43.87500
23.449,43.50000
23.500,43.25000
23.550,43.00000
23.601,42.75000
23.652,42.37500
23.702,41.87500
23.753,41.50000
23.804,41.37500
23.854,40.62500
23.905,40.50000
23.956,40.00000
24.006,39.75000
24.057,39.12500
24.108,38.87500
24.158,38.62500
24.209,38.00000
24.260,37.75000
24.310,37.37500
24.361,37.12500
24.412,36.62500
24.462,36.37500
24.513,35.87500
24.563,35.50000
24.614,35.25000
24.665,35.00000
24.715,34.62500
24.766,34.25000
24.817,34.00000
24.867,33.75000
24.918,33.25000
24.969,33.12500
25.019,32.75000
25.070,32.62500
25.121,32.00000
25.171,31.75000
25.222,31.50000
25.273,31.12500
25.323,30.87500
25.374,30.37500
25.425,30.25000
25.475,29.62500
25.526,29.25000
25.576,29.00000
25.627,28.37500
25.678,28.12500
25.728,27.87500
25.779,27.50000
25.830,27.12500
25.880,26.62500
25.931,26.37500
25.982,26.12500
26.032,25.75000
26.083,25.50000
26.134,25.12500
26.184,24.87500
26.235,24.50000
26.286,24.12500
26.336,23.75000
26.387,23.37500
26.438,23.25000
26.488,22.87500
26.539,22.62500
26.589,22.37500
26.640,21.87500
26.691,21.75000
26.741,21.37500
26.792,21.00000
26.843,20.62500
26.893,20.00000
26.944,19.87500
26.995,19.37500
27.045,19.25000
27.096,18.75000
27.147,18.50000
27.197,18.12500
27.248,17.75000
27.298,17.50000
27.349,17.25000
27.400,16.75000
27.450,16.50000
27.501,16.25000
27.552,16.12500
27.602,15.62500
27.653,15.37500
27.704,15.00000
27.754,14.62500
27.805,14.37500
27.856,14.00000
27.906,14.00000
27.957,13.50000
28.008,13.50000
28.058,13.12500
28.109,12.75000
28.160,12.50000
28.210,12.12500
28.261,11.75000
28.311,11.50000
28.362,11.12500
28.413,10.87500
28.463,10.37500
28.514,10.12500
28.565,9.62500
28.615,9.25000
28.666,9.12500
28.717,8.87500
28.767,8.62500
28.818,8.12500
28.868,8.00000
28.919,7.50000
28.970,7.25000
29.020,7.00000
29.071,6.75000
29.122,6.50000
29.172,6.12500
29.223,5.75000
29.274,5.50000
29.324,5.25000
29.375,5.12500
29.426,4.75000
29.476,4.50000
29.527,4.12500
29.578,3.75000
29.628,3.50000
29.679,3.12500
29.729,2.87500
29.780,2.75000
29.831,2.12500
29.881,2.00000
29.932,1.62500
29.983,1.25000
30.033,0.87500
30.084,0.75000
30.134,0.25000
30.185,0.00000
30.236,-0.12500
30.286,-0.50000
30.337,-0.75000
30.388,-1.12500
30.438,-1.25000
30.489,-1.50000
30.540,-1.87500
30.590,-2.00000
30.641,-2.37500
30.691,-2.75000
30.742,-2.87500
30.793,-3.12500
30.843,-3.50000
30.894,-3.75000
30.945,-3.87500
30.995,-4.00000
31.046,-4.62500
31.096,-4.75000
31.147,-5.37500
31.198,-5.50000
31.248,-5.75000
31.299,-6.12500
31.350,-6.25000
31.400,-6.75000
31.451,-6.87500
31.502,-7.25000
31.552,-7.50000
31.603,-7.75000
31.654,-8.00000
31.704,-8.25000
31.755,-8.75000
31.805,-8.87500
31.856,-9.25000
31.907,-9.50000
31.957,-9.75000
32.008,-10.00000
32.059,-10.25000
32.109,-10.62500
32.160,-10.87500
32.211,-10.87500
32.261,-11.25000
32.312,-11.37500
32.363,-11.62500
32.413,-12.00000
32.464,-12.12500
32.515,-12.37500
32.565,-12.75000
32.616,-13.00000
32.666,-13.12500
32.717,-13.37500
32.768,-13.87500
32.818,-13.87500
32.869,-14.37500
32.920,-14.50000
32.970,-15.00000
33.021,-15.00000
33.071,-15.50000
33.122,-15.75000
33.173,-15.87500
33.223,-16.25000
33.274,-16.37500
33.325,-16.75000
33.375,-17.00000
33.426,-17.37500
33.477,-17.50000
33.527,-17.75000
33.578,-18.00000
33.629,-18.12500
33.679,-18.37500
33.730,-18.75000
33.781,-18.75000
33.831,-19.12500
33.882,-19.25000
33.932,-19.62500
33.983,-19.75000
34.034,-20.00000
34.084,-20.25000
34.135,-20.50000
34.186,-20.62500
34.236,-20.87500
34.287,-21.12500
34.338,-21.62500
34.388,-21.62500
34.439,-22.00000
34.490,-22.25000
34.540,-22.62500
34.591,-22.75000
34.641,-23.12500
34.692,-23.25000
34.743,-23.50000
34.793,-23.87500
34.844,-24.00000
34.895,-24.25000
34.945,-24.50000
34.996,-24.62500
35.047,-25.00000
35.097,-25.00000
35.148,-25.25000
35.198,-25.62500
35.249,-25.62500
35.300,-26.00000
35.350,-26.12500
35.401,-26.50000
35.452,-26.50000
35.502,-26.75000
35.553,-27.12500
35.604,-27.25000
35.654,-27.50000
35.705,-27.87500
35.755,-27.87500
35.806,-28.25000
35.857,-28.37500
35.907,-28.75000
35.958,-29.00000
36.009,-29.25000
36.059,-29.50000
36.110,-29.75000
36.161,-29.87500
36.211,-30.12500
36.262,-30.37500
36.312,-30.50000
36.363,-30.75000
36.414,-31.00000
36.464,-31.12500
36.515,-31.37500
36.566,-31.37500
36.616,-31.75000
36.667,-32.12500
36.718,-32.00000
36.768,-32.37500
36.819,-32.62500
36.869,-32.62500
36.920,-32.87500
36.971,-33.12500
37.021,-33.37500
37.072,-33.50000
37.123,-33.75000
37.173,-34.12500
37.224,-34.25000
37.275,-34.62500
37.325,-34.62500
37.376,-35.00000
37.427,-35.12500
37.477,-35.50000
37.528,-35.75000
37.579,-36.00000
37.629,-36.12500
37.680,-36.25000
37.730,-36.50000
37.781,-36.75000
37.832,-37.00000
37.882,-37.12500
37.933,-37.25000
37.984,-37.50000
38.034,-37.62500
38.085,-37.87500
38.136,-38.00000
38.186,-38.12500
38.237,-38.37500
38.287,-38.37500
38.338,-38.62500
38.389,-38.75000
38.439,-38.87500
38.490,-39.25000
38.541,-39.37500
38.591,-39.87500
38.642,-39.87500
38.693,-40.12500
38.743,-40.50000
38.794,-40.62500
38.844,-40.87500
38.895,-41.00000
38.946,-41.25000
38.996,-41.37500
39.047,-41.62500
39.098,-41.75000
39.148,-42.00000
39.199,-42.12500
39.250,-42.37500
39.300,-42.62500
39.351,-42.75000
39.401,-42.87500
39.452,-43.12500
39.503,-43.25000
39.553,-43.50000
39.604,-43.75000
39.655,-43.75000
39.705,-44.00000
39.756,-43.87500
39.807,-44.37500
39.857,-44.37500
39.908,-44.50000
39.958,-44.75000
40.009,-45.00000
40.060,-45.25000
40.110,-45.25000
40.161,-45.50000
40.212,-45.75000
40.262,-45.75000
40.313,-46.25000
40.364,-46.12500
40.414,-46.75000
40.465,-46.75000
40.516,-47.00000
40.566,-47.12500
40.617,-47.25000
40.667,-47.50000
40.718,-47.75000
40.769,-47.75000
40.819,-48.00000
40.870,-48.12500
40.921,-48.37500
40.971,-48.37500
41.022,-48.75000
41.073,-48.75000
41.123,-48.87500
41.174,-49.25000
41.225,-49.25000
41.275,-49.50000
41.326,-49.50000
41.377,-49.75000
41.427,-50.00000
41.478,-50.00000
41.528,-50.37500
41.579,-50.50000
41.630,-50.37500
41.680,-50.87500
41.731,-50.87500
41.782,-51.12500
41.832,-51.37500
41.883,-51.62500
41.934,-51.62500
41.984,-51.87500
42.035,-52.00000
42.085,-52.12500
42.136,-52.37500
42.187,-52.37500
42.237,-52.75000
42.288,-52.87500
42.339,-52.87500
42.389,-53.12500
42.440,-53.12500
42.491,-53.37500
42.542,-53.37500
42.592,-53.62500
42.643,-53.87500
42.694,-53.87500
42.744,-54.00000
42.795,-54.25000
42.846,-54.25000
42.896,-54.62500
42.947,-54.62500
42.998,-55.00000
43.049,-54.87500
43.099,-55.25000
43.150,-55.37500
43.201,-55.50000
43.251,-55.62500
43.302,-55.87500
43.353,-56.00000
43.403,-56.12500
43.454,-56.37500
43.505,-56.50000
43.556,-56.75000
43.606,-56.87500
43.657,-56.87500
43.708,-56.87500
43.758,-56.87500
43.809,-57.12500
43.860,-57.37500
43.910,-57.50000
43.961,-57.62500
44.012,-57.62500
44.063,-57.87500
44.113,-57.87500
44.164,-58.12500
44.215,-58.25000
44.265,-58.37500
44.316,-58.62500
44.367,-58.87500
44.417,-58.75000
44.468,-59.12500
44.519,-59.12500
44.570,-59.37500
44.620,-59.37500
44.671,-59.62500
44.722,-59.75000
44.772,-60.00000
44.823,-60.12500
44.874,-60.12500
44.924,-60.25000
44.975,-60.37500
45.026,-60.62500
45.077,-60.75000
45.127,-60.75000
45.178,-60.87500
45.229,-61.00000
45.279,-61.25000
45.330,-61.12500
45.381,-61.50000
45.431,-61.37500
45.482,-61.50000
45.533,-61.87500
45.584,-61.87500
45.634,-61.87500
45.685,-62.12500
45.736,-62.25000
45.786,-62.50000
45.837,-62.50000
45.888,-62.87500
45.938,-62.87500
45.989,-63.12500
46.040,-63.25000
46.090,-63.37500
46.141,-63.37500
46.192,-63.37500
46.243,-63.62500
46.293,-63.62500
46.344,-63.87500
46.395,-64.12500
46.445,-64.25000
46.496,-64.37500
46.547,-64.37500
46.597,-64.50000
46.648,-64.37500
46.699,-64.62500
46.749,-64.75000
46.800,-64.75000
46.851,-65.00000
46.902,-65.00000
46.952,-65.12500
47.003,-65.37500
47.054,-65.37500
47.104,-65.75000
47.155,-65.75000
47.206,-66.12500
47.256,-66.00000
47.307,-66.12500
47.358,-66.37500
47.409,-66.37500
47.459,-66.62500
47.510,-66.62500
47.561,-66.87500
47.611,-66.87500
47.662,-67.00000
47.713,-67.12500
47.763,-67.25000
47.814,-67.62500
47.865,-67.75000
47.916,-67.75000
47.966,-68.00000
48.017,-67.87500
48.068,-68.12500
48.118,-68.00000
48.169,-68.12500
48.220,-68.12500
48.270,-68.12500
48.321,-68.37500
48.372,-68.37500
48.423,-68.62500
48.473,-68.62500
48.524,-68.62500
48.575,-68.87500
48.625,-68.75000
48.676,-69.12500
48.727,-69.25000
48.777,-69.37500
48.828,-69.37500
48.879,-69.62500
48.930,-69.62500
48.980,-69.87500
49.031,-70.00000
49.082,-70.00000
49.132,-70.12500
49.183,-70.12500
49.234,-70.25000
49.285,-70.50000
49.335,-70.37500
49.386,-70.50000
49.437,-70.50000
49.487,-70.62500
49.538,-70.62500
49.589,-70.62500
49.639,-70.87500
49.690,-70.87500
49.741,-71.00000
49.791,-71.25000
49.842,-71.12500
49.892,-71.50000
49.943,-71.37500
49.994,-71.62500
50.044,-71.75000
50.095,-71.62500
50.146,-71.87500
50.196,-72.00000
50.247,-72.25000
50.298,-72.12500
50.348,-72.25000
50.399,-72.37500
50.449,-72.50000
50.500,-72.50000
50.551,-72.62500
50.601,-72.75000
50.652,-72.87500
50.703,-72.87500
50.753,-73.00000
50.804,-73.00000
50.855,-73.12500
50.905,-72.62500
50.956,-73.25000
51.006,-73.25000
51.057,-73.25000
51.108,-73.50000
51.158,-73.62500
51.209,-73.50000
51.260,-73.62500
51.310,-73.62500
51.361,-74.00000
51.412,-73.87500
51.462,-74.12500
51.513,-74.12500
51.563,-74.25000
51.614,-74.25000
51.665,-74.25000
51.715,-74.50000
51.766,-74.62500
51.817,-74.75000
51.867,-74.75000
51.918,-74.75000
51.968,-74.87500
52.019,-75.00000
52.070,-75.12500
52.120,-75.12500
52.171,-75.25000
52.222,-75.37500
52.272,-75.37500
52.323,-75.37500
52.374,-75.25000
52.424,-75.50000
52.475,-75.50000
52.526,-75.62500
52.576,-75.75000
52.627,-75.62500
52.677,-75.87500
52.728,-76.00000
52.779,-75.87500
52.829,-76.12500
52.880,-76.12500
52.931,-76.25000
52.981,-76.37500
53.032,-76.37500
53.082,-76.62500
53.133,-76.75000
53.184,-76.75000
53.234,-76.87500
53.285,-77.00000
53.336,-77.00000
53.386,-77.12500
53.437,-77.25000
53.488,-77.25000
53.538,-77.37500
53.589,-77.37500
53.640,-77.50000
53.690,-77.62500
53.741,-77.62500
53.791,-77.75000
53.842,-77.50000
53.893,-77.75000
53.943,-77.75000
53.994,-77.87500
54.045,-78.00000
54.095,-77.87500
54.146,-78.00000
54.197,-78.00000
54.247,-78.12500
54.298,-78.25000
54.349,-78.25000
54.399,-78.37500
54.450,-78.37500
54.500,-78.62500
54.551,-78.62500
54.602,-78.62500
54.652,-78.87500
54.703,-78.87500
54.754,-79.00000
54.804,-79.00000
54.855,-79.12500
54.906,-79.25000
54.956,-79.12500
55.007,-79.25000
55.058,-79.25000
55.108,-79.37500
55.159,-79.37500
55.209,-79.37500
55.260,-79.50000
55.311,-79.37500
55.361,-79.62500
55.412,-79.50000
55.463,-79.62500
55.513,-79.62500
55.564,-79.62500
55.615,-79.62500
55.665,-79.75000
55.716,-79.75000
55.767,-79.87500
55.817,-79.87500
55.868,-80.12500
55.918,-80.00000
55.969,-80.25000
56.020,-80.37500
56.070,-80.25000
56.121,-80.37500
56.172,-80.37500
56.222,-80.62500
56.273,-80.50000
56.324,-80.87500
56.374,-80.75000
56.425,-80.87500
56.476,-80.87500
56.526,-80.87500
56.577,-81.00000
56.628,-81.12500
56.678,-81.12500
56.729,-81.12500
56.780,-81.00000
56.830,-81.12500
56.881,-81.12500
56.931,-81.25000
56.982,-81.25000
57.033,-81.25000
57.083,-81.37500
57.134,-81.37500
57.185,-81.25000
57.235,-81.62500
57.286,-81.50000
57.337,-81.75000
57.387,-81.62500
57.438,-81.87500
57.489,-81.87500
57.539,-81.87500
57.590,-82.00000
57.640,-82.00000
57.691,-82.12500
57.742,-82.12500
57.792,-82.37500
57.843,-82.37500
57.894,-82.50000
57.944,-82.37500
57.995,-82.37500
58.045,-82.50000
58.096,-82.50000
58.147,-82.50000
58.197,-82.75000
58.248,-82.50000
58.299,-82.62500
58.349,-82.62500
58.400,-82.62500
58.451,-82.62500
58.501,-82.75000
58.552,-82.62500
58.603,-82.75000
58.653,-82.75000
58.704,-83.00000
58.755,-82.75000
58.805,-83.00000
58.856,-83.12500
58.907,-83.12500
58.957,-83.00000
59.008,-83.25000
59.058,-83.25000
59.109,-83.25000
59.160,-83.50000
59.210,-83.25000
59.261,-83.50000
59.312,-83.37500
59.362,-83.50000
59.413,-83.62500
59.463,-83.50000
59.514,-83.75000
59.565,-83.75000
59.615,-83.75000
59.666,-83.87500
59.717,-83.75000
59.767,-83.75000
59.818,-83.75000
59.869,-83.87500
59.919,-83.87500
59.970,-83.75000
60.020,-83.75000
60.071,-83.62500
60.122,-83.75000
60.172,-84.00000
60.223,-83.87500
60.274,-84.00000
60.324,-84.00000
60.375,-84.12500
60.426,-84.00000
60.476,-84.37500
60.527,-84.25000
60.578,-84.25000
60.628,-84.37500
60.679,-84.37500
60.729,-84.50000
60.780,-84.50000
60.831,-84.62500
60.881,-84.62500
60.932,-84.62500
60.983,-84.87500
61.033,-84.87500
61.084,-84.87500
61.135,-85.00000
61.185,-84.75000
61.236,-85.00000
61.286,-85.00000
61.337,-84.87500
61.388,-85.00000
61.438,-84.87500
61.489,-85.25000
61.540,-85.00000
61.590,-85.00000
61.641,-85.25000
61.692,-85.12500
61.742,-85.37500
61.793,-85.37500
61.844,-85.50000
61.894,-85.37500
61.945,-85.62500
61.996,-85.50000
62.046,-85.75000
62.097,-85.75000
62.147,-85.75000
62.198,-85.87500
62.249,-85.87500
62.299,-86.00000
62.350,-86.00000
62.401,-85.87500
62.451,-86.12500
62.502,-86.12500
62.553,-86.00000
62.603,-86.12500
62.654,-85.75000
62.705,-86.12500
62.755,-85.87500
62.806,-86.00000
62.857,-86.00000
62.907,-86.12500
62.958,-86.25000
63.008,-86.00000
63.059,-86.12500
63.110,-86.25000
63.160,-86.25000
63.211,-86.37500
63.262,-86.37500
63.312,-86.50000
63.363,-86.50000
63.414,-86.62500
63.464,-86.62500
63.515,-86.62500
63.565,-86.62500
63.616,-86.62500
63.667,-86.75000
63.717,-86.87500
63.768,-86.87500
63.819,-87.12500
63.869,-86.87500
63.920,-87.00000
63.971,-86.87500
64.021,-86.87500
64.072,-87.00000
64.122,-86.87500
64.173,-87.00000
64.224,-86.87500
64.274,-87.00000
64.325,-87.00000
64.376,-87.00000
64.426,-87.25000
64.477,-87.12500
64.528,-87.00000
64.578,-87.25000
64.629,-87.25000
64.680,-87.37500
64.730,-87.50000
64.781,-87.62500
64.832,-87.62500
64.882,-87.62500
64.933,-87.62500
64.983,-87.75000
65.034,-87.62500
65.085,-87.62500
65.135,-87.62500
65.186,-87.75000
65.237,-87.87500
65.287,-87.87500
65.338,-87.87500
65.389,-87.87500
65.439,-87.75000
65.490,-87.87500
65.541,-88.00000
65.591,-88.00000
65.642,-88.00000
65.693,-87.87500
65.743,-87.87500
65.794,-87.87500
65.844,-87.37500
65.895,-88.00000
65.946,-87.87500
65.996,-88.00000
66.047,-88.12500
66.098,-88.12500
66.148,-88.25000
66.199,-88.12500
66.249,-88.25000
66.300,-88.37500
66.351,-88.37500
66.402,-88.50000
66.453,-88.50000
66.503,-88.50000
66.554,-88.50000
66.605,-88.62500
66.655,-88.75000
66.706,-88.62500
66.757,-88.62500
66.807,-88.62500
66.858,-88.62500
66.909,-88.50000
66.959,-88.62500
67.010,-88.50000
67.060,-88.75000
67.111,-88.87500
67.162,-88.62500
67.212,-88.75000
67.263,-88.75000
67.314,-88.75000
67.364,-88.87500
67.415,-88.87500
67.466,-89.00000
67.516,-88.87500
67.567,-89.00000
67.618,-89.00000
67.668,-89.00000
67.719,-89.12500
67.770,-89.12500
67.820,-89.25000
67.871,-89.25000
67.922,-89.25000
67.973,-89.25000
68.023,-89.25000
68.074,-89.37500
68.125,-89.25000
68.175,-89.37500
68.226,-89.50000
68.277,-89.25000
68.327,-89.37500
68.378,-89.12500
68.429,-89.37500
68.479,-89.25000
68.530,-89.25000
68.581,-89.37500
68.631,-89.37500
68.682,-89.37500
68.733,-89.37500
68.783,-89.50000
68.834,-89.50000
68.885,-89.50000
68.935,-89.62500
68.986,-89.50000
69.037,-89.75000
69.087,-89.75000
69.138,-89.75000
69.189,-89.87500
69.239,-89.87500
69.290,-89.87500
69.341,-89.87500
69.391,-90.00000
69.442,-90.00000
69.493,-90.00000
69.543,-90.12500
69.594,-90.00000
69.645,-90.12500
69.695,-90.00000
69.746,-90.12500
69.797,-90.12500
69.848,-90.12500
69.898,-90.25000
69.949,-90.00000
70.000,-90.25000
70.050,-90.12500
70.101,-90.12500
70.152,-90.25000
70.202,-90.12500
70.253,-90.25000
70.303,-90.25000
70.354,-90.25000
70.405,-90.37500
70.455,-90.37500
70.506,-90.50000
70.557,-90.50000
70.608,-90.50000
70.658,-90.50000
70.709,-90.50000
70.760,-90.50000
70.810,-90.62500
70.861,-90.62500
70.912,-90.62500
70.962,-90.75000
71.013,-90.75000
71.064,-90.62500
71.114,-90.75000
71.165,-90.62500
71.216,-90.75000
71.266,-90.62500
71.317,-90.75000
71.368,-90.62500
71.418,-90.50000
71.469,-90.87500
71.520,-90.75000
71.570,-90.75000
71.621,-90.87500
71.672,-90.87500
71.722,-90.87500
71.773,-90.87500
71.824,-91.00000
71.874,-90.87500
71.925,-90.75000
71.976,-91.00000
72.026,-91.12500
72.077,-91.12500
72.128,-91.12500
72.178,-91.25000
72.229,-91.25000
72.280,-91.37500
72.330,-91.37500
72.381,-91.25000
72.432,-91.50000
72.482,-91.37500
72.533,-91.25000
72.584,-91.25000
72.634,-91.37500
72.685,-91.37500
72.736,-91.25000
72.786,-91.37500
72.837,-91.37500
72.888,-91.37500
72.938,-91.37500
72.989,-91.25000
73.040,-91.37500
73.090,-91.25000
73.141,-91.37500
73.192,-91.62500
73.242,-91.50000
73.293,-91.75000
73.344,-91.62500
73.394,-91.75000
73.445,-91.75000
73.496,-91.75000
73.546,-91.75000
73.597,-91.75000
73.648,-92.00000
73.698,-91.87500
73.749,-92.00000
73.800,-92.00000
73.850,-92.00000
73.901,-92.00000
73.952,-91.87500
74.002,-92.00000
74.053,-92.00000
74.104,-92.00000
74.154,-92.25000
74.205,-92.00000
74.256,-92.12500
74.307,-91.87500
74.357,-92.00000
74.408,-91.87500
74.459,-92.00000
74.509,-92.00000
74.560,-91.87500
74.611,-91.87500
74.661,-92.00000
74.712,-92.00000
74.763,-92.12500
74.813,-92.00000
74.864,-92.25000
74.915,-92.12500
74.965,-92.25000
75.016,-92.37500
75.067,-92.37500
75.117,-92.37500
75.168,-92.37500
75.219,-92.50000
75.269,-92.50000
75.320,-92.50000
75.371,-92.62500
75.421,-92.50000
75.472,-92.62500
75.523,-92.50000
75.573,-92.62500
75.624,-92.62500
75.675,-92.50000
75.725,-92.62500
75.776,-92.50000
75.827,-92.62500
75.877,-92.50000
75.928,-92.62500
75.979,-92.62500
76.029,-92.62500
76.080,-92.75000
76.131,-92.75000
76.181,-92.75000
76.232,-92.87500
76.283,-92.75000
76.333,-92.87500
76.384,-93.00000
76.435,-93.00000
76.485,-92.87500
76.536,-93.00000
76.587,-93.00000
76.637,-93.00000
76.688,-92.87500
76.739,-93.12500
76.789,-93.00000
76.840,-93.12500
76.891,-93.00000
76.941,-93.00000
76.992,-92.87500
77.043,-93.00000
77.093,-92.75000
77.144,-92.87500
77.195,-92.75000
77.245,-92.87500
77.296,-93.00000
77.347,-92.75000
77.397,-92.87500
77.448,-93.00000
77.499,-92.87500
77.549,-93.12500
77.600,-93.00000
77.651,-93.12500
77.701,-93.12500
77.752,-93.37500
77.803,-93.12500
77.853,-93.25000
77.904,-93.25000
77.955,-93.37500
78.005,-93.37500
78.056,-93.37500
78.107,-93.37500
78.157,-93.37500
78.208,-93.25000
78.259,-93.37500
78.309,-93.25000
78.360,-93.37500
78.411,-93.50000
78.461,-93.37500
78.512,-93.50000
78.563,-93.37500
78.613,-93.37500
78.664,-93.25000
78.715,-93.37500
78.766,-93.37500
78.816,-93.37500
78.867,-93.50000
78.918,-93.50000
78.968,-93.50000
79.019,-93.75000
79.070,-93.50000
79.121,-93.75000
79.171,-93.62500
79.222,-93.75000
79.273,-93.62500
79.324,-93.87500
79.374,-93.75000
79.425,-93.87500
79.476,-93.75000
79.526,-93.87500
79.577,-93.87500
79.628,-93.75000
79.679,-93.87500
79.729,-93.87500
79.780,-93.87500
79.831,-94.00000
79.882,-93.87500
79.932,-94.00000
79.983,-93.75000
80.034,-93.87500
80.084,-93.75000
80.135,-93.87500
80.186,-94.00000
80.237,-93.87500
80.287,-94.00000
80.338,-94.00000
80.389,-93.87500
80.440,-94.00000
80.490,-93.87500
80.541,-94.00000
80.592,-94.00000
80.643,-94.12500
80.693,-94.12500
80.744,-94.25000
80.795,-94.25000
80.845,-94.37500
80.896,-94.37500
80.947,-94.25000
80.998,-94.25000
81.048,-94.25000
81.099,-94.37500
81.150,-94.37500
81.200,-94.25000
81.251,-94.37500
81.302,-94.37500
81.352,-94.37500
81.403,-94.25000
81.454,-94.50000
81.504,-94.50000
81.555,-94.37500
81.606,-94.37500
81.656,-94.25000
81.707,-94.37500
81.758,-94.25000
81.808,-94.37500
81.859,-94.25000
81.910,-94.25000
81.960,-94.37500
82.011,-94.25000
82.062,-94.25000
82.112,-94.50000
82.163,-94.62500
82.214,-94.75000
82.264,-94.75000
82.315,-94.75000
82.366,-94.75000
82.416,-94.62500
82.467,-94.75000
82.518,-94.75000
82.568,-94.87500
82.619,-94.75000
82.670,-94.87500
82.720,-95.00000
82.771,-94.75000
82.821,-94.87500
82.872,-94.75000
82.923,-94.87500
82.973,-95.00000
83.024,-94.87500
83.075,-95.00000
83.126,-94.75000
83.176,-94.87500
83.227,-94.75000
83.278,-94.87500
83.328,-95.00000
83.379,-94.75000
83.430,-95.00000
83.480,-94.75000
83.531,-94.75000
83.582,-94.75000
83.632,-94.87500
83.683,-95.00000
83.734,-95.00000
83.784,-95.12500
83.835,-95.12500
83.886,-95.25000
83.936,-95.25000
83.987,-95.25000
84.038,-95.25000
84.088,-95.37500
84.139,-95.25000
84.189,-95.37500
84.240,-95.25000
84.291,-95.37500
84.342,-95.25000
84.392,-95.25000
84.443,-95.12500
84.494,-95.25000
84.544,-95.25000
84.595,-95.25000
84.646,-95.25000
84.696,-95.25000
84.747,-95.25000
84.798,-95.25000
84.848,-95.25000
84.899,-95.50000
84.950,-95.37500
85.000,-95.50000
85.051,-95.50000
85.102,-95.62500
85.152,-95.62500
85.203,-95.62500
85.254,-95.75000
85.304,-95.75000
85.355,-95.75000
85.406,-95.75000
85.456,-95.87500
85.507,-95.75000
85.557,-95.75000
85.608,-95.87500
85.659,-95.87500
85.709,-95.87500
85.760,-96.00000
85.811,-95.87500
85.861,-95.87500
85.912,-95.75000
85.963,-95.87500
86.013,-95.87500
86.064,-95.75000
86.115,-95.75000
86.165,-95.75000
86.216,-96.00000
86.267,-96.00000
86.318,-96.00000
86.368,-96.00000
86.419,-96.00000
86.470,-96.12500
86.520,-96.00000
86.571,-96.12500
86.622,-96.00000
86.672,-96.12500
86.723,-96.12500
86.774,-96.12500
86.824,-96.25000
86.875,-96.12500
86.926,-96.37500
86.976,-96.25000
87.027,-96.25000
87.077,-96.25000
87.128,-96.12500
87.179,-96.25000
87.229,-96.25000
87.280,-96.25000
87.331,-96.25000
87.381,-96.12500
87.432,-96.25000
87.483,-96.12500
87.533,-96.12500
87.584,-96.25000
87.635,-96.12500
87.685,-96.25000
87.736,-96.12500
87.787,-96.12500
87.837,-96.12500
87.888,-96.12500
87.939,-96.25000
87.989,-96.25000
88.040,-96.37500
88.091,-96.37500
88.141,-96.50000
88.192,-96.37500
88.243,-96.50000
88.293,-96.50000
88.344,-96.37500
88.395,-96.50000
88.445,-96.62500
88.496,-96.62500
88.547,-96.62500
88.597,-96.62500
88.648,-96.62500
88.699,-96.62500
88.749,-96.62500
88.800,-96.62500
88.850,-96.37500
88.901,-96.62500
88.952,-96.37500
89.002,-96.62500
89.053,-96.50000
89.104,-96.37500
89.154,-96.62500
89.205,-96.50000
89.256,-96.50000
89.306,-96.50000
89.357,-96.50000
89.408,-96.62500
89.458,-96.50000
89.509,-96.75000
89.560,-96.62500
89.610,-96.62500
89.661,-96.62500
89.712,-96.87500
89.762,-96.87500
89.813,-96.87500
89.864,-97.00000
89.914,-96.87500
89.965,-96.87500
90.016,-97.00000
90.066,-97.00000
90.117,-97.00000
90.167,-96.75000
90.218,-97.00000
90.269,-96.75000
90.319,-96.75000
90.370,-96.87500
90.421,-96.87500
90.471,-96.87500
90.522,-96.75000
90.573,-96.75000
90.623,-96.87500
90.674,-96.75000
90.725,-96.87500
90.775,-97.00000
90.826,-97.00000
90.877,-97.00000
90.927,-97.00000
90.978,-97.00000
91.029,-97.00000
91.079,-97.00000
91.130,-97.12500
91.181,-97.12500
91.231,-97.12500
91.282,-97.25000
91.333,-97.25000
91.383,-97.12500
91.434,-97.25000
91.485,-97.25000
91.535,-97.25000
91.586,-97.25000
91.637,-97.12500
91.687,-97.25000
91.738,-97.12500
91.788,-97.25000
91.839,-97.12500
91.890,-97.12500
91.940,-97.25000
91.991,-97.37500
92.042,-97.25000
92.092,-97.50000
92.143,-97.25000
92.194,-97.25000
92.244,-97.25000
92.295,-97.50000
92.346,-97.37500
92.396,-97.37500
92.447,-97.50000
92.498,-97.37500
92.548,-97.37500
92.599,-97.37500
92.650,-97.50000
92.700,-97.50000
92.751,-97.50000
92.802,-97.50000
92.852,-97.62500
92.903,-97.62500
92.953,-97.62500
93.004,-97.62500
93.055,-97.62500
93.105,-97.50000
93.156,-97.62500
93.207,-97.50000
93.257,-97.50000
93.308,-97.62500
93.359,-97.50000
93.409,-97.62500
93.460,-97.37500
93.511,-97.12500
93.561,-97.25000
93.612,-97.12500
93.663,-97.37500
93.713,-97.50000
93.764,-97.62500
93.815,-97.62500
93.865,-97.75000
93.916,-97.75000
93.967,-97.75000
94.017,-97.62500
94.068,-97.62500
94.119,-97.75000
94.169,-97.87500
94.220,-97.87500
94.271,-98.00000
94.321,-97.87500
94.372,-97.87500
94.422,-97.75000
94.473,-98.00000
94.524,-98.00000
94.574,-97.75000
94.625,-97.87500
94.676,-97.75000
94.726,-97.75000
94.777,-97.87500
94.828,-97.75000
94.878,-97.62500
94.929,-97.75000
94.980,-97.87500
95.030,-97.87500
95.081,-97.87500
95.132,-98.00000
95.182,-98.00000
95.233,-98.00000
95.284,-97.87500
95.334,-97.75000
95.385,-97.87500
95.436,-98.00000
95.486,-98.00000
95.537,-98.00000
95.588,-98.12500
95.638,-98.00000
95.689,-98.12500
95.740,-98.12500
95.790,-98.00000
95.841,-98.12500
95.892,-98.00000
95.942,-98.12500
95.993,-97.87500
96.044,-98.00000
96.094,-98.00000
96.145,-97.87500
96.196,-98.00000
96.246,-97.87500
96.297,-97.87500
96.348,-98.00000
96.398,-97.87500
96.449,-98.00000
96.500,-98.00000
96.550,-98.12500
96.601,-98.12500
96.652,-98.00000
96.702,-98.25000
96.753,-98.12500
96.804,-98.12500
96.854,-98.12500
96.905,-98.25000
96.956,-98.25000
97.006,-98.37500
97.057,-98.25000
97.108,-98.37500
97.158,-98.37500
97.209,-98.37500
97.260,-98.50000
97.310,-98.37500
97.361,-98.37500
97.412,-98.37500
97.462,-98.25000
97.513,-98.37500
97.564,-98.37500
97.614,-98.37500
97.665,-98.37500
97.716,-98.37500
97.766,-98.37500
97.817,-98.25000
97.868,-98.25000
97.918,-98.50000
97.969,-98.50000
98.020,-98.37500
98.070,-98.37500
98.121,-98.50000
98.172,-98.50000
98.222,-98.50000
98.273,-98.62500
98.324,-98.50000
98.374,-98.62500
98.425,-98.62500
98.476,-98.75000
98.526,-98.62500
98.577,-98.75000
98.628,-98.75000
98.678,-98.75000
98.729,-98.75000
98.780,-98.75000
98.830,-98.75000
98.881,-98.75000
98.932,-98.50000
98.982,-98.87500
99.033,-98.62500
99.084,-98.62500
99.134,-98.75000
99.185,-98.50000
99.236,-98.62500
99.286,-98.62500
99.337,-98.62500
99.388,-98.62500
99.438,-98.75000
99.489,-98.87500
99.540,-98.87500
99.590,-99.00000
99.641,-98.87500
99.692,-99.00000
99.742,-99.00000
99.793,-99.00000
99.844,-99.00000
99.894,-98.87500
99.945,-99.00000
99.996,-99.00000
