time(s),mvs
0.000,-106.75000
0.051,-106.75000
0.101,-106.62500
0.152,-107.00000
0.203,-107.00000
0.253,-106.62500
0.304,-106.75000
0.355,-107.00000
0.405,-106.75000
0.456,-106.87500
0.507,-106.75000
0.557,-106.75000
0.608,-107.12500
0.659,-107.25000
0.709,-106.87500
0.760,-106.87500
0.811,-107.12500
0.861,-107.12500
0.912,-107.00000
0.962,-106.87500
1.013,-106.87500
1.064,-107.12500
1.114,-107.12500
1.165,-106.75000
1.216,-106.75000
1.266,-107.25000
1.317,-107.12500
1.368,-106.87500
1.418,-107.00000
1.469,-107.12500
1.520,-107.12500
1.570,-107.12500
1.621,-106.87500
1.738,-107.12500
1.789,-107.12500
1.839,-106.75000
1.890,-106.87500
1.940,-107.12500
1.991,-106.87500
2.042,-106.75000
2.092,-107.12500
2.143,-107.12500
2.194,-107.00000
2.244,-107.00000
2.295,-107.00000
2.346,-107.00000
2.396,-107.12500
2.447,-106.75000
2.498,-106.75000
2.548,-107.12500
2.599,-107.12500
2.650,-107.00000
2.700,-107.00000
2.751,-107.00000
2.801,-107.00000
2.852,-107.12500
2.903,-106.75000
2.953,-106.87500
3.004,-107.12500
3.055,-107.12500
3.105,-106.87500
3.156,-106.87500
3.207,-106.87500
3.257,-106.87500
3.308,-107.12500
3.359,-107.25000
3.409,-106.87500
3.460,-107.25000
3.510,-107.12500
3.561,-106.87500
3.612,-106.87500
3.662,-107.00000
3.713,-107.00000
3.764,-107.00000
3.814,-107.12500
3.865,-106.87500
3.916,-107.37500
3.966,-107.25000
4.017,-107.00000
4.067,-106.50000
4.118,-105.62500
4.169,-103.50000
4.219,-101.75000
4.270,-98.25000
4.321,-93.37500
4.371,-86.00000
4.422,-77.75000
4.473,-69.50000
4.523,-58.75000
4.574,-43.62500
4.625,-27.25000
4.675,-13.62500
4.726,2.00000
4.776,14.62500
4.827,29.87500
4.878,40.37500
4.928,49.75000
4.979,58.87500
5.030,65.12500
5.080,72.12500
5.131,78.25000
5.182,83.50000
5.232,86.87500
5.283,90.12500
5.334,92.00000
5.384,93.75000
5.435,95.87500
5.486,97.37500
5.536,98.87500
5.587,100.00000
5.638,100.50000
5.688,100.75000
5.739,101.62500
5.790,102.37500
5.840,103.12500
5.891,103.62500
5.942,103.87500
5.992,103.75000
6.043,104.37500
6.094,104.75000
6.144,105.12500
6.195,105.62500
6.246,106.00000
6.296,106.37500
6.347,106.87500
6.398,107.50000
6.448,107.50000
6.499,108.25000
6.550,108.75000
6.600,108.75000
6.651,109.37500
6.702,109.75000
6.753,110.12500
6.803,110.50000
6.854,110.62500
6.905,110.50000
6.956,110.87500
7.006,111.37500
7.057,111.50000
7.108,111.50000
7.159,111.75000
7.209,112.12500
7.260,112.25000
7.311,112.50000
7.362,112.37500
7.412,112.50000
7.463,113.00000
7.514,113.25000
7.565,113.00000
7.615,113.00000
7.666,113.50000
7.717,113.62500
7.768,113.62500
7.818,113.75000
7.869,113.87500
7.920,114.00000
7.971,114.12500
8.021,113.75000
8.072,113.50000
8.123,113.75000
8.174,113.50000
8.224,113.00000
8.275,112.87500
8.326,112.87500
8.377,112.75000
8.427,112.50000
8.478,112.12500
8.529,111.62500
8.580,111.75000
8.630,111.62500
8.681,111.00000
8.732,110.87500
8.783,110.87500
8.833,110.75000
8.884,110.50000
8.935,110.75000
8.985,110.62500
9.036,110.87500
9.087,111.37500
9.138,111.75000
9.188,111.50000
9.239,111.87500
9.290,111.75000
9.341,111.87500
9.391,111.87500
9.442,112.00000
9.493,112.12500
9.544,112.37500
9.595,112.62500
9.646,112.37500
9.696,112.50000
9.747,112.87500
9.798,112.87500
9.848,112.75000
9.899,112.87500
9.950,113.00000
10.000,113.25000
10.051,113.25000
10.102,112.75000
10.152,112.75000
10.203,113.00000
10.254,112.87500
10.304,112.25000
10.355,112.00000
10.406,111.87500
10.456,111.50000
10.507,111.25000
10.557,110.62500
10.608,110.37500
10.659,110.62500
10.709,110.25000
10.760,109.62500
10.811,109.12500
10.861,109.12500
10.912,108.75000
10.963,108.37500
11.014,107.87500
11.064,107.62500
11.115,107.50000
11.166,107.12500
11.216,106.37500
11.267,106.00000
11.318,106.12500
11.368,105.62500
11.419,105.00000
11.469,104.75000
11.520,104.25000
11.571,103.87500
11.621,103.37500
11.672,102.75000
11.723,102.25000
11.774,102.12500
11.824,101.62500
11.875,100.87500
11.926,100.25000
11.976,100.00000
12.027,99.62500
12.078,99.00000
12.129,98.37500
12.179,97.62500
12.230,97.50000
12.281,97.00000
12.331,96.12500
12.382,95.50000
12.433,95.25000
12.483,94.62500
12.534,94.25000
12.585,93.37500
12.635,92.75000
12.686,92.50000
12.737,91.87500
12.787,91.00000
12.838,90.25000
12.888,90.00000
12.939,89.37500
12.990,88.75000
13.040,87.87500
13.091,87.25000
13.142,86.87500
13.192,86.25000
13.243,85.25000
13.294,84.50000
13.344,84.12500
13.395,83.37500
13.446,82.50000
13.496,81.75000
13.547,81.25000
13.598,80.75000
13.648,80.00000
13.699,79.12500
13.750,78.37500
13.800,78.00000
13.851,77.25000
13.901,76.12500
13.952,75.37500
14.003,74.87500
14.053,74.25000
14.104,73.50000
14.155,72.62500
14.205,71.75000
14.256,71.37500
14.307,70.75000
14.357,69.62500
14.408,68.75000
14.459,68.37500
14.509,67.75000
14.560,66.75000
14.611,65.87500
14.661,65.12500
14.712,64.62500
14.763,63.87500
14.813,62.75000
14.864,62.00000
14.914,61.50000
14.965,60.62500
15.016,59.75000
15.066,58.87500
15.117,58.25000
15.168,57.75000
15.218,56.87500
15.269,55.75000
15.320,55.00000
15.370,54.62500
15.421,53.75000
15.472,52.75000
15.522,51.87500
15.573,51.25000
15.624,50.62500
15.674,49.75000
15.725,48.87500
15.776,48.00000
15.826,47.75000
15.877,47.00000
15.927,45.75000
15.978,45.00000
16.029,44.50000
16.079,43.62500
16.130,42.87500
16.181,42.12500
16.231,41.12500
16.282,40.87500
16.333,40.12500
16.383,39.00000
16.434,38.12500
16.485,37.62500
16.535,36.87500
16.586,36.00000
16.636,35.25000
16.687,34.62500
16.738,34.00000
16.788,33.12500
16.839,32.25000
16.890,31.37500
16.940,31.12500
16.991,30.37500
17.042,29.25000
17.092,28.75000
17.143,28.00000
17.194,27.50000
17.244,26.50000
17.295,25.62500
17.345,24.87500
17.396,24.62500
17.447,23.75000
17.498,22.75000
17.548,22.00000
17.599,21.50000
17.650,20.87500
17.701,20.12500
17.752,19.37500
17.802,18.62500
17.853,18.25000
17.904,17.50000
17.955,16.50000
18.005,15.75000
18.056,15.37500
18.107,14.62500
18.157,13.87500
18.208,13.12500
18.259,12.62500
18.309,12.12500
18.360,11.37500
18.411,10.50000
18.461,9.75000
18.512,9.50000
18.562,8.75000
18.613,7.87500
18.664,7.25000
18.714,6.75000
18.765,6.00000
18.816,5.62500
18.866,4.75000
18.917,4.00000
18.968,3.75000
19.018,3.00000
19.069,2.12500
19.119,1.50000
19.170,1.12500
19.221,0.37500
19.271,-0.12500
19.322,-0.75000
19.373,-1.50000
19.423,-1.62500
19.474,-2.37500
19.525,-3.37500
19.575,-3.87500
19.626,-4.37500
19.676,-5.00000
19.727,-5.62500
19.778,-6.12500
19.828,-6.87500
19.879,-7.12500
19.930,-7.75000
19.980,-8.75000
20.031,-9.25000
20.082,-9.37500
20.132,-10.00000
20.183,-10.75000
20.234,-11.37500
20.284,-11.87500
20.335,-12.12500
20.385,-12.75000
20.436,-13.62500
20.487,-14.12500
20.537,-14.37500
20.588,-14.87500
20.639,-15.62500
20.690,-16.25000
20.740,-16.62500
20.791,-17.12500
20.842,-17.50000
20.893,-18.50000
20.943,-19.00000
20.994,-19.12500
21.045,-19.75000
21.096,-20.62500
21.147,-20.87500
21.197,-21.12500
21.248,-21.87500
21.299,-22.12500
21.349,-22.62500
21.400,-23.37500
21.451,-23.87500
21.502,-24.00000
21.552,-24.87500
21.603,-25.37500
21.654,-25.50000
21.704,-26.00000
21.755,-26.75000
21.806,-27.12500
21.856,-27.62500
21.907,-28.25000
21.958,-28.25000
22.009,-28.75000
22.059,-29.50000
22.110,-29.62500
22.161,-30.00000
22.211,-30.75000
22.262,-31.12500
22.313,-31.62500
22.363,-32.12500
22.414,-32.37500
22.465,-32.75000
22.515,-33.50000
22.566,-34.00000
22.617,-34.00000
22.668,-34.75000
22.718,-35.12500
22.769,-35.37500
22.820,-35.87500
22.870,-36.12500
22.921,-36.62500
22.972,-37.25000
23.022,-37.75000
23.073,-37.62500
23.124,-38.12500
23.175,-38.87500
23.225,-39.25000
23.276,-39.37500
23.327,-39.87500
23.377,-40.25000
23.428,-40.87500
23.479,-41.25000
23.529,-41.12500
23.580,-41.62500
23.631,-42.25000
23.681,-42.62500
23.732,-42.75000
23.783,-43.12500
23.833,-43.50000
23.884,-43.87500
23.935,-44.37500
23.985,-44.37500
24.036,-44.75000
24.087,-45.50000
24.137,-45.87500
24.188,-45.87500
24.239,-46.12500
24.290,-46.62500
24.341,-47.00000
24.391,-47.25000
24.442,-47.50000
24.493,-47.75000
24.544,-48.50000
24.594,-48.87500
24.645,-48.75000
24.696,-49.12500
24.746,-49.75000
24.797,-50.12500
24.848,-50.25000
24.899,-50.50000
24.949,-50.62500
25.000,-51.00000
25.051,-51.62500
25.101,-51.50000
25.152,-51.75000
25.203,-52.50000
25.254,-52.87500
25.304,-52.87500
25.355,-53.12500
25.406,-53.62500
25.457,-53.87500
25.507,-54.25000
25.558,-54.62500
25.609,-54.62500
25.660,-54.75000
25.710,-55.62500
25.761,-55.37500
25.812,-55.75000
25.863,-56.25000
25.913,-56.50000
25.964,-56.62500
26.015,-57.12500
26.066,-57.00000
26.116,-57.37500
26.167,-57.87500
26.218,-58.25000
26.269,-58.12500
26.319,-58.50000
26.370,-58.87500
26.421,-59.00000
26.472,-59.25000
26.522,-59.37500
26.573,-59.75000
26.624,-60.25000
26.674,-60.50000
26.725,-60.37500
26.776,-60.50000
26.826,-61.12500
26.877,-61.37500
26.928,-61.37500
26.978,-61.50000
27.029,-61.75000
27.079,-62.37500
27.130,-62.50000
27.181,-62.37500
27.232,-62.50000
27.282,-63.25000
27.333,-63.62500
27.383,-63.62500
27.434,-63.75000
27.485,-64.00000
27.535,-64.25000
27.586,-64.62500
27.637,-64.50000
27.687,-64.62500
27.738,-65.25000
27.789,-65.50000
27.839,-65.25000
27.890,-65.50000
27.941,-66.00000
27.991,-66.12500
28.042,-66.25000
28.093,-66.50000
28.143,-66.62500
28.194,-67.12500
28.245,-67.37500
28.296,-67.25000
28.346,-67.50000
28.397,-67.87500
28.448,-68.12500
28.498,-68.12500
28.549,-68.25000
28.600,-68.50000
28.651,-68.75000
28.701,-69.00000
28.752,-68.75000
28.803,-69.00000
28.854,-69.37500
28.904,-69.62500
28.955,-69.50000
29.006,-69.75000
29.056,-70.00000
29.107,-70.12500
29.157,-70.50000
29.208,-70.37500
29.259,-70.50000
29.310,-71.12500
29.360,-71.12500
29.411,-71.12500
29.462,-71.25000
29.512,-71.50000
29.563,-71.62500
29.614,-71.75000
29.665,-71.87500
29.715,-72.00000
29.766,-72.37500
29.817,-72.62500
29.867,-72.50000
29.918,-72.62500
29.969,-73.00000
30.019,-73.12500
30.070,-73.12500
30.121,-73.25000
30.171,-73.25000
30.222,-73.37500
30.273,-73.87500
30.323,-73.62500
30.374,-73.87500
30.425,-74.37500
30.475,-74.37500
30.526,-74.37500
30.577,-74.62500
30.627,-74.50000
30.678,-74.75000
30.729,-75.00000
30.779,-74.75000
30.830,-74.87500
30.881,-75.37500
30.931,-75.62500
30.982,-75.37500
31.033,-75.62500
31.083,-75.75000
31.134,-75.87500
31.185,-76.25000
31.235,-76.37500
31.286,-76.12500
31.337,-76.62500
31.387,-76.75000
31.438,-76.50000
31.489,-76.62500
31.539,-77.00000
31.590,-77.00000
31.640,-77.25000
31.691,-77.25000
31.742,-77.25000
31.792,-77.37500
31.843,-77.75000
31.894,-77.62500
31.945,-77.75000
31.995,-78.12500
32.046,-78.25000
32.097,-78.12500
32.147,-78.37500
32.198,-78.37500
32.249,-78.37500
32.300,-78.75000
32.350,-78.87500
32.401,-78.62500
32.452,-79.12500
32.502,-79.12500
32.553,-79.12500
32.604,-79.25000
32.655,-79.25000
32.705,-79.37500
32.756,-79.75000
32.807,-79.87500
32.858,-79.62500
32.908,-79.75000
32.959,-80.25000
33.010,-80.25000
33.060,-80.12500
33.111,-80.37500
33.162,-80.50000
33.212,-80.50000
33.263,-80.62500
33.314,-80.50000
33.364,-80.50000
33.415,-81.00000
33.465,-81.12500
33.516,-80.87500
33.567,-81.37500
33.617,-81.25000
33.668,-81.37500
33.719,-81.50000
33.769,-81.37500
33.820,-81.50000
33.871,-81.87500
33.921,-81.87500
33.972,-81.50000
34.022,-82.00000
34.073,-82.00000
34.124,-82.00000
34.174,-82.25000
34.225,-82.12500
34.276,-82.37500
34.326,-82.62500
34.377,-82.62500
34.428,-82.50000
34.478,-82.50000
34.529,-83.00000
34.580,-82.75000
34.630,-82.75000
34.681,-82.87500
34.732,-83.00000
34.782,-83.25000
34.833,-83.37500
34.884,-83.12500
34.934,-83.12500
34.985,-83.62500
35.036,-83.75000
35.086,-83.37500
35.137,-83.62500
35.188,-83.87500
35.238,-83.75000
35.289,-84.00000
35.340,-83.87500
35.390,-83.87500
35.441,-84.37500
35.492,-84.50000
35.542,-84.12500
35.593,-84.37500
35.644,-84.62500
35.694,-84.50000
35.745,-84.50000
35.796,-84.37500
35.846,-84.50000
35.897,-85.00000
35.948,-85.00000
35.998,-84.62500
36.049,-84.75000
36.100,-85.12500
36.150,-85.00000
36.201,-85.12500
36.251,-85.00000
36.302,-85.12500
36.353,-85.37500
36.403,-85.50000
36.454,-85.12500
36.505,-85.25000
36.555,-85.62500
36.606,-85.37500
36.657,-85.50000
36.707,-85.62500
36.758,-85.62500
36.809,-85.87500
36.859,-86.00000
36.910,-85.75000
36.961,-85.87500
37.011,-86.25000
37.062,-86.37500
37.113,-86.00000
37.164,-86.12500
37.215,-86.37500
37.266,-86.50000
37.316,-86.50000
37.367,-86.37500
37.418,-86.50000
37.468,-86.75000
37.519,-86.75000
37.570,-86.62500
37.620,-86.75000
37.671,-87.00000
37.722,-87.00000
37.772,-86.87500
37.823,-87.00000
37.874,-87.00000
37.924,-87.37500
37.975,-87.50000
38.026,-87.12500
38.076,-87.25000
38.127,-87.50000
38.178,-87.50000
38.229,-87.50000
38.279,-87.62500
38.330,-87.50000
38.381,-87.75000
38.431,-87.87500
38.482,-87.50000
38.533,-87.62500
38.583,-88.00000
38.634,-88.00000
38.685,-87.87500
38.735,-87.87500
38.786,-88.00000
38.837,-88.00000
38.888,-88.25000
38.938,-88.25000
38.989,-87.87500
39.040,-88.50000
39.090,-88.50000
39.141,-88.12500
39.192,-88.25000
39.242,-88.50000
39.293,-88.50000
39.344,-88.62500
39.394,-88.62500
39.445,-88.50000
39.496,-88.62500
39.547,-88.87500
39.597,-88.62500
39.648,-88.62500
39.699,-89.00000
39.749,-89.00000
39.800,-88.87500
39.851,-88.87500
39.901,-88.87500
39.952,-89.12500
40.003,-89.37500
40.053,-89.25000
40.104,-89.12500
40.155,-89.37500
40.205,-89.50000
40.256,-89.25000
40.307,-89.37500
40.357,-89.37500
40.408,-89.37500
40.459,-89.62500
40.510,-89.75000
40.560,-89.37500
40.611,-89.50000
40.662,-89.87500
40.712,-89.62500
40.763,-89.75000
40.814,-89.87500
40.864,-89.87500
40.915,-90.00000
40.966,-90.00000
41.016,-89.75000
41.067,-89.87500
41.118,-90.25000
41.168,-90.25000
41.219,-90.00000
41.270,-90.25000
41.320,-90.25000
41.371,-90.37500
41.422,-90.37500
41.472,-90.12500
41.523,-90.25000
41.574,-90.62500
41.624,-90.62500
41.675,-90.37500
41.726,-90.75000
41.776,-90.75000
41.827,-90.62500
41.878,-90.62500
41.928,-90.62500
41.979,-90.75000
42.030,-91.00000
42.080,-91.12500
42.131,-90.75000
42.182,-90.75000
42.232,-91.25000
42.283,-90.87500
42.334,-91.00000
42.384,-91.00000
42.435,-91.12500
42.486,-91.12500
42.536,-91.37500
42.587,-91.12500
42.638,-91.12500
42.688,-91.37500
42.739,-91.62500
42.790,-91.25000
42.840,-91.50000
42.891,-91.50000
42.942,-91.62500
42.993,-91.62500
43.043,-91.50000
43.094,-91.75000
43.144,-91.87500
43.196,-92.00000
43.246,-91.62500
43.297,-91.62500
43.348,-92.00000
43.399,-92.00000
43.449,-91.87500
43.500,-91.75000
43.551,-91.75000
43.602,-92.12500
43.652,-92.12500
43.703,-91.87500
43.754,-91.87500
43.804,-92.25000
43.855,-92.25000
43.906,-92.12500
43.957,-92.25000
44.007,-92.25000
44.058,-92.12500
44.109,-92.50000
44.160,-92.00000
44.211,-92.12500
44.261,-92.62500
44.312,-92.75000
44.363,-92.37500
44.413,-92.37500
44.464,-92.50000
44.515,-92.50000
44.565,-92.75000
44.616,-92.62500
44.667,-92.37500
44.718,-92.87500
44.768,-92.87500
44.819,-92.62500
44.870,-92.50000
44.921,-92.75000
44.972,-92.75000
45.023,-93.00000
45.073,-93.00000
45.124,-92.75000
45.175,-92.87500
45.225,-93.12500
45.276,-93.12500
45.327,-92.75000
45.377,-92.87500
45.428,-93.12500
45.479,-93.12500
45.529,-93.12500
45.580,-93.00000
45.631,-93.00000
45.681,-93.37500
45.732,-93.37500
45.783,-93.00000
45.833,-93.00000
45.884,-93.50000
45.935,-93.12500
45.985,-93.25000
46.036,-93.25000
46.086,-93.37500
46.137,-93.62500
46.188,-93.62500
46.238,-93.37500
46.289,-93.37500
46.340,-93.75000
46.390,-93.50000
46.441,-93.50000
46.492,-93.62500
46.542,-93.62500
46.593,-93.75000
46.643,-94.00000
46.694,-93.62500
46.745,-93.75000
46.795,-94.12500
46.846,-94.25000
46.897,-94.00000
46.947,-94.12500
46.998,-94.12500
47.049,-94.12500
47.099,-94.25000
47.150,-93.87500
47.200,-94.00000
47.251,-94.37500
47.302,-94.50000
47.352,-94.12500
47.403,-94.37500
47.454,-94.62500
47.504,-94.50000
47.555,-94.50000
47.606,-94.37500
47.656,-94.37500
47.707,-94.75000
47.757,-94.62500
47.808,-94.50000
47.859,-94.50000
47.909,-94.50000
47.960,-94.37500
48.011,-94.37500
48.061,-94.50000
48.112,-94.50000
48.162,-94.75000
48.213,-94.75000
48.264,-94.50000
48.314,-94.37500
48.365,-94.75000
48.416,-94.50000
48.467,-94.50000
48.517,-94.75000
48.568,-94.75000
48.619,-94.87500
48.669,-94.87500
48.720,-94.50000
48.770,-94.75000
48.821,-95.12500
48.872,-95.25000
48.922,-94.75000
48.973,-95.00000
49.024,-95.00000
49.074,-94.87500
49.125,-95.00000
49.176,-94.87500
49.226,-94.87500
49.277,-95.25000
49.328,-95.37500
49.378,-94.87500
49.429,-95.25000
49.480,-95.37500
49.530,-95.12500
49.581,-95.25000
49.632,-95.12500
49.682,-95.12500
49.733,-95.50000
49.783,-95.50000
49.834,-95.25000
49.885,-95.50000
49.935,-95.62500
49.986,-95.50000
50.037,-95.50000
50.087,-95.50000
50.139,-95.50000
50.190,-95.62500
50.241,-95.75000
50.291,-95.37500
50.342,-95.37500
50.393,-95.87500
50.444,-95.75000
50.494,-95.50000
50.545,-95.50000
50.596,-95.75000
50.646,-95.75000
50.697,-95.75000
50.748,-95.62500
50.798,-95.75000
50.849,-96.00000
50.900,-96.00000
50.951,-95.62500
51.001,-95.62500
51.054,-96.00000
51.104,-96.00000
51.155,-96.00000
51.206,-96.12500
51.257,-96.00000
51.307,-95.87500
51.358,-96.25000
51.409,-96.25000
51.459,-96.00000
51.510,-96.25000
51.561,-96.25000
51.612,-96.12500
51.662,-96.12500
51.713,-96.00000
51.764,-96.12500
51.815,-96.37500
51.865,-96.50000
51.916,-96.12500
51.967,-96.12500
52.018,-96.62500
52.069,-96.50000
52.119,-96.37500
52.170,-96.25000
52.221,-96.37500
52.271,-96.62500
52.322,-96.62500
52.373,-96.37500
52.423,-96.50000
52.474,-96.87500
52.525,-97.00000
52.575,-96.62500
52.626,-96.62500
52.677,-96.75000
52.727,-96.75000
52.778,-96.87500
52.829,-96.75000
52.879,-96.62500
52.930,-96.87500
52.981,-96.87500
53.031,-96.62500
53.082,-96.50000
53.133,-97.00000
53.184,-97.00000
53.234,-96.87500
53.285,-97.00000
53.336,-97.00000
53.387,-97.12500
53.437,-97.12500
53.488,-96.87500
53.539,-96.75000
53.589,-97.12500
53.640,-97.12500
53.691,-97.00000
53.742,-97.00000
53.792,-97.00000
53.843,-97.00000
53.894,-97.25000
53.945,-97.37500
53.995,-97.00000
54.046,-97.37500
54.097,-97.37500
54.147,-97.12500
54.198,-97.12500
54.249,-97.25000
54.299,-97.25000
54.350,-97.50000
54.401,-97.50000
54.452,-97.25000
54.502,-97.12500
54.553,-97.50000
54.604,-97.25000
54.655,-97.25000
54.705,-97.50000
54.756,-97.50000
54.807,-97.50000
54.858,-97.50000
54.910,-97.25000
54.966,-97.50000
55.017,-97.25000
55.067,-97.25000
55.119,-97.62500
55.170,-97.75000
55.221,-97.50000
55.272,-97.50000
55.322,-97.62500
55.373,-97.62500
55.424,-97.62500
55.474,-97.50000
55.525,-97.50000
55.576,-97.87500
55.627,-97.87500
55.677,-97.62500
55.728,-97.62500
55.779,-98.00000
55.829,-98.00000
55.880,-97.75000
55.931,-97.75000
55.981,-97.87500
56.032,-98.12500
56.083,-98.12500
56.134,-97.87500
56.184,-97.87500
56.235,-98.25000
56.286,-98.25000
56.336,-97.87500
56.387,-98.00000
56.438,-98.00000
56.488,-98.25000
56.539,-98.25000
56.590,-98.00000
56.640,-98.00000
56.691,-98.37500
56.742,-98.37500
56.793,-98.00000
56.843,-98.12500
56.894,-98.37500
56.945,-98.37500
56.995,-98.37500
57.046,-98.25000
57.097,-98.12500
57.147,-98.62500
57.198,-98.62500
57.249,-98.25000
57.299,-98.25000
57.350,-98.50000
57.401,-98.37500
57.451,-98.37500
57.502,-98.37500
57.553,-98.25000
57.603,-98.62500
57.654,-98.75000
57.705,-98.37500
57.756,-98.50000
57.806,-98.62500
57.857,-98.75000
57.908,-98.75000
57.959,-98.75000
58.009,-98.50000
58.060,-98.50000
58.111,-98.87500
58.162,-98.87500
58.212,-98.50000
58.263,-98.87500
58.314,-99.00000
58.365,-98.62500
58.415,-98.62500
58.466,-98.75000
58.517,-98.75000
58.567,-98.87500
58.618,-99.00000
58.669,-98.62500
58.719,-98.62500
58.770,-99.00000
58.821,-98.75000
58.872,-98.75000
58.922,-98.87500
58.973,-98.87500
59.024,-99.00000
59.074,-99.00000
59.125,-98.87500
59.176,-98.87500
59.227,-99.25000
59.277,-99.12500
59.328,-98.87500
59.379,-98.87500
59.430,-99.12500
59.480,-99.00000
59.531,-99.12500
59.582,-99.00000
59.633,-99.12500
59.683,-99.37500
59.734,-99.50000
59.785,-99.12500
59.835,-99.12500
59.886,-99.50000
59.937,-99.50000
59.987,-99.25000
60.038,-99.25000
60.089,-99.12500
60.140,-99.50000
60.191,-99.50000
60.241,-99.25000
60.292,-99.25000
60.343,-99.50000
60.393,-99.50000
60.444,-99.37500
60.495,-99.37500
60.546,-99.37500
60.597,-99.50000
60.648,-99.75000
60.699,-99.62500
60.750,-99.37500
60.800,-99.37500
60.852,-99.75000
60.903,-99.62500
60.954,-99.37500
61.005,-99.50000
61.056,-99.62500
61.107,-99.62500
61.157,-99.87500
61.208,-99.62500
61.259,-99.50000
61.311,-99.62500
61.362,-99.87500
61.413,-100.00000
61.464,-99.62500
61.515,-99.62500
61.565,-99.87500
61.616,-99.75000
61.667,-99.87500
61.718,-99.75000
61.768,-99.75000
61.819,-100.12500
61.870,-100.00000
61.920,-99.62500
61.971,-99.87500
62.022,-100.12500
62.072,-100.00000
62.123,-100.00000
62.174,-99.87500
62.224,-100.00000
62.275,-100.25000
62.326,-100.12500
62.376,-100.00000
62.427,-99.87500
62.478,-100.37500
62.528,-100.25000
62.579,-99.87500
62.630,-100.00000
62.680,-100.12500
62.731,-100.37500
62.782,-100.25000
62.833,-100.00000
62.883,-100.12500
62.934,-100.50000
62.985,-100.50000
63.035,-100.25000
63.086,-100.25000
63.137,-100.25000
63.187,-100.25000
63.238,-100.37500
63.289,-100.00000
63.339,-100.12500
63.390,-100.50000
63.441,-100.62500
63.491,-100.25000
63.542,-100.37500
63.593,-100.62500
63.643,-100.62500
63.694,-100.50000
63.745,-100.62500
63.796,-100.25000
63.848,-100.37500
63.899,-100.62500
63.950,-100.62500
64.000,-100.37500
64.051,-100.37500
64.102,-100.62500
64.153,-100.62500
64.203,-100.62500
64.254,-100.50000
64.305,-100.50000
64.356,-100.75000
64.406,-100.75000
64.457,-100.37500
64.508,-100.62500
64.559,-100.87500
64.609,-101.00000
64.660,-100.75000
64.711,-100.75000
64.761,-100.75000
64.812,-101.00000
64.863,-100.87500
64.914,-100.62500
64.964,-100.62500
65.015,-101.00000
65.066,-101.00000
65.117,-100.75000
65.167,-100.75000
65.218,-100.87500
65.269,-100.75000
65.319,-101.00000
65.370,-101.00000
65.421,-100.75000
65.472,-101.25000
65.522,-101.12500
65.573,-100.87500
65.624,-100.87500
65.674,-101.00000
65.725,-101.00000
65.776,-101.00000
65.827,-101.12500
65.877,-100.87500
65.928,-101.00000
65.979,-101.25000
66.030,-101.12500
66.080,-101.25000
66.131,-101.50000
66.182,-101.50000
66.232,-101.25000
66.283,-101.12500
66.334,-101.00000
66.384,-101.00000
66.435,-101.37500
66.486,-101.37500
66.537,-101.12500
66.587,-101.12500
66.638,-101.50000
66.689,-101.25000
66.739,-101.25000
66.790,-101.25000
66.841,-101.12500
66.892,-101.50000
66.942,-101.50000
66.993,-101.25000
67.044,-101.25000
67.094,-101.62500
67.145,-101.62500
67.196,-101.37500
67.247,-101.50000
67.298,-101.37500
67.348,-101.62500
67.399,-101.62500
67.450,-101.37500
67.501,-101.25000
67.551,-101.75000
67.602,-101.75000
67.653,-101.37500
67.703,-101.50000
67.754,-101.87500
67.805,-101.62500
67.856,-101.75000
67.906,-101.62500
67.957,-101.62500
68.008,-101.87500
68.059,-102.00000
68.109,-101.75000
68.160,-101.75000
68.211,-101.75000
68.261,-101.87500
68.312,-101.75000
68.363,-101.62500
68.414,-101.62500
68.464,-101.75000
68.515,-102.00000
68.566,-101.75000
68.616,-101.62500
68.667,-102.00000
68.718,-102.00000
68.769,-102.00000
68.820,-101.87500
68.871,-101.87500
68.923,-101.87500
68.974,-102.25000
69.025,-102.25000
69.077,-102.25000
69.128,-101.87500
69.179,-101.75000
69.230,-102.12500
69.281,-101.87500
69.332,-102.00000
69.383,-101.87500
69.433,-102.00000
69.484,-102.25000
69.535,-102.12500
69.586,-101.87500
69.636,-101.87500
69.687,-102.25000
69.739,-102.37500
69.790,-101.87500
69.841,-102.00000
69.891,-102.25000
69.943,-102.25000
69.994,-102.37500
70.045,-102.37500
70.096,-102.12500
70.147,-102.00000
70.198,-102.50000
70.250,-102.50000
70.301,-102.12500
70.352,-102.12500
70.404,-102.12500
70.455,-102.37500
70.505,-102.50000
70.556,-102.50000
70.608,-102.37500
70.658,-102.37500
70.709,-102.62500
70.760,-102.62500
70.811,-102.25000
70.861,-102.25000
70.912,-102.50000
70.963,-102.50000
71.014,-102.37500
71.065,-102.50000
71.116,-102.25000
71.166,-102.37500
71.217,-102.75000
71.268,-102.75000
71.319,-102.50000
71.370,-102.75000
71.420,-102.75000
71.471,-102.37500
71.522,-102.50000
71.572,-102.50000
71.623,-102.50000
71.674,-102.75000
71.725,-102.87500
71.776,-102.50000
71.826,-102.50000
71.877,-102.87500
71.928,-102.75000
71.978,-102.62500
72.029,-102.75000
72.080,-102.87500
72.130,-102.87500
72.181,-103.00000
72.232,-102.62500
72.283,-102.62500
72.333,-102.87500
72.384,-102.87500
72.435,-102.62500
72.485,-102.50000
72.536,-102.75000
72.587,-102.87500
72.638,-102.87500
72.688,-102.75000
72.739,-102.75000
72.790,-103.12500
72.840,-103.12500
72.891,-102.75000
72.942,-102.75000
72.992,-103.00000
73.043,-103.12500
73.094,-102.87500
73.144,-102.87500
73.195,-102.87500
73.246,-103.12500
73.297,-103.25000
73.347,-103.00000
73.398,-102.87500
73.449,-103.25000
73.499,-103.25000
73.550,-102.87500
73.601,-102.87500
73.651,-102.87500
73.702,-102.87500
73.753,-103.25000
73.804,-102.87500
73.854,-103.00000
73.905,-103.37500
73.956,-103.37500
74.007,-103.00000
74.057,-103.12500
74.108,-103.12500
74.159,-103.12500
74.209,-103.37500
74.260,-103.37500
74.311,-103.00000
74.362,-103.00000
74.412,-103.37500
74.463,-103.12500
74.514,-103.12500
74.565,-103.37500
74.615,-103.25000
74.666,-103.37500
74.717,-103.37500
74.767,-103.12500
74.818,-103.25000
74.869,-103.62500
74.920,-103.50000
74.970,-103.25000
75.021,-103.25000
75.072,-103.62500
75.123,-103.50000
75.173,-103.50000
75.224,-103.37500
75.275,-103.37500
75.326,-103.62500
75.376,-103.75000
75.427,-103.37500
75.478,-103.37500
75.528,-103.75000
75.579,-103.62500
75.630,-103.50000
75.681,-103.50000
75.731,-103.50000
75.782,-103.75000
75.833,-103.75000
75.884,-103.50000
75.934,-103.50000
75.985,-103.87500
76.036,-103.87500
76.087,-103.62500
76.137,-103.62500
76.188,-103.62500
76.239,-103.62500
76.289,-103.87500
76.340,-103.62500
76.391,-103.62500
76.442,-104.00000
76.492,-104.00000
76.543,-103.75000
76.594,-103.75000
76.644,-103.87500
76.695,-103.87500
76.746,-103.87500
76.796,-103.87500
76.847,-103.75000
76.898,-103.75000
76.948,-104.12500
76.999,-103.87500
77.050,-103.75000
77.101,-104.00000
77.151,-104.12500
77.202,-104.00000
77.253,-104.00000
77.303,-103.75000
77.354,-103.87500
77.405,-104.12500
77.455,-104.25000
77.506,-103.75000
77.557,-104.12500
77.608,-104.25000
77.659,-104.00000
77.709,-104.12500
77.760,-104.00000
77.811,-104.12500
77.862,-104.25000
77.912,-104.25000
77.963,-103.87500
78.014,-103.87500
78.064,-104.25000
78.115,-104.37500
78.166,-104.12500
78.217,-104.12500
78.267,-104.12500
78.318,-104.37500
78.369,-104.25000
78.419,-104.00000
78.470,-104.12500
78.521,-104.37500
78.571,-104.50000
78.622,-104.25000
78.673,-104.12500
78.723,-104.37500
78.774,-104.37500
78.825,-104.37500
78.875,-104.25000
78.926,-104.25000
78.977,-104.62500
79.028,-104.62500
79.078,-104.25000
79.129,-104.25000
79.180,-104.37500
79.231,-104.50000
79.282,-104.37500
79.332,-104.50000
79.383,-104.25000
79.434,-104.75000
79.484,-104.62500
79.535,-104.25000
79.586,-104.37500
79.637,-104.50000
79.687,-104.62500
79.738,-104.37500
79.789,-104.50000
79.840,-104.37500
79.890,-104.37500
79.941,-104.75000
79.992,-104.37500
80.042,-104.37500
80.093,-104.87500
80.144,-104.75000
80.195,-104.50000
80.245,-104.50000
80.296,-104.62500
80.347,-104.62500
80.397,-104.87500
80.448,-104.75000
80.499,-104.37500
80.550,-104.50000
80.600,-104.87500
80.651,-104.62500
80.702,-104.62500
80.752,-104.75000
80.803,-104.75000
80.854,-104.87500
80.905,-105.00000
80.955,-104.62500
81.006,-104.75000
81.057,-105.12500
81.108,-105.00000
81.158,-104.75000
81.209,-104.62500
81.260,-104.75000
81.310,-104.75000
81.361,-105.00000
81.412,-104.75000
81.463,-104.75000
81.513,-105.12500
81.564,-105.12500
81.615,-104.75000
81.666,-104.87500
81.717,-105.00000
81.768,-105.00000
81.819,-105.00000
81.869,-105.00000
81.920,-104.75000
81.971,-104.75000
82.023,-105.12500
82.073,-105.12500
82.124,-104.87500
82.175,-104.87500
82.226,-105.25000
82.276,-105.00000
82.327,-105.00000
82.378,-104.75000
82.428,-105.00000
82.479,-105.25000
82.530,-105.25000
82.580,-104.87500
82.631,-104.87500
82.682,-105.25000
82.733,-105.12500
82.783,-105.00000
82.834,-105.00000
82.885,-105.00000
82.936,-105.25000
82.986,-105.25000
83.037,-104.87500
83.088,-104.87500
83.139,-105.37500
83.189,-105.37500
83.240,-105.00000
83.291,-105.00000
83.341,-105.12500
83.392,-105.25000
83.443,-105.25000
83.494,-105.12500
83.544,-105.00000
83.595,-105.37500
83.646,-105.37500
83.696,-105.12500
83.747,-105.00000
83.798,-105.25000
83.848,-105.25000
83.899,-105.37500
83.950,-105.37500
84.001,-105.25000
84.051,-105.62500
84.102,-105.62500
84.153,-105.25000
84.204,-105.25000
84.254,-105.50000
84.305,-105.50000
84.356,-105.37500
84.406,-105.37500
84.457,-105.25000
84.508,-105.25000
84.559,-105.62500
84.609,-105.62500
84.660,-105.25000
84.711,-105.75000
84.761,-105.75000
84.812,-105.62500
84.863,-105.62500
84.914,-105.62500
84.964,-105.50000
85.015,-105.87500
85.066,-105.87500
85.117,-105.50000
85.167,-105.62500
85.218,-105.87500
85.269,-105.87500
85.320,-105.62500
85.370,-105.62500
85.421,-105.62500
85.472,-105.87500
85.522,-105.87500
85.573,-105.50000
85.624,-105.50000
85.675,-106.00000
85.725,-105.87500
85.776,-105.62500
85.827,-105.62500
85.878,-105.75000
85.928,-105.75000
85.979,-105.87500
86.030,-105.62500
86.081,-105.75000
86.131,-106.00000
86.182,-106.00000
86.233,-105.50000
86.283,-105.62500
86.334,-105.87500
86.385,-106.00000
86.436,-105.75000
86.486,-105.87500
86.537,-105.75000
86.588,-106.00000
86.639,-105.87500
86.689,-105.75000
86.740,-105.75000
86.791,-106.12500
86.841,-106.00000
86.892,-105.87500
86.943,-106.00000
86.994,-105.75000
87.044,-105.87500
87.095,-106.25000
87.146,-106.25000
87.196,-106.00000
87.247,-106.37500
87.298,-106.25000
87.349,-106.00000
87.399,-106.00000
87.450,-106.12500
87.501,-106.00000
87.551,-106.25000
87.602,-106.37500
87.653,-105.87500
87.704,-106.00000
87.754,-106.37500
87.805,-106.37500
87.856,-106.12500
87.907,-106.12500
87.957,-106.12500
88.008,-106.25000
88.059,-106.37500
88.109,-106.00000
88.160,-106.00000
88.211,-106.37500
88.262,-106.37500
88.312,-106.00000
88.363,-106.12500
88.414,-106.25000
88.465,-106.25000
88.515,-106.37500
88.566,-106.25000
88.617,-106.12500
88.667,-106.62500
88.718,-106.50000
88.769,-106.25000
88.819,-106.12500
88.870,-106.37500
88.921,-106.50000
88.972,-106.37500
89.022,-106.37500
89.073,-106.37500
89.124,-106.50000
89.174,-106.62500
89.225,-106.25000
89.276,-106.12500
89.327,-106.62500
89.377,-106.50000
89.428,-106.25000
89.479,-106.37500
89.530,-106.37500
89.580,-106.25000
89.631,-106.62500
89.682,-106.37500
89.732,-106.37500
89.783,-106.75000
89.834,-106.62500
89.885,-106.37500
89.935,-106.37500
89.986,-106.50000
90.037,-106.50000
90.087,-106.75000
90.138,-106.62500
90.189,-106.37500
90.240,-106.37500
90.290,-106.87500
90.341,-106.50000
90.392,-106.50000
90.443,-106.62500
90.493,-106.50000
90.544,-106.87500
90.595,-106.87500
90.645,-106.50000
90.696,-106.50000
90.747,-107.00000
90.797,-107.00000
90.848,-106.62500
90.899,-106.75000
90.951,-107.00000
91.002,-106.87500
91.053,-107.00000
91.104,-106.87500
91.154,-106.75000
91.205,-107.00000
91.256,-107.00000
91.306,-106.62500
91.357,-106.75000
91.408,-107.00000
91.458,-107.00000
91.509,-106.75000
91.560,-106.87500
91.611,-106.75000
91.661,-106.87500
91.712,-107.12500
91.763,-106.75000
91.813,-106.87500
91.864,-107.12500
91.915,-107.25000
91.966,-106.87500
92.016,-106.87500
92.067,-107.00000
92.118,-106.87500
92.168,-107.12500
92.219,-107.12500
92.270,-106.87500
92.321,-106.87500
92.371,-107.37500
92.422,-107.12500
92.473,-107.00000
92.523,-107.00000
92.574,-107.12500
92.625,-107.25000
92.675,-107.12500
92.726,-106.87500
92.777,-106.87500
92.827,-107.25000
92.878,-107.50000
92.929,-106.87500
92.980,-107.12500
93.030,-107.12500
93.081,-107.25000
93.132,-107.25000
93.182,-106.87500
93.233,-107.00000
93.284,-107.25000
93.335,-107.37500
93.386,-107.00000
93.436,-107.12500
93.487,-107.37500
93.538,-107.25000
93.588,-107.25000
93.639,-107.12500
93.690,-107.25000
93.740,-107.37500
93.791,-107.37500
93.842,-107.12500
93.893,-107.12500
93.943,-107.62500
93.994,-107.50000
94.045,-107.25000
94.095,-107.37500
94.146,-107.37500
94.197,-107.62500
94.247,-107.62500
94.298,-107.37500
94.349,-107.25000
94.399,-107.62500
94.450,-107.50000
94.501,-107.37500
94.552,-107.50000
94.602,-107.50000
94.653,-107.50000
94.704,-107.62500
94.754,-107.12500
94.805,-107.37500
94.856,-107.75000
94.907,-107.75000
94.957,-107.37500
95.008,-107.50000
95.059,-107.50000
95.111,-107.50000
95.162,-107.62500
95.213,-107.75000
95.264,-107.37500
95.314,-107.37500
95.365,-107.75000
95.416,-107.87500
95.467,-107.50000
95.517,-107.50000
95.568,-107.75000
95.619,-107.62500
95.669,-107.50000
95.720,-107.50000
95.771,-107.37500
95.821,-107.87500
95.872,-107.87500
95.923,-107.50000
95.973,-107.62500
96.024,-108.00000
96.075,-107.75000
96.126,-107.75000
96.176,-107.87500
96.227,-107.75000
96.278,-108.00000
96.328,-108.00000
96.379,-107.50000
96.430,-107.50000
96.481,-107.87500
96.531,-107.87500
96.582,-107.75000
96.633,-107.75000
96.683,-107.62500
96.734,-107.75000
96.785,-108.00000
96.836,-107.75000
96.886,-107.87500
96.937,-108.12500
96.987,-108.12500
97.038,-107.87500
97.089,-107.87500
97.140,-107.87500
97.190,-108.00000
97.241,-108.12500
97.292,-108.12500
97.342,-107.75000
97.393,-108.12500
97.444,-108.12500
97.494,-107.87500
97.545,-107.87500
97.596,-108.00000
97.646,-108.12500
97.697,-108.12500
97.748,-108.12500
97.799,-107.87500
97.849,-107.75000
97.901,-108.25000
97.951,-108.37500
98.002,-108.00000
98.053,-108.00000
98.104,-108.25000
98.154,-108.12500
98.205,-108.25000
98.256,-108.00000
98.306,-108.00000
98.357,-108.37500
98.408,-108.25000
98.459,-108.00000
98.509,-108.00000
98.560,-108.50000
98.611,-108.25000
98.661,-108.25000
98.712,-108.12500
98.763,-108.25000
98.814,-108.50000
98.864,-108.37500
98.915,-108.12500
98.966,-108.25000
99.016,-108.37500
99.067,-108.50000
99.118,-108.25000
99.169,-108.25000
99.219,-108.25000
99.270,-108.37500
99.321,-108.50000
99.371,-108.25000
99.422,-108.12500
99.473,-108.50000
99.523,-108.62500
99.574,-108.25000
99.625,-108.25000
99.675,-108.37500
99.726,-108.37500
99.777,-108.50000
99.828,-108.50000
99.878,-108.25000
99.929,-108.62500
99.980,-108.62500
