time(s),mvs
0.000,-144.75000
0.051,-144.75000
0.101,-144.62500
0.152,-144.75000
0.203,-144.62500
0.253,-144.75000
0.304,-144.50000
0.354,-144.50000
0.405,-144.37500
0.456,-144.75000
0.506,-144.50000
0.557,-144.87500
0.608,-144.62500
0.658,-145.00000
0.709,-144.87500
0.759,-144.87500
0.810,-144.50000
0.861,-144.75000
0.911,-144.50000
0.962,-144.62500
1.013,-144.50000
1.063,-144.50000
1.114,-144.62500
1.165,-144.50000
1.215,-144.87500
1.266,-144.62500
1.316,-145.12500
1.367,-145.00000
1.418,-145.00000
1.468,-144.75000
1.519,-144.87500
1.570,-144.75000
1.620,-145.12500
1.671,-144.62500
1.721,-144.75000
1.772,-144.62500
1.823,-145.00000
1.873,-144.87500
1.924,-145.00000
1.975,-144.75000
2.025,-144.87500
2.076,-144.87500
2.126,-145.00000
2.177,-145.00000
2.228,-144.75000
2.278,-144.62500
2.329,-144.75000
2.380,-144.62500
2.430,-144.62500
2.481,-144.75000
2.531,-144.62500
2.582,-144.87500
2.633,-144.62500
2.683,-145.00000
2.734,-144.87500
2.785,-145.00000
2.835,-144.87500
2.886,-144.87500
2.936,-144.62500
2.987,-144.75000
3.038,-144.62500
3.088,-144.75000
3.139,-144.75000
3.190,-144.62500
3.240,-144.62500
3.291,-145.00000
3.342,-144.75000
3.392,-145.00000
3.443,-145.12500
3.493,-145.00000
3.544,-145.12500
3.595,-144.87500
3.645,-145.12500
3.696,-144.75000
3.747,-144.87500
3.797,-144.75000
3.848,-144.87500
3.898,-144.75000
3.949,-145.12500
4.000,-144.75000
4.050,-145.25000
4.101,-145.00000
4.152,-145.12500
4.202,-144.87500
4.253,-145.00000
4.303,-144.62500
4.354,-144.75000
4.405,-144.75000
4.455,-144.75000
4.506,-144.87500
4.557,-144.75000
4.607,-144.87500
4.658,-145.00000
4.709,-145.00000
4.759,-145.12500
4.810,-145.12500
4.861,-144.87500
4.911,-145.00000
4.962,-144.75000
5.013,-145.12500
5.063,-144.75000
5.114,-144.87500
5.164,-144.75000
5.215,-145.00000
5.266,-144.87500
5.316,-145.12500
5.367,-144.87500
5.418,-145.00000
5.468,-145.00000
5.519,-145.12500
5.570,-145.12500
5.620,-145.00000
5.671,-144.75000
5.722,-144.75000
5.772,-144.62500
5.823,-144.62500
5.873,-144.75000
5.924,-144.62500
5.975,-144.87500
6.025,-144.62500
6.076,-145.00000
6.127,-145.00000
6.177,-145.00000
6.228,-144.62500
6.279,-144.87500
6.329,-144.62500
6.380,-144.87500
6.430,-144.62500
6.481,-144.75000
6.532,-144.75000
6.582,-144.62500
6.633,-144.75000
6.684,-145.12500
6.734,-144.87500
6.785,-145.12500
6.836,-145.12500
6.886,-145.00000
6.937,-145.12500
6.988,-144.87500
7.038,-145.00000
7.089,-144.75000
7.140,-144.62500
7.190,-144.62500
7.241,-144.75000
7.291,-144.50000
7.342,-144.87500
7.393,-144.87500
7.443,-145.00000
7.494,-144.87500
7.545,-145.00000
7.595,-145.00000
7.646,-145.00000
7.697,-144.75000
7.747,-145.00000
7.798,-144.62500
7.849,-144.87500
7.899,-144.87500
7.950,-144.87500
8.000,-145.00000
8.051,-144.87500
8.102,-145.12500
8.152,-145.25000
8.203,-145.12500
8.254,-145.12500
8.304,-145.12500
8.355,-145.00000
8.406,-145.12500
8.456,-144.87500
8.507,-144.75000
8.558,-143.25000
8.608,-143.00000
8.659,-142.00000
8.709,-135.75000
8.760,-121.00000
8.811,-104.75000
8.861,-82.37500
8.912,-66.62500
8.963,-54.87500
9.013,-45.87500
9.064,-36.12500
9.115,-26.87500
9.165,-18.50000
9.216,-9.87500
9.267,-4.00000
9.317,2.00000
9.368,6.50000
9.418,11.25000
9.469,14.50000
9.520,19.25000
9.570,22.75000
9.621,25.75000
9.672,28.50000
9.722,31.37500
9.773,34.25000
9.824,37.75000
9.874,41.75000
9.925,45.87500
9.976,50.25000
10.026,54.62500
10.077,59.25000
10.128,63.62500
10.178,67.37500
10.229,72.37500
10.279,75.75000
10.330,80.00000
10.381,83.62500
10.431,87.12500
10.482,90.00000
10.533,92.75000
10.583,95.25000
10.634,97.37500
10.685,99.62500
10.735,101.25000
10.786,103.25000
10.837,104.50000
10.887,106.37500
10.938,107.37500
10.989,108.87500
11.039,109.75000
11.090,111.00000
11.140,111.87500
11.191,113.25000
11.242,114.00000
11.292,114.87500
11.343,115.62500
11.394,116.62500
11.444,117.37500
11.495,118.00000
11.546,118.75000
11.596,119.00000
11.647,119.50000
11.698,120.00000
11.748,120.50000
11.799,120.87500
11.849,121.62500
11.900,121.75000
11.951,122.37500
12.001,122.50000
12.052,123.00000
12.103,123.00000
12.153,123.37500
12.204,123.12500
12.255,123.62500
12.305,123.37500
12.356,123.62500
12.407,123.62500
12.457,123.62500
12.508,123.87500
12.559,123.87500
12.609,124.00000
12.660,124.25000
12.710,124.12500
12.761,124.25000
12.812,124.12500
12.862,124.00000
12.913,124.00000
12.964,123.75000
13.014,123.62500
13.065,123.37500
13.116,123.50000
13.166,123.12500
13.217,123.37500
13.268,123.00000
13.318,123.25000
13.369,123.00000
13.419,123.00000
13.470,122.75000
13.521,122.62500
13.571,122.12500
13.622,122.12500
13.673,121.62500
13.723,121.62500
13.774,121.37500
13.825,121.12500
13.875,121.00000
13.926,120.62500
13.977,120.75000
14.027,120.25000
14.078,120.37500
14.128,120.25000
14.179,119.75000
14.230,119.50000
14.280,119.50000
14.331,119.00000
14.382,118.87500
14.432,118.37500
14.483,118.25000
14.534,117.75000
14.584,117.75000
14.635,117.37500
14.685,117.37500
14.736,117.00000
14.787,117.00000
14.837,116.50000
14.888,116.25000
14.939,116.00000
14.989,115.50000
15.040,115.37500
15.091,114.75000
15.141,114.50000
15.192,114.00000
15.243,113.87500
15.293,113.37500
15.344,113.50000
15.395,112.87500
15.445,112.87500
15.496,112.37500
15.547,112.25000
15.597,111.75000
15.648,111.50000
15.699,110.87500
15.749,110.75000
15.800,110.12500
15.851,109.87500
15.901,109.37500
15.952,109.00000
16.003,108.87500
16.053,108.25000
16.104,108.12500
16.155,108.00000
16.205,107.62500
16.256,107.25000
16.307,106.87500
16.357,106.50000
16.408,106.12500
16.459,105.50000
16.509,105.37500
16.560,104.62500
16.611,104.37500
16.661,103.87500
16.712,103.75000
16.763,103.12500
16.813,103.12500
16.864,102.50000
16.915,102.37500
16.965,101.87500
17.016,101.62500
17.067,101.12500
17.117,100.50000
17.168,99.87500
17.219,99.50000
17.269,99.12500
17.320,98.75000
17.371,98.50000
17.421,97.87500
17.472,97.87500
17.523,97.12500
17.573,97.12500
17.624,96.50000
17.675,96.37500
17.725,95.62500
17.776,95.50000
17.827,94.62500
17.877,94.50000
17.928,93.87500
17.979,93.50000
18.029,93.12500
18.080,92.62500
18.131,92.37500
18.181,91.87500
18.232,91.62500
18.283,91.50000
18.333,91.00000
18.384,90.50000
18.435,90.25000
18.485,89.62500
18.536,89.25000
18.587,88.62500
18.637,88.37500
18.688,87.62500
18.739,87.50000
18.789,87.00000
18.840,86.75000
18.891,86.25000
18.941,86.00000
18.992,85.50000
19.043,85.37500
19.093,84.75000
19.144,84.50000
19.195,84.00000
19.245,83.50000
19.296,82.87500
19.347,82.62500
19.397,82.25000
19.448,81.62500
19.499,81.50000
19.549,80.87500
19.600,80.75000
19.651,80.12500
19.701,80.12500
19.752,79.50000
19.803,79.37500
19.853,78.62500
19.904,78.50000
19.955,77.75000
20.005,77.75000
20.056,77.12500
20.107,76.75000
20.157,76.37500
20.208,75.87500
20.259,75.75000
20.309,75.12500
20.360,75.00000
20.411,74.87500
20.461,74.37500
20.512,74.00000
20.563,73.62500
20.613,73.12500
20.664,72.87500
20.715,72.25000
20.765,72.00000
20.816,71.37500
20.867,71.37500
20.917,70.75000
20.968,70.75000
21.019,70.12500
21.069,70.12500
21.120,69.50000
21.171,69.37500
21.222,69.00000
21.272,68.62500
21.323,68.25000
21.374,67.62500
21.424,67.25000
21.475,67.00000
21.526,66.50000
21.576,66.12500
21.627,66.00000
21.678,65.50000
21.728,65.37500
21.779,64.75000
21.830,64.75000
21.880,64.25000
21.931,64.25000
21.982,63.62500
22.032,63.50000
22.083,62.87500
22.134,62.62500
22.184,62.12500
22.235,62.00000
22.286,61.50000
22.336,61.12500
22.387,60.87500
22.438,60.37500
22.488,60.37500
22.539,60.12500
22.590,59.87500
22.640,59.37500
22.691,59.12500
22.742,58.75000
22.793,58.37500
22.843,57.87500
22.894,57.75000
22.945,57.25000
22.995,56.87500
23.046,56.50000
23.097,56.50000
23.147,56.00000
23.198,56.12500
23.249,55.62500
23.299,55.37500
23.350,55.00000
23.401,54.62500
23.451,54.37500
23.502,53.87500
23.553,53.37500
23.603,53.25000
23.654,52.87500
23.705,52.50000
23.755,52.37500
23.806,52.00000
23.857,51.87500
23.907,51.37500
23.958,51.37500
24.009,50.87500
24.059,50.75000
24.110,50.25000
24.161,50.00000
24.211,49.50000
24.262,49.25000
24.313,48.87500
24.363,48.62500
24.414,48.50000
24.465,48.12500
24.515,47.87500
24.566,47.50000
24.617,47.50000
24.667,47.25000
24.718,46.87500
24.769,46.62500
24.819,46.37500
24.870,45.87500
24.921,45.75000
24.972,45.12500
25.022,45.00000
25.073,44.50000
25.124,44.37500
25.174,44.12500
25.225,44.12500
25.276,43.50000
25.326,43.50000
25.377,43.12500
25.428,43.00000
25.478,42.75000
25.529,42.37500
25.580,42.12500
25.630,41.50000
25.681,41.37500
25.732,40.87500
25.782,40.75000
25.833,40.37500
25.884,40.25000
25.934,39.87500
25.985,40.00000
26.036,39.50000
26.086,39.37500
26.137,39.00000
26.188,38.75000
26.238,38.25000
26.289,38.25000
26.340,37.62500
26.390,37.50000
26.441,37.12500
26.492,36.87500
26.542,36.62500
26.593,36.25000
26.644,36.25000
26.694,35.87500
26.745,35.87500
26.796,35.75000
26.846,35.37500
26.897,35.00000
26.948,34.87500
26.998,34.37500
27.049,34.37500
27.100,33.87500
27.150,33.75000
27.201,33.25000
27.252,33.00000
27.302,32.75000
27.353,32.87500
27.404,32.37500
27.454,32.25000
27.505,32.00000
27.556,31.75000
27.606,31.62500
27.657,31.25000
27.708,31.00000
27.758,30.50000
27.809,30.25000
27.860,30.00000
27.910,29.75000
27.961,29.37500
28.012,29.37500
28.062,29.00000
28.113,29.12500
28.164,28.62500
28.214,28.62500
28.265,28.12500
28.316,28.00000
28.366,27.62500
28.417,27.62500
28.468,27.00000
28.518,27.00000
28.569,26.62500
28.620,26.25000
28.670,26.12500
28.721,25.87500
28.772,25.75000
28.822,25.25000
28.873,25.50000
28.924,25.25000
28.974,25.00000
29.025,24.50000
29.076,24.50000
29.126,24.12500
29.177,24.00000
29.228,23.50000
29.278,23.37500
29.329,23.00000
29.380,23.12500
29.430,22.62500
29.481,22.75000
29.532,22.25000
29.582,22.37500
29.633,21.87500
29.684,21.75000
29.734,21.50000
29.785,21.12500
29.836,21.12500
29.886,20.62500
29.937,20.25000
29.988,20.12500
30.038,20.00000
30.089,19.62500
30.140,19.62500
30.190,19.12500
30.241,19.25000
30.292,18.75000
30.342,18.87500
30.393,18.37500
30.444,18.37500
30.494,17.87500
30.545,17.87500
30.596,17.25000
30.646,17.25000
30.697,17.00000
30.748,16.62500
30.798,16.50000
30.849,16.12500
30.899,16.12500
30.950,16.25000
31.001,15.87500
31.052,15.87500
31.102,15.50000
31.153,15.12500
31.203,15.00000
31.254,14.50000
31.305,14.62500
31.355,14.12500
31.406,14.12500
31.457,13.87500
31.507,13.87500
31.558,13.50000
31.609,13.37500
31.659,13.00000
31.710,13.00000
31.761,12.62500
31.811,12.50000
31.862,12.25000
31.913,12.00000
31.963,11.37500
32.014,11.50000
32.065,11.12500
32.115,10.87500
32.166,10.87500
32.216,10.50000
32.267,10.62500
32.318,10.12500
32.368,10.25000
32.419,9.87500
32.470,9.87500
32.520,9.37500
32.571,9.37500
32.622,8.87500
32.672,8.87500
32.723,8.50000
32.774,8.37500
32.824,8.12500
32.875,7.87500
32.926,7.87500
32.977,7.37500
33.027,7.50000
33.078,7.50000
33.129,7.12500
33.179,7.12500
33.230,6.87500
33.281,6.50000
33.332,6.37500
33.382,5.87500
33.433,5.87500
33.484,5.37500
33.534,5.25000
33.585,5.00000
33.636,5.12500
33.687,4.62500
33.737,4.75000
33.788,4.50000
33.839,4.37500
33.889,4.12500
33.940,4.00000
33.991,3.87500
34.042,3.50000
34.092,3.50000
34.143,3.00000
34.194,2.87500
34.244,2.50000
34.295,2.50000
34.346,2.12500
34.397,2.12500
34.447,1.75000
34.498,1.87500
34.549,1.62500
34.599,1.62500
34.650,1.37500
34.701,1.25000
34.752,1.00000
34.802,0.87500
34.853,0.37500
34.904,0.25000
34.955,0.00000
35.005,-0.25000
35.056,-0.37500
35.107,-0.62500
35.157,-0.50000
35.208,-0.87500
35.259,-0.75000
35.310,-1.12500
35.360,-1.12500
35.411,-1.62500
35.462,-1.62500
35.512,-2.12500
35.563,-2.00000
35.614,-2.50000
35.665,-2.50000
35.715,-2.87500
35.766,-3.00000
35.817,-3.12500
35.867,-3.50000
35.918,-3.37500
35.969,-3.62500
36.020,-3.50000
36.070,-3.75000
36.121,-3.87500
36.172,-4.25000
36.222,-4.25000
36.273,-4.75000
36.324,-4.75000
36.375,-5.12500
36.425,-5.25000
36.476,-5.50000
36.527,-5.75000
36.577,-5.75000
36.628,-5.62500
36.679,-6.12500
36.730,-6.00000
36.780,-6.37500
36.831,-6.37500
36.882,-6.62500
36.932,-7.00000
36.983,-7.00000
37.034,-7.50000
37.085,-7.37500
37.135,-7.87500
37.186,-7.87500
37.237,-8.12500
37.287,-8.12500
37.338,-8.37500
37.389,-8.37500
37.440,-8.75000
37.490,-8.62500
37.541,-9.00000
37.592,-9.12500
37.642,-9.25000
37.693,-9.62500
37.744,-9.62500
37.795,-10.00000
37.845,-10.12500
37.896,-10.37500
37.947,-10.50000
37.997,-10.75000
38.048,-10.75000
38.099,-11.12500
38.150,-11.00000
38.200,-11.25000
38.251,-11.12500
38.302,-11.25000
38.352,-11.50000
38.403,-11.62500
38.454,-11.87500
38.505,-12.37500
38.555,-12.50000
38.606,-12.50000
38.657,-12.75000
38.707,-12.87500
38.758,-13.12500
38.809,-13.00000
38.860,-13.62500
38.910,-13.25000
38.961,-13.75000
39.012,-13.62500
39.062,-14.00000
39.113,-14.00000
39.164,-14.50000
39.215,-14.50000
39.265,-15.00000
39.316,-14.87500
39.367,-15.25000
39.417,-15.37500
39.468,-15.50000
39.519,-15.75000
39.570,-15.62500
39.620,-16.00000
39.671,-15.87500
39.722,-16.00000
39.772,-16.00000
39.823,-16.37500
39.874,-16.50000
39.925,-16.87500
39.975,-16.87500
40.026,-17.25000
40.077,-17.25000
40.127,-17.62500
40.178,-17.87500
40.229,-17.87500
40.280,-17.75000
40.330,-18.12500
40.381,-18.00000
40.432,-18.25000
40.482,-18.37500
40.533,-18.62500
40.584,-18.87500
40.635,-18.87500
40.685,-19.37500
40.736,-19.37500
40.787,-19.62500
40.837,-19.62500
40.888,-20.00000
40.939,-19.87500
40.990,-20.25000
41.040,-20.12500
41.091,-20.50000
41.142,-20.37500
41.192,-20.62500
41.243,-20.62500
41.294,-20.87500
41.345,-21.12500
41.395,-21.25000
41.446,-21.62500
41.497,-21.75000
41.547,-21.87500
41.598,-21.87500
41.649,-22.25000
41.700,-22.12500
41.750,-22.62500
41.801,-22.37500
41.852,-22.62500
41.902,-22.62500
41.953,-22.87500
42.004,-23.00000
42.055,-23.50000
42.105,-23.25000
42.156,-23.75000
42.207,-23.75000
42.258,-24.12500
42.308,-24.12500
42.359,-24.25000
42.410,-24.50000
42.460,-24.37500
42.511,-24.75000
42.562,-24.62500
42.613,-24.87500
42.663,-24.75000
42.714,-25.12500
42.765,-25.00000
42.815,-25.50000
42.866,-25.50000
42.917,-25.87500
42.968,-25.75000
43.018,-26.12500
43.069,-26.37500
43.120,-26.50000
43.170,-26.62500
43.221,-26.62500
43.272,-26.50000
43.323,-26.75000
43.373,-26.75000
43.424,-27.00000
43.474,-27.25000
43.525,-27.12500
43.576,-27.62500
43.626,-27.62500
43.677,-28.12500
43.728,-28.00000
43.778,-28.37500
43.829,-28.25000
43.880,-28.50000
43.930,-28.37500
43.981,-28.75000
44.031,-28.62500
44.082,-28.87500
44.133,-28.87500
44.183,-29.00000
44.234,-29.12500
44.285,-29.62500
44.335,-29.75000
44.386,-30.12500
44.437,-30.12500
44.487,-30.12500
44.538,-30.37500
44.588,-30.25000
44.639,-30.62500
44.690,-30.37500
44.740,-30.50000
44.791,-30.62500
44.842,-31.00000
44.892,-30.87500
44.943,-31.37500
44.993,-31.25000
45.044,-31.75000
45.095,-31.75000
45.145,-31.87500
45.196,-32.12500
45.247,-32.12500
45.297,-32.12500
45.348,-32.37500
45.399,-32.37500
45.449,-32.62500
45.500,-32.75000
45.550,-32.62500
45.601,-33.00000
45.652,-32.87500
45.702,-33.37500
45.753,-33.62500
45.804,-33.62500
45.854,-33.75000
45.905,-33.87500
45.956,-33.75000
46.006,-34.12500
46.057,-34.00000
46.107,-34.25000
46.158,-34.25000
46.209,-34.62500
46.259,-34.50000
46.310,-34.87500
46.361,-34.87500
46.411,-35.25000
46.462,-35.25000
46.513,-35.50000
46.563,-35.62500
46.614,-35.75000
46.664,-35.50000
46.715,-35.87500
46.766,-35.75000
46.816,-36.00000
46.867,-36.00000
46.918,-36.25000
46.968,-36.50000
47.019,-36.37500
47.069,-36.75000
47.120,-36.87500
47.171,-37.12500
47.221,-37.00000
47.272,-37.37500
47.323,-37.25000
47.373,-37.62500
47.424,-37.50000
47.474,-37.75000
47.525,-37.75000
47.576,-37.87500
47.626,-37.87500
47.677,-38.37500
47.728,-38.37500
47.778,-38.75000
47.829,-38.87500
47.880,-38.87500
47.930,-39.12500
47.981,-39.12500
48.031,-39.25000
48.082,-39.25000
48.133,-39.25000
48.183,-39.37500
48.234,-39.50000
48.285,-39.62500
48.335,-39.87500
48.386,-39.87500
48.436,-40.37500
48.487,-40.25000
48.538,-40.62500
48.588,-40.50000
48.639,-40.75000
48.690,-40.62500
48.740,-40.87500
48.791,-40.75000
48.842,-41.25000
48.892,-41.00000
48.943,-41.25000
48.994,-41.25000
49.044,-41.37500
49.095,-41.75000
49.145,-41.87500
49.196,-42.12500
49.247,-42.12500
49.297,-42.37500
49.348,-42.25000
49.399,-42.50000
49.449,-42.50000
49.500,-42.75000
49.551,-42.62500
49.601,-43.00000
49.652,-42.87500
49.703,-43.25000
49.753,-43.12500
49.804,-43.62500
49.855,-43.62500
49.905,-43.87500
49.956,-43.87500
50.007,-44.00000
50.057,-44.25000
50.108,-44.25000
50.159,-44.00000
50.209,-44.25000
50.260,-44.25000
50.311,-44.50000
50.361,-44.62500
50.412,-44.75000
50.463,-45.00000
50.513,-44.87500
50.564,-45.37500
50.615,-45.37500
50.665,-45.50000
50.716,-45.50000
50.767,-45.75000
50.817,-45.62500
50.868,-45.87500
50.918,-45.75000
50.969,-46.00000
51.020,-46.12500
51.070,-46.12500
51.121,-46.37500
51.172,-46.75000
51.222,-46.62500
51.273,-47.00000
51.324,-47.00000
51.374,-47.12500
51.425,-47.37500
51.476,-47.12500
51.526,-47.50000
51.577,-47.37500
51.628,-47.62500
51.678,-47.37500
51.729,-47.62500
51.780,-47.62500
51.830,-48.00000
51.881,-47.87500
51.932,-48.37500
51.982,-48.37500
52.033,-48.75000
52.084,-48.62500
52.134,-48.75000
52.185,-48.75000
52.236,-49.00000
52.286,-48.75000
52.337,-49.12500
52.388,-49.12500
52.438,-49.12500
52.489,-49.37500
52.540,-49.37500
52.590,-49.75000
52.641,-49.62500
52.692,-50.00000
52.742,-50.12500
52.793,-50.25000
52.844,-50.12500
52.894,-50.50000
52.945,-50.25000
52.996,-50.62500
53.046,-50.50000
53.097,-50.75000
53.148,-50.75000
53.198,-51.12500
53.249,-50.87500
53.300,-51.37500
53.350,-51.25000
53.401,-51.62500
53.451,-51.62500
53.502,-51.75000
53.553,-51.87500
53.603,-51.75000
53.654,-52.12500
53.705,-52.00000
53.755,-52.00000
53.806,-52.12500
53.857,-52.25000
53.907,-52.25000
53.958,-52.50000
54.009,-52.37500
54.059,-52.75000
54.110,-52.75000
54.161,-53.25000
54.211,-53.12500
54.262,-53.37500
54.313,-53.25000
54.363,-53.50000
54.414,-53.25000
54.465,-53.62500
54.515,-53.62500
54.566,-53.62500
54.616,-53.75000
54.667,-53.87500
54.718,-54.12500
54.768,-54.50000
54.819,-54.62500
54.870,-54.50000
54.920,-54.62500
54.971,-54.62500
55.022,-54.87500
55.072,-54.75000
55.123,-55.00000
55.174,-54.87500
55.224,-55.12500
55.275,-55.00000
55.326,-55.50000
55.376,-55.37500
55.427,-55.75000
55.478,-55.75000
55.528,-56.00000
55.579,-56.00000
55.630,-56.12500
55.680,-56.37500
55.731,-56.25000
55.782,-56.00000
55.832,-56.37500
55.883,-56.37500
55.934,-56.50000
55.984,-56.75000
56.035,-56.75000
56.086,-57.00000
56.136,-56.87500
56.187,-57.25000
56.238,-57.25000
56.288,-57.62500
56.339,-57.50000
56.390,-57.62500
56.440,-57.37500
56.491,-57.87500
56.541,-57.62500
56.592,-58.00000
56.643,-57.87500
56.693,-58.00000
56.744,-57.87500
56.795,-58.25000
56.845,-58.25000
56.896,-58.50000
56.947,-58.50000
56.997,-58.62500
57.048,-58.75000
57.099,-58.75000
57.149,-58.87500
57.200,-58.87500
57.251,-59.12500
57.301,-58.87500
57.352,-59.12500
57.403,-59.00000
57.453,-59.62500
57.504,-59.37500
57.555,-59.87500
57.605,-59.62500
57.656,-59.87500
57.706,-60.00000
57.757,-60.12500
57.808,-59.87500
57.858,-60.12500
57.909,-60.00000
57.960,-60.25000
58.010,-60.25000
58.061,-60.50000
58.112,-60.62500
58.162,-60.62500
58.213,-61.00000
58.264,-60.75000
58.314,-61.25000
58.365,-61.25000
58.416,-61.37500
58.466,-61.37500
58.517,-61.62500
58.568,-61.37500
58.618,-61.75000
58.669,-61.50000
58.720,-61.62500
58.770,-61.75000
58.821,-62.12500
58.872,-62.00000
58.922,-62.37500
58.973,-62.37500
59.024,-62.50000
59.074,-62.62500
59.125,-62.75000
59.176,-62.87500
59.226,-62.62500
59.277,-63.00000
59.327,-62.75000
59.378,-62.87500
59.429,-63.00000
59.479,-63.12500
59.530,-63.00000
59.581,-63.25000
59.631,-63.25000
59.682,-63.75000
59.733,-63.62500
59.783,-63.87500
59.834,-63.87500
59.885,-64.00000
59.935,-63.75000
59.986,-64.12500
60.037,-64.00000
60.087,-64.12500
60.138,-64.25000
60.189,-64.37500
60.239,-64.37500
60.290,-64.37500
60.341,-64.75000
60.391,-64.87500
60.442,-65.00000
60.493,-65.00000
60.543,-65.25000
60.594,-65.25000
60.645,-65.25000
60.695,-65.25000
60.746,-65.50000
60.797,-65.25000
60.847,-65.50000
60.898,-65.37500
60.949,-65.75000
60.999,-65.75000
61.050,-66.00000
61.101,-65.87500
61.151,-66.25000
61.202,-66.25000
61.253,-66.37500
61.303,-66.50000
61.354,-66.50000
61.405,-66.37500
61.455,-66.62500
61.506,-66.50000
61.557,-66.62500
61.607,-66.75000
61.658,-66.62500
61.709,-67.00000
61.759,-66.87500
61.810,-67.25000
61.861,-67.25000
61.911,-67.50000
61.962,-67.50000
62.013,-67.75000
62.063,-67.50000
62.114,-67.87500
62.165,-67.62500
62.215,-67.87500
62.266,-67.87500
62.317,-67.87500
62.367,-68.00000
62.418,-68.12500
62.469,-68.37500
62.519,-68.62500
62.570,-68.50000
62.621,-68.75000
62.671,-68.87500
62.722,-68.87500
62.773,-69.00000
62.823,-68.87500
62.874,-69.12500
62.924,-68.87500
62.975,-69.25000
63.026,-69.12500
63.076,-69.62500
63.127,-69.50000
63.178,-69.87500
63.228,-69.62500
63.279,-69.87500
63.330,-69.87500
63.380,-69.87500
63.431,-70.12500
63.482,-70.00000
63.532,-69.87500
63.583,-70.12500
63.634,-70.12500
63.684,-70.12500
63.735,-70.12500
63.786,-70.25000
63.836,-70.62500
63.887,-70.50000
63.938,-71.00000
63.988,-71.00000
64.039,-71.25000
64.090,-71.12500
64.140,-71.25000
64.191,-71.12500
64.242,-71.37500
64.292,-71.12500
64.343,-71.37500
64.394,-71.37500
64.444,-71.50000
64.495,-71.62500
64.546,-72.00000
64.596,-71.87500
64.647,-72.12500
64.697,-72.12500
64.748,-72.25000
64.799,-72.37500
64.849,-72.12500
64.900,-72.37500
64.951,-72.37500
65.001,-72.50000
65.052,-72.37500
65.103,-72.50000
65.153,-72.50000
65.204,-72.87500
65.255,-72.75000
65.305,-73.12500
65.356,-73.00000
65.407,-73.25000
65.457,-73.37500
65.508,-73.37500
65.559,-73.25000
65.609,-73.50000
65.660,-73.37500
65.711,-73.62500
65.761,-73.50000
65.812,-73.62500
65.863,-73.62500
65.913,-73.75000
65.964,-74.00000
66.014,-73.87500
66.065,-74.25000
66.116,-74.37500
66.166,-74.50000
66.217,-74.25000
66.268,-74.50000
66.318,-74.12500
66.369,-74.62500
66.420,-74.37500
66.470,-74.50000
66.521,-74.50000
66.572,-74.87500
66.622,-74.75000
66.673,-75.12500
66.724,-75.12500
66.774,-75.25000
66.825,-75.25000
66.876,-75.37500
66.926,-75.50000
66.977,-75.50000
67.028,-75.62500
67.078,-75.62500
67.129,-75.37500
67.180,-75.62500
67.230,-75.62500
67.281,-75.62500
67.332,-76.12500
67.382,-76.00000
67.433,-76.25000
67.483,-76.12500
67.534,-76.37500
67.585,-76.37500
67.635,-76.62500
67.686,-76.37500
67.737,-76.75000
67.787,-76.50000
67.838,-76.75000
67.889,-76.75000
67.939,-76.75000
67.990,-76.75000
68.041,-76.75000
68.091,-77.00000
68.142,-77.25000
68.193,-77.25000
68.243,-77.37500
68.294,-77.50000
68.345,-77.37500
68.395,-77.75000
68.446,-77.37500
68.497,-77.75000
68.547,-77.37500
68.598,-77.62500
68.649,-77.62500
68.699,-78.00000
68.750,-77.75000
68.800,-78.12500
68.851,-77.87500
68.902,-78.37500
68.952,-78.12500
69.003,-78.37500
69.054,-78.50000
69.104,-78.62500
69.155,-78.25000
69.206,-78.50000
69.256,-78.50000
69.307,-78.50000
69.358,-78.62500
69.408,-78.75000
69.459,-79.00000
69.510,-79.00000
69.560,-79.25000
69.611,-79.25000
69.662,-79.37500
69.712,-79.25000
69.763,-79.50000
69.814,-79.37500
69.864,-79.62500
69.915,-79.50000
69.966,-79.62500
70.016,-79.50000
70.067,-79.75000
70.118,-79.75000
70.168,-80.12500
70.219,-79.87500
70.270,-80.37500
70.320,-80.12500
70.371,-80.25000
70.422,-80.50000
70.472,-80.25000
70.523,-80.50000
70.574,-80.37500
70.624,-80.62500
70.675,-80.50000
70.726,-80.50000
70.776,-80.50000
70.827,-80.75000
70.878,-80.62500
70.928,-81.12500
70.979,-80.87500
71.030,-81.12500
71.080,-81.12500
71.131,-81.37500
71.182,-81.12500
71.232,-81.37500
71.283,-81.25000
71.334,-81.50000
71.384,-81.37500
71.435,-81.37500
71.486,-81.50000
71.536,-81.50000
71.587,-81.75000
71.638,-81.75000
71.688,-82.12500
71.739,-82.00000
71.790,-82.25000
71.840,-82.00000
71.891,-82.37500
71.942,-82.12500
71.992,-82.62500
72.043,-82.25000
72.094,-82.62500
72.144,-82.50000
72.195,-82.75000
72.246,-82.62500
72.296,-83.00000
72.347,-82.62500
72.397,-83.00000
72.448,-82.87500
72.499,-83.12500
72.549,-83.12500
72.600,-83.12500
72.651,-83.25000
72.701,-83.00000
72.752,-83.12500
72.803,-83.12500
72.853,-83.25000
72.904,-83.25000
72.955,-83.37500
73.005,-83.37500
73.056,-83.75000
73.107,-83.50000
73.157,-83.87500
73.208,-83.87500
73.259,-84.00000
73.309,-83.87500
73.360,-84.12500
73.411,-83.87500
73.461,-84.12500
73.512,-84.00000
73.563,-84.12500
73.613,-84.12500
73.664,-84.12500
73.715,-84.37500
73.765,-84.75000
73.816,-84.50000
73.867,-84.75000
73.917,-84.87500
73.968,-84.75000
74.019,-85.12500
74.069,-84.87500
74.120,-85.12500
74.171,-84.87500
74.221,-85.12500
74.272,-84.87500
74.322,-85.12500
74.373,-85.00000
74.424,-85.37500
74.474,-85.12500
74.525,-85.62500
74.576,-85.50000
74.626,-85.75000
74.677,-85.75000
74.728,-85.87500
74.778,-85.50000
74.829,-85.87500
74.880,-85.75000
74.930,-85.87500
74.981,-85.75000
75.032,-85.87500
75.082,-86.00000
75.133,-86.00000
75.184,-86.25000
75.234,-86.12500
75.285,-86.37500
75.336,-86.37500
75.386,-86.50000
75.437,-86.37500
75.488,-86.62500
75.538,-86.37500
75.589,-86.87500
75.640,-86.50000
75.690,-86.75000
75.741,-86.62500
75.792,-86.75000
75.842,-86.75000
75.893,-87.12500
75.944,-87.00000
75.994,-87.25000
76.045,-87.37500
76.095,-87.25000
76.146,-87.37500
76.197,-87.37500
76.247,-87.50000
76.298,-87.50000
76.349,-87.37500
76.399,-87.50000
76.450,-87.62500
76.501,-87.62500
76.551,-87.87500
76.602,-87.87500
76.652,-88.12500
76.703,-88.00000
76.754,-88.37500
76.804,-88.12500
76.855,-88.37500
76.906,-88.00000
76.956,-88.37500
77.007,-88.12500
77.058,-88.37500
77.108,-88.25000
77.159,-88.50000
77.209,-88.37500
77.260,-88.62500
77.311,-88.75000
77.361,-88.87500
77.412,-88.87500
77.463,-89.00000
77.513,-89.12500
77.564,-89.00000
77.614,-89.12500
77.665,-88.87500
77.716,-89.25000
77.766,-88.87500
77.817,-89.12500
77.868,-89.00000
77.918,-89.37500
77.969,-89.12500
78.020,-89.62500
78.070,-89.37500
78.121,-89.62500
78.171,-89.62500
78.222,-89.75000
78.273,-89.50000
78.323,-89.62500
78.374,-89.50000
78.425,-89.75000
78.475,-89.62500
78.526,-89.75000
78.577,-89.75000
78.627,-89.75000
78.678,-90.12500
78.728,-90.12500
78.779,-90.37500
78.830,-90.25000
78.880,-90.37500
78.931,-90.25000
78.982,-90.37500
79.032,-90.12500
79.083,-90.50000
79.133,-90.25000
79.184,-90.37500
79.235,-90.37500
79.285,-90.75000
79.336,-90.62500
79.387,-90.87500
79.437,-90.75000
79.488,-91.00000
79.539,-90.87500
79.589,-90.87500
79.640,-91.00000
79.690,-91.00000
79.741,-90.75000
79.792,-91.00000
79.842,-91.00000
79.893,-91.00000
79.944,-91.25000
79.994,-91.12500
80.045,-91.50000
80.096,-91.25000
80.146,-91.62500
80.197,-91.62500
80.248,-91.75000
80.298,-91.50000
80.349,-91.87500
80.399,-91.50000
80.450,-91.87500
80.501,-91.50000
80.551,-91.87500
80.602,-91.75000
80.653,-92.12500
80.703,-91.87500
80.754,-92.25000
80.805,-92.12500
80.855,-92.50000
80.906,-92.37500
80.957,-92.50000
81.007,-92.50000
81.058,-92.37500
81.109,-92.62500
81.159,-92.37500
81.210,-92.37500
81.261,-92.37500
81.311,-92.62500
81.362,-92.50000
81.412,-92.75000
81.463,-92.62500
81.514,-93.00000
81.564,-92.75000
81.615,-93.00000
81.666,-92.87500
81.716,-93.12500
81.767,-92.87500
81.818,-93.00000
81.868,-92.87500
81.919,-93.12500
81.970,-93.00000
82.020,-93.00000
82.071,-93.12500
82.121,-93.25000
82.172,-93.50000
82.223,-93.62500
82.273,-93.62500
82.324,-93.75000
82.375,-93.87500
82.425,-93.62500
82.476,-93.87500
82.527,-93.62500
82.577,-93.87500
82.628,-93.62500
82.678,-93.87500
82.729,-93.75000
82.780,-94.00000
82.830,-93.87500
82.881,-94.25000
82.932,-94.00000
82.982,-94.37500
83.033,-94.37500
83.084,-94.37500
83.134,-94.12500
83.185,-94.37500
83.236,-94.12500
83.286,-94.50000
83.337,-94.37500
83.387,-94.50000
83.438,-94.50000
83.489,-94.37500
83.539,-94.62500
83.590,-94.62500
83.641,-94.87500
83.691,-95.00000
83.742,-95.12500
83.792,-95.00000
83.843,-95.25000
83.894,-95.00000
83.944,-95.25000
83.995,-95.00000
84.046,-95.12500
84.096,-95.12500
84.147,-95.37500
84.198,-95.12500
84.248,-95.62500
84.299,-95.37500
84.349,-95.62500
84.400,-95.62500
84.451,-95.62500
84.501,-95.75000
84.552,-95.62500
84.603,-95.25000
84.653,-95.62500
84.704,-95.50000
84.755,-95.75000
84.805,-95.62500
84.856,-95.75000
84.906,-96.00000
84.957,-95.75000
85.008,-96.12500
85.058,-96.00000
85.109,-96.25000
85.160,-96.25000
85.210,-96.37500
85.261,-96.25000
85.312,-96.37500
85.362,-96.12500
85.413,-96.37500
85.463,-96.12500
85.514,-96.25000
85.565,-96.37500
85.615,-96.75000
85.666,-96.50000
85.717,-96.75000
85.767,-96.87500
85.818,-96.87500
85.869,-97.12500
85.919,-96.87500
85.970,-97.12500
86.021,-96.87500
86.071,-96.87500
86.122,-96.87500
86.172,-96.87500
86.223,-96.87500
86.274,-97.12500
86.324,-97.00000
86.375,-97.25000
86.426,-97.25000
86.476,-97.50000
86.527,-97.37500
86.577,-97.50000
86.628,-97.25000
86.679,-97.50000
86.729,-97.25000
86.780,-97.62500
86.831,-97.37500
86.881,-97.62500
86.932,-97.62500
86.983,-97.62500
87.033,-97.75000
87.084,-98.00000
87.134,-98.00000
87.185,-98.00000
87.236,-98.25000
87.286,-98.12500
87.337,-98.37500
87.388,-98.12500
87.438,-98.37500
87.489,-98.00000
87.539,-98.00000
87.590,-98.00000
87.641,-98.37500
87.691,-98.25000
87.742,-98.50000
87.793,-98.25000
87.843,-98.62500
87.894,-98.50000
87.944,-98.62500
87.995,-98.50000
88.046,-98.62500
88.096,-98.37500
88.147,-98.62500
88.198,-98.50000
88.248,-98.62500
88.299,-98.62500
88.350,-98.62500
88.400,-98.75000
88.451,-99.00000
88.501,-99.00000
88.552,-99.00000
88.603,-99.00000
88.653,-99.00000
88.704,-99.12500
88.755,-98.87500
88.805,-99.37500
88.856,-99.00000
88.906,-99.25000
88.957,-99.00000
89.008,-99.12500
89.058,-99.12500
89.109,-99.50000
89.160,-99.25000
89.210,-99.62500
89.261,-99.50000
89.312,-99.75000
89.362,-99.62500
89.413,-99.75000
89.463,-99.50000
89.514,-99.62500
89.565,-99.50000
89.615,-99.62500
89.666,-99.62500
89.717,-99.62500
89.767,-99.75000
89.818,-99.75000
89.869,-100.00000
89.919,-100.00000
89.970,-100.12500
90.021,-100.00000
90.071,-100.12500
90.122,-100.00000
90.172,-100.25000
90.223,-100.00000
90.274,-100.12500
90.324,-100.12500
90.375,-100.25000
90.426,-100.12500
90.476,-100.62500
90.527,-100.37500
90.578,-100.62500
90.628,-100.50000
90.679,-100.62500
90.729,-100.62500
90.780,-100.50000
90.831,-100.75000
90.881,-100.50000
90.932,-100.37500
90.983,-100.50000
91.033,-100.62500
91.084,-100.62500
91.135,-100.75000
91.185,-100.62500
91.236,-101.00000
91.287,-100.87500
91.337,-101.12500
91.388,-101.00000
91.438,-101.12500
91.489,-101.00000
91.540,-101.37500
91.590,-101.00000
91.641,-101.25000
91.692,-101.00000
91.742,-101.12500
91.793,-101.12500
91.844,-101.12500
91.894,-101.37500
91.945,-101.62500
91.996,-101.50000
92.046,-101.62500
92.097,-101.62500
92.148,-101.62500
92.198,-101.75000
92.249,-101.50000
92.300,-101.75000
92.350,-101.50000
92.401,-101.50000
92.451,-101.50000
92.502,-101.75000
92.553,-101.50000
92.603,-101.87500
92.654,-101.62500
92.705,-102.12500
92.755,-102.00000
92.806,-102.25000
92.857,-102.12500
92.907,-102.12500
92.958,-101.87500
93.009,-102.12500
93.059,-101.75000
93.110,-102.00000
93.161,-102.12500
93.211,-102.00000
93.262,-102.12500
93.313,-102.00000
93.363,-102.25000
93.414,-102.50000
93.465,-102.37500
93.515,-102.37500
93.566,-102.62500
93.617,-102.37500
93.667,-102.50000
93.718,-102.25000
93.769,-102.62500
93.819,-102.25000
93.870,-102.37500
93.921,-102.37500
93.971,-102.75000
94.022,-102.50000
94.072,-102.87500
94.123,-102.75000
94.174,-102.87500
94.224,-103.00000
94.275,-103.00000
94.326,-102.87500
94.376,-102.87500
94.427,-103.12500
94.478,-102.87500
94.528,-102.87500
94.579,-102.87500
94.630,-103.00000
94.680,-102.75000
94.731,-103.12500
94.782,-103.00000
94.832,-103.50000
94.883,-103.12500
94.934,-103.37500
94.984,-103.12500
95.035,-103.50000
95.086,-103.12500
95.136,-103.37500
95.187,-103.12500
95.238,-103.37500
95.288,-103.25000
95.339,-103.37500
95.390,-103.37500
95.440,-103.25000
95.491,-103.50000
95.542,-103.75000
95.592,-103.75000
95.643,-103.75000
95.694,-103.87500
95.744,-103.62500
95.795,-103.87500
95.846,-103.62500
95.896,-103.87500
95.947,-103.62500
95.998,-103.75000
96.048,-103.50000
96.099,-104.12500
96.150,-103.87500
96.201,-104.12500
96.251,-104.00000
96.302,-104.25000
96.353,-104.00000
96.404,-104.12500
96.454,-104.37500
96.505,-104.12500
96.556,-104.37500
96.606,-104.12500
96.657,-104.00000
96.708,-104.12500
96.759,-104.12500
96.809,-104.00000
96.860,-104.25000
96.911,-104.12500
96.961,-104.50000
97.012,-104.25000
97.063,-104.62500
97.114,-104.50000
97.164,-104.62500
97.215,-104.62500
97.266,-104.62500
97.316,-104.25000
97.367,-104.50000
97.418,-104.50000
97.469,-104.62500
97.519,-104.50000
97.570,-104.62500
97.621,-104.62500
97.671,-104.62500
97.722,-105.00000
97.773,-104.62500
97.824,-105.25000
97.874,-105.00000
97.925,-105.12500
97.976,-105.00000
98.026,-105.12500
98.077,-105.00000
98.128,-105.12500
98.179,-104.87500
98.229,-105.00000
98.280,-105.00000
98.331,-105.12500
98.382,-105.12500
98.432,-105.00000
98.483,-105.37500
98.534,-105.37500
98.584,-105.37500
98.635,-105.50000
98.686,-105.50000
98.736,-105.37500
98.787,-105.50000
98.838,-105.25000
98.889,-105.62500
98.939,-105.25000
98.990,-105.37500
99.041,-105.37500
99.091,-105.75000
99.142,-105.37500
99.193,-105.87500
99.244,-105.62500
99.294,-105.75000
99.345,-105.87500
99.396,-105.75000
99.446,-105.87500
99.497,-105.62500
99.548,-105.75000
99.599,-105.62500
99.649,-105.62500
99.700,-105.62500
99.751,-105.75000
99.801,-105.62500
99.852,-105.87500
99.903,-105.75000
99.954,-106.00000
100.004,-105.87500
100.055,-106.12500
100.106,-106.00000
100.156,-106.12500
100.207,-106.12500
100.258,-106.12500
100.309,-105.87500
100.359,-106.12500
100.410,-106.00000
100.461,-106.00000
100.511,-106.12500
100.562,-106.00000
100.613,-106.25000
100.664,-106.00000
100.714,-106.50000
100.765,-106.25000
100.816,-106.62500
100.866,-106.37500
100.917,-106.62500
100.968,-106.37500
101.019,-106.62500
101.069,-106.25000
101.120,-106.50000
101.171,-106.25000
101.221,-106.37500
101.272,-106.50000
101.323,-106.50000
101.374,-106.62500
101.424,-106.37500
101.475,-106.75000
101.526,-106.87500
101.576,-107.00000
101.627,-107.00000
101.678,-107.00000
101.729,-106.87500
101.779,-107.00000
101.830,-106.87500
101.881,-107.00000
101.932,-106.87500
101.982,-106.87500
102.033,-106.87500
102.084,-107.12500
102.134,-106.87500
102.185,-107.12500
102.236,-107.12500
102.286,-107.25000
102.337,-107.25000
102.388,-107.25000
102.438,-107.37500
102.489,-107.12500
102.540,-107.25000
102.590,-107.12500
102.641,-107.12500
102.691,-107.12500
102.742,-107.12500
102.793,-107.25000
102.843,-107.25000
102.894,-107.25000
102.945,-107.50000
102.995,-107.37500
103.046,-107.62500
103.097,-107.50000
103.147,-107.62500
103.198,-107.37500
103.249,-107.62500
103.299,-107.37500
103.350,-107.50000
103.401,-107.37500
103.451,-107.50000
103.502,-107.50000
103.553,-107.50000
103.603,-107.62500
103.654,-107.87500
103.704,-107.75000
103.755,-108.00000
103.806,-108.00000
103.856,-107.87500
103.907,-108.00000
103.958,-107.75000
104.008,-108.12500
104.059,-107.62500
104.110,-107.75000
104.160,-107.75000
104.211,-108.00000
104.261,-107.87500
104.312,-108.12500
104.363,-107.87500
104.413,-108.25000
104.464,-108.12500
104.515,-108.25000
104.565,-107.87500
104.616,-108.25000
104.667,-107.87500
104.717,-108.12500
104.768,-108.00000
104.819,-108.00000
104.869,-108.00000
104.920,-108.00000
104.970,-108.12500
105.021,-108.12500
105.072,-108.37500
105.122,-108.50000
105.173,-108.50000
105.224,-108.50000
105.274,-108.62500
105.325,-108.37500
105.376,-108.62500
105.426,-108.37500
105.477,-108.62500
105.528,-108.50000
105.578,-108.75000
105.629,-108.50000
105.680,-108.75000
105.730,-108.50000
105.781,-108.87500
105.832,-108.62500
105.882,-109.00000
105.933,-108.87500
105.983,-108.87500
106.034,-109.00000
106.085,-108.75000
106.135,-108.75000
106.186,-108.75000
106.237,-108.62500
106.287,-108.75000
106.338,-108.87500
106.389,-108.75000
106.439,-109.00000
106.490,-108.87500
106.541,-109.12500
106.591,-109.12500
106.642,-109.25000
106.692,-109.00000
106.743,-109.37500
106.794,-109.00000
106.844,-109.25000
106.895,-109.00000
106.946,-109.25000
106.996,-109.00000
107.047,-109.50000
107.098,-109.12500
107.148,-109.37500
107.199,-109.25000
107.250,-109.50000
107.300,-109.25000
107.351,-109.37500
107.401,-109.50000
107.452,-109.25000
107.503,-109.50000
107.553,-109.25000
107.604,-109.12500
107.655,-109.12500
107.705,-109.25000
107.756,-109.12500
107.807,-109.50000
107.857,-109.25000
107.908,-109.62500
107.958,-109.50000
108.009,-109.62500
108.060,-109.37500
108.110,-109.62500
108.161,-109.37500
108.212,-109.62500
108.262,-109.37500
108.313,-109.50000
108.364,-109.37500
108.414,-109.50000
108.465,-109.50000
108.515,-110.00000
108.566,-109.75000
108.617,-109.87500
108.667,-109.87500
108.718,-109.87500
108.769,-109.87500
108.819,-109.75000
108.870,-110.00000
108.921,-109.75000
108.971,-110.00000
109.022,-109.75000
109.073,-109.75000
109.123,-109.75000
109.174,-110.00000
109.225,-109.75000
109.275,-110.12500
109.326,-109.87500
109.376,-110.25000
109.427,-110.12500
109.478,-110.25000
109.528,-109.87500
109.579,-110.12500
109.630,-109.87500
109.680,-110.00000
109.731,-109.87500
109.782,-110.12500
109.832,-110.00000
109.883,-109.87500
109.934,-110.25000
109.984,-110.00000
110.035,-110.37500
110.085,-110.50000
110.136,-110.50000
110.187,-110.25000
110.237,-110.37500
110.288,-110.25000
110.339,-110.50000
110.389,-110.25000
110.440,-110.50000
110.491,-110.12500
110.541,-110.50000
110.592,-110.37500
110.643,-110.75000
110.693,-110.50000
110.744,-110.75000
110.795,-110.62500
110.845,-110.62500
110.896,-110.75000
110.947,-110.62500
110.997,-110.87500
111.048,-110.62500
111.099,-110.37500
111.149,-110.62500
111.200,-110.50000
111.251,-110.37500
111.301,-110.75000
111.352,-110.62500
111.403,-110.87500
111.453,-110.62500
111.504,-111.00000
111.555,-110.75000
111.605,-110.87500
111.656,-110.62500
111.707,-110.87500
111.757,-110.62500
111.808,-110.87500
111.859,-110.62500
111.909,-110.75000
111.960,-110.87500
112.011,-110.75000
112.061,-110.87500
112.112,-111.25000
112.163,-111.00000
112.213,-111.25000
112.264,-111.25000
112.315,-111.12500
112.365,-111.25000
112.416,-111.12500
112.467,-111.37500
112.517,-111.12500
112.568,-111.37500
112.619,-111.00000
112.669,-111.25000
112.720,-111.12500
112.771,-111.50000
112.821,-111.25000
112.872,-111.50000
112.923,-111.37500
112.973,-111.62500
113.024,-111.50000
113.075,-111.50000
113.125,-111.12500
113.176,-111.37500
113.226,-111.25000
113.277,-111.25000
113.328,-111.25000
113.378,-111.25000
113.429,-111.37500
113.480,-111.25000
113.530,-111.50000
113.581,-111.37500
113.632,-111.62500
113.682,-111.62500
113.733,-111.62500
113.784,-111.37500
113.834,-111.62500
113.885,-111.37500
113.936,-111.50000
113.986,-111.37500
114.037,-111.50000
114.088,-111.37500
114.138,-111.75000
114.189,-111.50000
114.240,-111.87500
114.290,-111.75000
114.341,-111.87500
114.392,-111.87500
114.442,-111.87500
114.493,-112.00000
114.544,-111.87500
114.594,-112.00000
114.645,-111.62500
114.696,-111.62500
114.746,-111.62500
114.797,-111.75000
114.847,-111.75000
114.898,-112.00000
114.949,-111.75000
114.999,-112.00000
115.050,-111.87500
115.101,-112.12500
115.151,-111.87500
115.202,-112.12500
115.253,-111.87500
115.303,-112.12500
115.354,-111.62500
115.405,-112.00000
115.455,-111.62500
115.506,-111.87500
115.557,-111.87500
115.607,-111.87500
115.658,-112.25000
115.708,-112.37500
115.759,-112.37500
115.810,-112.50000
115.860,-112.37500
115.911,-112.25000
115.962,-112.37500
116.012,-112.12500
116.063,-112.50000
116.114,-112.25000
116.164,-112.25000
116.215,-112.25000
116.266,-112.50000
116.316,-112.25000
116.367,-112.62500
116.418,-112.37500
116.469,-112.75000
116.519,-112.62500
116.570,-112.62500
116.621,-112.62500
116.671,-112.62500
116.722,-112.75000
116.773,-112.37500
116.824,-112.25000
116.874,-112.37500
116.925,-112.50000
116.976,-112.37500
117.027,-112.50000
117.077,-112.50000
117.128,-112.75000
117.179,-112.62500
117.229,-113.00000
117.280,-112.75000
117.331,-113.00000
117.382,-112.62500
117.432,-112.75000
117.483,-112.62500
117.534,-112.75000
117.585,-112.62500
117.635,-112.62500
117.686,-112.62500
117.737,-112.62500
117.787,-112.87500
117.838,-112.62500
117.889,-112.87500
117.940,-112.75000
117.990,-113.00000
118.041,-112.62500
118.092,-113.12500
118.143,-112.75000
118.193,-112.87500
118.244,-112.62500
118.295,-112.87500
118.345,-112.75000
118.396,-112.75000
118.447,-112.50000
118.498,-112.62500
118.548,-112.62500
118.599,-112.62500
118.650,-112.87500
118.701,-113.00000
118.751,-113.00000
118.802,-113.00000
118.853,-113.00000
118.904,-112.87500
118.954,-113.12500
119.005,-112.87500
119.056,-113.12500
119.106,-112.87500
119.157,-113.00000
119.208,-112.87500
119.259,-113.00000
119.309,-112.75000
119.360,-113.25000
119.411,-113.00000
119.461,-113.37500
119.512,-113.37500
119.563,-113.12500
119.614,-113.37500
119.664,-113.25000
119.715,-113.37500
119.766,-113.00000
119.816,-113.12500
119.867,-113.12500
119.917,-113.25000
119.968,-113.12500
