time(s),mvs
0.000,52.25000
0.204,51.12500
0.405,50.12500
0.605,49.25000
0.806,48.25000
1.007,47.25000
1.207,46.12500
1.408,45.25000
1.609,44.12500
1.809,43.12500
2.010,42.25000
2.211,41.25000
2.411,40.12500
2.612,39.12500
2.813,38.50000
3.013,37.00000
3.214,36.12500
3.414,35.37500
3.615,34.25000
3.816,33.50000
4.016,32.75000
4.217,32.00000
4.418,31.00000
4.618,30.12500
4.819,29.25000
5.019,28.37500
5.220,27.75000
5.421,26.87500
5.621,25.87500
5.822,25.00000
6.023,24.12500
6.224,23.25000
6.424,22.12500
6.625,21.25000
6.826,20.25000
7.026,19.50000
7.227,18.50000
7.428,17.75000
7.628,16.75000
7.829,16.00000
8.030,15.12500
8.230,14.25000
8.431,13.37500
8.632,12.62500
8.832,11.75000
9.033,11.00000
9.234,10.25000
9.434,9.50000
9.635,8.50000
9.836,8.00000
time(s),mvs
0.000,-100.12500
0.201,-100.25000
0.401,-100.25000
0.604,-100.37500
0.805,-100.25000
1.006,-100.25000
1.206,-100.50000
1.407,-100.50000
1.608,-100.37500
1.808,-100.50000
2.009,-100.37500
2.209,-100.37500
2.410,-100.25000
2.611,-100.25000
2.811,-100.25000
3.012,-100.25000
3.213,-100.25000
3.413,-100.25000
3.614,-100.37500
3.815,-100.25000
4.015,-100.37500
4.216,-100.50000
4.416,-100.50000
4.617,-100.62500
4.818,-100.50000
5.018,-100.25000
5.219,-99.62500
5.420,-98.50000
5.620,-97.00000
5.821,-95.12500
6.022,-93.25000
6.222,-91.00000
6.423,-88.87500
6.624,-86.50000
6.824,-84.12500
7.025,-81.50000
7.226,-78.87500
7.426,-76.25000
7.627,-73.62500
7.828,-71.37500
8.028,-69.00000
8.229,-67.25000
8.430,-65.37500
8.630,-64.12500
8.831,-62.62500
9.032,-61.50000
9.233,-60.25000
9.433,-59.37500
9.634,-58.62500
9.835,-57.75000
10.036,-57.12500
10.236,-56.62500
10.437,-56.37500
10.638,-56.12500
10.839,-56.12500
11.039,-56.00000
11.240,-56.12500
11.441,-56.37500
11.642,-56.62500
11.842,-56.62500
12.043,-57.12500
12.244,-57.37500
12.444,-57.75000
12.645,-58.12500
12.846,-58.62500
13.047,-59.25000
13.247,-59.50000
13.448,-60.12500
13.649,-60.62500
13.850,-61.12500
14.050,-61.62500
14.251,-62.12500
14.452,-62.50000
14.652,-63.12500
14.853,-63.62500
15.054,-64.12500
15.254,-64.50000
15.455,-64.87500
15.656,-65.37500
15.856,-66.00000
16.057,-66.25000
16.258,-66.50000
16.458,-67.00000
16.659,-67.37500
16.860,-67.62500
17.060,-68.25000
17.261,-68.50000
17.462,-69.12500
17.662,-69.37500
17.863,-69.62500
18.064,-70.00000
18.264,-70.25000
18.465,-70.50000
18.666,-70.75000
18.866,-71.12500
19.067,-71.37500
19.268,-71.62500
19.468,-71.75000
19.669,-72.12500
19.870,-72.25000
20.070,-72.62500
20.271,-73.00000
20.472,-73.12500
20.672,-73.25000
20.873,-73.50000
21.073,-73.75000
21.274,-73.87500
21.475,-74.12500
21.675,-74.37500
21.876,-74.37500
22.077,-74.62500
22.277,-74.75000
22.478,-75.00000
22.679,-75.12500
22.879,-75.50000
23.080,-75.50000
23.281,-75.62500
23.481,-75.75000
23.682,-76.00000
23.883,-76.12500
24.083,-76.12500
24.284,-76.50000
24.485,-76.50000
24.685,-76.62500
24.886,-76.87500
25.087,-77.00000
25.287,-77.25000
25.488,-77.25000
25.689,-77.37500
25.889,-77.50000
26.090,-77.75000
26.291,-77.75000
26.491,-78.00000
26.692,-77.87500
26.893,-78.00000
27.093,-78.00000
27.294,-78.12500
27.495,-78.25000
27.695,-78.25000
27.896,-78.50000
28.097,-78.62500
28.297,-78.62500
28.498,-78.62500
28.699,-78.75000
28.899,-78.87500
29.100,-79.00000
29.301,-78.87500
29.501,-79.12500
29.702,-79.25000
29.903,-79.25000
30.103,-79.37500
30.304,-79.50000
30.505,-79.62500
30.705,-79.62500
30.906,-79.87500
31.107,-79.75000
31.307,-80.00000
31.508,-80.00000
31.709,-80.00000
31.909,-80.12500
32.110,-80.12500
32.311,-80.25000
32.511,-80.25000
32.712,-80.37500
32.913,-80.37500
33.113,-80.37500
33.314,-80.50000
33.515,-80.50000
33.715,-80.75000
33.916,-80.75000
34.116,-80.75000
34.317,-80.75000
34.518,-80.75000
34.718,-80.87500
34.919,-81.12500
35.120,-81.12500
35.321,-81.25000
35.521,-81.37500
35.722,-81.25000
35.923,-81.37500
36.123,-81.37500
36.324,-81.25000
36.525,-81.50000
36.725,-81.37500
36.926,-81.50000
37.127,-81.62500
37.327,-81.50000
37.528,-81.62500
37.729,-81.75000
37.929,-81.87500
38.130,-81.87500
38.331,-81.75000
38.531,-81.75000
38.732,-81.87500
38.933,-82.00000
39.133,-82.00000
39.334,-82.00000
39.535,-82.00000
39.735,-82.12500
39.936,-82.25000
40.137,-82.25000
40.337,-82.37500
40.538,-82.37500
40.738,-82.62500
40.939,-82.50000
41.140,-82.50000
41.340,-82.50000
41.541,-82.37500
41.742,-82.50000
41.943,-82.50000
42.143,-82.62500
42.344,-82.62500
42.544,-82.62500
42.745,-82.75000
42.946,-82.75000
43.146,-82.75000
43.347,-82.87500
43.548,-82.87500
43.748,-83.00000
43.949,-83.00000
44.150,-82.87500
44.350,-83.00000
44.551,-83.00000
44.752,-83.00000
44.952,-83.12500
45.153,-83.12500
45.354,-83.12500
45.554,-83.12500
45.755,-83.25000
45.956,-83.12500
46.156,-83.12500
46.357,-83.25000
46.557,-83.25000
46.758,-83.12500
46.959,-83.25000
47.159,-83.37500
47.360,-83.37500
47.561,-83.50000
47.761,-83.50000
47.962,-83.50000
48.163,-83.50000
48.363,-83.37500
48.564,-83.50000
48.765,-83.50000
48.965,-83.50000
49.166,-83.37500
49.366,-83.50000
49.567,-83.62500
49.768,-83.62500
49.968,-83.62500
50.169,-83.62500
50.370,-83.50000
50.570,-83.62500
50.771,-83.62500
50.972,-83.75000
51.172,-83.75000
51.373,-83.75000
51.573,-83.75000
51.774,-83.87500
51.975,-83.87500
52.175,-83.87500
52.376,-83.75000
52.577,-83.87500
52.777,-83.87500
52.978,-84.00000
53.179,-84.00000
53.379,-84.00000
53.580,-83.87500
53.780,-84.00000
53.981,-84.00000
54.182,-84.00000
54.382,-84.00000
54.583,-84.00000
54.784,-84.00000
54.984,-84.12500
55.185,-84.25000
55.386,-84.25000
55.586,-84.12500
55.787,-84.25000
55.988,-84.12500
56.188,-84.25000
56.389,-84.25000
56.589,-84.37500
56.790,-84.25000
56.991,-84.25000
57.191,-84.37500
57.392,-84.50000
57.593,-84.37500
57.793,-84.25000
57.994,-84.37500
58.194,-84.37500
58.395,-84.50000
58.596,-84.50000
58.796,-84.50000
58.997,-84.50000
59.198,-84.62500
59.398,-84.75000
59.599,-84.50000
59.800,-84.62500
60.000,-84.62500
60.201,-84.75000
60.402,-84.62500
60.602,-84.62500
60.803,-84.75000
61.003,-84.62500
61.204,-84.75000
61.405,-84.62500
61.605,-84.62500
61.806,-84.75000
62.007,-84.75000
62.207,-84.75000
62.408,-84.87500
62.609,-84.87500
62.809,-84.87500
63.010,-84.87500
63.211,-84.75000
63.411,-84.87500
63.612,-84.87500
63.812,-84.87500
64.013,-85.00000
64.214,-85.00000
64.414,-84.87500
64.615,-85.12500
64.816,-84.87500
65.016,-85.00000
65.217,-85.00000
65.418,-85.12500
65.618,-85.12500
65.819,-85.12500
66.020,-85.12500
66.220,-85.25000
66.421,-85.00000
66.621,-85.12500
66.822,-85.12500
67.023,-85.25000
67.223,-85.12500
67.424,-85.12500
67.625,-85.25000
67.825,-85.12500
68.026,-85.25000
68.227,-85.50000
68.427,-85.37500
68.628,-85.25000
68.828,-85.37500
69.029,-85.50000
69.230,-85.37500
69.430,-85.37500
69.631,-85.50000
69.832,-85.50000
70.032,-85.62500
70.233,-85.50000
70.433,-85.50000
70.634,-85.62500
70.835,-85.50000
71.035,-85.62500
71.236,-85.62500
71.437,-85.50000
71.637,-85.50000
71.838,-85.50000
72.039,-85.62500
72.239,-85.62500
72.440,-85.62500
72.641,-85.62500
72.841,-85.87500
73.042,-85.87500
73.242,-85.75000
73.443,-85.87500
73.644,-85.87500
73.844,-85.87500
74.045,-85.87500
74.246,-85.62500
74.446,-85.75000
74.647,-85.75000
74.848,-85.87500
75.048,-85.75000
75.249,-85.75000
75.450,-85.87500
75.650,-86.00000
75.851,-85.87500
76.052,-86.00000
76.252,-86.00000
76.453,-86.12500
76.653,-85.87500
76.854,-86.00000
77.055,-86.00000
77.255,-86.12500
77.456,-86.12500
77.657,-86.00000
77.857,-86.12500
78.058,-86.00000
78.259,-86.12500
78.459,-86.12500
78.660,-86.12500
78.861,-86.12500
79.061,-86.25000
79.262,-86.25000
79.462,-86.25000
79.663,-86.37500
79.864,-86.25000
80.064,-86.12500
80.265,-86.25000
80.466,-86.37500
80.666,-86.37500
80.867,-86.25000
81.068,-86.37500
81.268,-86.50000
81.469,-86.50000
81.669,-86.50000
81.870,-86.50000
82.071,-86.62500
82.271,-86.50000
82.472,-86.62500
82.673,-86.50000
82.873,-86.37500
83.074,-86.50000
83.274,-86.50000
83.475,-86.62500
83.676,-86.50000
83.876,-86.75000
84.077,-86.50000
84.278,-86.62500
84.478,-86.62500
84.679,-86.62500
84.880,-86.50000
85.080,-86.75000
85.281,-86.62500
85.481,-86.75000
85.682,-86.62500
85.883,-86.62500
86.084,-86.62500
86.284,-86.62500
86.485,-86.62500
86.685,-86.62500
86.886,-86.62500
87.087,-86.75000
87.287,-86.87500
87.488,-86.62500
87.689,-86.87500
87.889,-86.87500
88.090,-86.87500
88.291,-86.75000
88.491,-86.87500
88.692,-87.00000
88.892,-86.87500
89.093,-86.87500
89.294,-86.87500
89.494,-86.75000
89.695,-87.00000
89.896,-86.87500
90.096,-86.87500
90.297,-87.00000
90.498,-87.00000
90.698,-87.00000
90.899,-87.00000
91.099,-87.00000
91.300,-87.00000
91.501,-87.12500
91.701,-86.87500
91.902,-87.12500
92.103,-87.12500
92.303,-87.25000
92.504,-87.12500
92.705,-87.12500
92.905,-87.12500
93.106,-87.00000
93.307,-87.12500
93.507,-87.12500
93.708,-87.25000
93.908,-87.25000
94.109,-87.37500
94.310,-87.25000
94.510,-87.12500
94.711,-87.12500
94.912,-87.12500
95.112,-87.12500
95.313,-87.37500
95.514,-87.25000
95.714,-87.37500
95.915,-87.50000
96.115,-87.25000
96.316,-87.37500
96.517,-87.37500
96.717,-87.37500
96.918,-87.50000
97.119,-87.37500
97.319,-87.37500
97.520,-87.37500
97.721,-87.37500
97.921,-87.50000
98.122,-87.50000
98.322,-87.50000
98.523,-87.50000
98.724,-87.50000
98.924,-87.50000
99.125,-87.50000
99.326,-87.62500
99.526,-87.50000
99.727,-87.50000
99.928,-87.50000
100.128,-87.37500
100.329,-87.50000
100.530,-87.37500
100.730,-87.50000
100.931,-87.50000
101.131,-87.50000
101.332,-87.50000
101.533,-87.50000
101.733,-87.50000
101.934,-87.62500
102.135,-87.50000
102.335,-87.87500
102.536,-87.75000
102.737,-87.87500
102.937,-87.75000
103.138,-87.75000
103.339,-87.75000
103.539,-87.62500
103.740,-87.62500
103.941,-87.87500
104.141,-87.62500
104.342,-87.75000
104.543,-87.87500
104.743,-87.75000
104.944,-87.87500
105.144,-87.87500
105.345,-88.00000
105.546,-87.75000
105.746,-87.75000
105.947,-87.87500
106.148,-87.75000
106.348,-88.00000
106.549,-87.87500
106.750,-88.00000
106.950,-87.75000
107.151,-87.87500
107.352,-88.00000
107.552,-87.87500
107.753,-87.87500
107.954,-88.00000
108.154,-88.00000
108.355,-88.12500
108.555,-88.00000
108.756,-88.00000
108.957,-88.12500
109.157,-88.12500
109.358,-88.12500
109.559,-88.12500
109.759,-88.25000
109.960,-88.12500
110.161,-88.25000
110.361,-88.12500
110.562,-88.12500
110.763,-88.25000
110.963,-88.12500
111.164,-88.25000
111.365,-88.37500
111.565,-88.25000
111.766,-88.25000
111.967,-88.37500
112.167,-88.25000
112.368,-88.37500
112.568,-88.25000
112.769,-88.25000
112.970,-88.37500
113.170,-88.37500
113.371,-88.37500
113.572,-88.37500
113.772,-88.37500
113.973,-88.25000
114.174,-88.37500
114.374,-88.37500
114.575,-88.50000
114.776,-88.25000
114.976,-88.37500
115.177,-88.50000
115.378,-88.50000
115.578,-88.50000
115.779,-88.50000
115.980,-88.50000
116.180,-88.50000
116.381,-88.50000
116.582,-88.50000
116.782,-88.62500
116.983,-88.62500
117.184,-88.62500
117.384,-88.62500
117.585,-88.62500
117.785,-88.62500
117.986,-88.62500
118.187,-88.62500
118.387,-88.62500
118.588,-88.50000
118.789,-88.75000
118.989,-88.62500
119.190,-88.50000
119.391,-88.87500
119.591,-88.75000
119.792,-88.75000
119.993,-88.75000
