time(s),mvs
0.000,-92.87500
0.051,-92.87500
0.101,-92.75000
0.152,-93.00000
0.203,-93.12500
0.253,-93.00000
0.304,-93.25000
0.355,-92.62500
0.405,-93.37500
0.456,-93.62500
0.507,-93.62500
0.558,-93.62500
0.608,-93.75000
0.659,-93.87500
0.710,-94.00000
0.760,-93.87500
0.811,-93.87500
0.862,-94.12500
0.912,-94.12500
0.963,-94.37500
1.014,-94.25000
1.064,-94.37500
1.115,-94.25000
1.166,-94.37500
1.216,-94.37500
1.267,-94.25000
1.318,-94.50000
1.368,-94.37500
1.419,-93.87500
1.470,-94.25000
1.521,-94.25000
1.571,-94.37500
1.622,-94.50000
1.737,-94.50000
1.788,-94.25000
1.839,-94.12500
1.890,-93.75000
1.940,-93.37500
1.991,-92.75000
2.042,-92.12500
2.092,-91.25000
2.143,-89.62500
2.194,-88.50000
2.244,-86.62500
2.295,-85.00000
2.346,-83.00000
2.397,-81.00000
2.447,-78.87500
2.498,-77.00000
2.549,-75.37500
2.599,-73.75000
2.650,-72.37500
2.701,-70.75000
2.751,-69.25000
2.802,-67.37500
2.853,-65.87500
2.903,-64.50000
2.954,-63.12500
3.005,-61.37500
3.055,-59.62500
3.106,-57.50000
3.157,-54.75000
3.207,-52.50000
3.258,-49.62500
3.309,-47.12500
3.360,-44.12500
3.410,-41.37500
3.461,-38.12500
3.512,-35.25000
3.562,-32.00000
3.613,-28.87500
3.664,-26.00000
3.714,-22.25000
3.765,-19.25000
3.816,-16.00000
3.866,-13.25000
3.917,-10.50000
3.968,-8.37500
4.018,-6.25000
4.069,-4.75000
4.120,-3.00000
4.171,-1.87500
4.221,-1.00000
4.272,0.25000
4.323,1.12500
4.373,2.37500
4.424,4.50000
4.475,7.50000
4.525,10.62500
4.576,15.00000
4.627,19.25000
4.677,24.87500
4.728,29.87500
4.779,34.62500
4.830,39.62500
4.880,43.62500
4.931,47.37500
4.982,50.00000
5.032,52.87500
5.083,54.75000
5.134,56.62500
5.185,58.00000
5.235,59.12500
5.286,59.87500
5.337,60.62500
5.387,61.12500
5.438,61.75000
5.489,62.25000
5.540,63.00000
5.590,63.87500
5.641,64.62500
5.692,65.75000
5.742,66.50000
5.793,67.25000
5.844,68.00000
5.895,69.00000
5.945,70.25000
5.996,71.62500
6.047,73.50000
6.097,75.37500
6.148,78.12500
6.199,80.37500
6.250,83.50000
6.300,86.00000
6.351,89.12500
6.402,92.00000
6.452,95.25000
6.503,98.25000
6.554,101.25000
6.605,104.87500
6.655,107.87500
6.706,111.50000
6.757,114.25000
6.808,117.12500
6.858,119.50000
6.909,121.87500
6.960,124.00000
7.010,126.12500
7.061,127.87500
7.112,129.75000
7.163,131.12500
7.213,132.12500
7.264,133.62500
7.315,134.50000
7.365,136.12500
7.416,135.75000
7.467,136.50000
7.518,137.00000
7.568,137.37500
7.619,137.62500
7.670,138.00000
7.720,138.00000
7.771,138.25000
7.822,138.75000
7.873,139.00000
7.923,138.87500
7.974,139.00000
8.025,139.00000
8.075,139.25000
8.126,139.25000
8.177,139.37500
8.228,139.75000
8.278,139.87500
8.329,139.75000
8.380,140.00000
8.431,140.12500
8.481,139.87500
8.532,140.00000
8.583,140.00000
8.633,139.87500
8.684,140.12500
8.735,140.50000
8.786,139.75000
8.836,139.75000
8.887,139.62500
8.938,139.62500
8.988,139.62500
9.039,139.50000
9.090,139.12500
9.140,139.00000
9.191,138.75000
9.242,138.75000
9.293,138.50000
9.343,138.37500
9.394,138.37500
9.445,137.87500
9.495,137.62500
9.546,137.12500
9.597,136.87500
9.648,136.62500
9.698,136.50000
9.749,136.25000
9.800,136.12500
9.850,136.00000
9.901,135.75000
9.952,135.62500
10.002,135.50000
10.053,135.37500
10.104,135.25000
10.155,135.00000
10.205,134.62500
10.256,134.62500
10.307,134.37500
10.357,134.12500
10.408,133.87500
10.459,133.37500
10.510,133.12500
10.560,132.75000
10.611,132.50000
10.662,132.25000
10.712,132.00000
10.763,131.87500
10.814,131.75000
10.864,131.62500
10.915,131.12500
10.966,131.00000
11.017,130.87500
11.067,130.62500
11.118,130.25000
11.169,130.12500
11.219,130.12500
11.270,130.00000
11.321,129.75000
11.372,129.62500
11.422,130.25000
11.473,129.25000
11.524,128.62500
11.574,128.62500
11.625,128.25000
11.676,127.87500
11.727,127.87500
11.777,128.12500
11.828,127.62500
11.879,126.62500
11.929,126.75000
11.980,126.25000
12.031,126.25000
12.081,126.00000
12.132,125.50000
12.183,125.25000
12.234,124.87500
12.284,124.62500
12.335,124.37500
12.386,124.25000
12.436,123.87500
12.487,123.62500
12.538,123.12500
12.589,122.87500
12.639,122.75000
12.690,122.62500
12.741,122.25000
12.791,121.87500
12.842,121.50000
12.893,121.12500
12.944,120.75000
12.994,120.62500
13.045,120.25000
13.096,120.00000
13.146,119.62500
13.197,119.25000
13.248,118.62500
13.298,118.37500
13.349,118.75000
13.400,118.00000
13.451,117.12500
13.501,116.87500
13.552,116.50000
13.603,116.25000
13.653,115.87500
13.704,115.75000
13.755,115.37500
13.806,115.00000
13.856,114.62500
13.907,114.25000
13.958,113.75000
14.008,113.50000
14.059,113.12500
14.110,113.00000
14.160,112.62500
14.211,112.00000
14.262,111.75000
14.313,111.12500
14.363,110.87500
14.414,110.50000
14.465,110.00000
14.515,109.62500
14.566,109.50000
14.617,109.00000
14.668,108.62500
14.718,108.25000
14.769,107.50000
14.820,107.12500
14.871,106.62500
14.922,106.25000
14.972,105.75000
15.023,105.50000
15.074,105.00000
15.124,104.75000
15.175,104.37500
15.226,103.75000
15.276,103.25000
15.327,102.75000
15.378,102.37500
15.429,101.75000
15.479,101.37500
15.530,101.00000
15.581,100.62500
15.631,100.12500
15.682,99.75000
15.733,99.25000
15.784,98.62500
15.834,98.12500
15.885,97.50000
15.936,97.12500
15.986,96.62500
16.037,96.12500
16.088,95.75000
16.139,95.37500
16.189,94.50000
16.240,94.12500
16.291,93.75000
16.341,93.00000
16.392,92.50000
16.443,91.87500
16.493,91.50000
16.544,91.12500
16.595,90.50000
16.646,90.12500
16.696,89.50000
16.747,88.87500
16.798,88.25000
16.848,87.87500
16.899,87.25000
16.950,86.75000
17.001,86.12500
17.051,85.62500
17.102,85.25000
17.153,84.75000
17.203,84.00000
17.254,83.62500
17.305,82.75000
17.356,82.37500
17.406,81.75000
17.457,81.12500
17.508,80.50000
17.558,80.12500
17.609,79.50000
17.660,79.12500
17.710,78.50000
17.761,77.87500
17.812,77.37500
17.863,76.75000
17.913,76.12500
17.964,75.62500
18.015,75.12500
18.065,74.50000
18.116,74.12500
18.167,73.50000
18.218,73.00000
18.268,72.50000
18.319,71.75000
18.370,71.25000
18.420,70.50000
18.471,69.87500
18.522,69.37500
18.573,68.87500
18.623,68.37500
18.674,68.00000
18.725,67.37500
18.775,66.62500
18.826,66.00000
18.877,65.37500
18.927,64.87500
18.978,64.25000
19.029,63.75000
19.080,63.50000
19.130,62.75000
19.181,62.37500
19.231,61.75000
19.282,61.25000
19.333,60.50000
19.383,60.00000
19.434,59.37500
19.485,58.75000
19.535,58.25000
19.586,57.75000
19.637,57.25000
19.687,56.75000
19.738,56.12500
19.788,55.62500
19.839,55.12500
19.890,54.50000
19.940,53.87500
19.991,53.12500
20.042,52.75000
20.092,52.25000
20.143,51.87500
20.194,51.25000
20.244,50.87500
20.295,50.25000
20.345,49.62500
20.396,49.12500
20.447,48.62500
20.497,47.87500
20.548,47.50000
20.599,47.00000
20.649,46.37500
20.700,46.12500
20.751,45.62500
20.801,45.00000
20.852,44.50000
20.902,43.75000
20.953,43.37500
21.004,42.75000
21.054,42.12500
21.105,41.87500
21.156,41.25000
21.206,40.62500
21.257,40.37500
21.307,40.00000
21.358,39.25000
21.409,38.75000
21.459,38.12500
21.510,37.75000
21.561,37.00000
21.611,36.62500
21.662,36.12500
21.713,35.75000
21.763,35.37500
21.814,35.00000
21.864,34.37500
21.915,33.62500
21.966,33.12500
22.016,32.75000
22.067,32.12500
22.118,31.62500
22.168,31.37500
22.219,30.87500
22.270,30.62500
22.320,30.12500
22.371,29.50000
22.421,29.00000
22.472,28.37500
22.523,27.87500
22.573,27.50000
22.624,27.00000
22.675,26.50000
22.725,27.00000
22.776,25.50000
22.826,25.00000
22.877,24.50000
22.928,24.37500
22.978,23.75000
23.029,23.37500
23.080,23.87500
23.130,23.25000
23.181,22.00000
23.232,21.50000
23.282,21.12500
23.333,20.62500
23.384,20.37500
23.434,21.00000
23.485,19.37500
23.535,19.12500
23.586,18.87500
23.637,18.25000
23.687,17.87500
23.738,17.37500
23.789,17.12500
23.839,16.62500
23.890,16.12500
23.941,15.62500
23.991,15.25000
24.042,15.00000
24.092,14.50000
24.143,14.12500
24.194,14.00000
24.244,13.62500
24.295,12.87500
24.346,12.62500
24.396,12.00000
24.447,11.62500
24.498,11.37500
24.548,11.00000
24.599,10.50000
24.649,10.25000
24.700,10.00000
24.751,9.50000
24.801,9.25000
24.852,8.62500
24.903,8.25000
24.953,7.75000
25.004,7.50000
25.055,7.12500
25.105,6.75000
25.156,6.37500
25.207,6.12500
25.257,5.87500
25.308,5.12500
25.359,4.87500
25.409,4.37500
25.460,4.12500
25.510,3.62500
25.561,3.25000
25.612,2.87500
25.662,2.62500
25.713,2.12500
25.764,2.00000
25.814,1.75000
25.865,1.12500
25.916,1.00000
25.966,0.62500
26.017,0.12500
26.068,-0.12500
26.118,-0.50000
26.169,-0.87500
26.220,-1.00000
26.270,-1.25000
26.321,-1.62500
26.372,-2.12500
26.422,-2.62500
26.473,-2.87500
26.523,-3.25000
26.574,-3.62500
26.625,-3.87500
26.675,-4.25000
26.726,-4.50000
26.777,-4.75000
26.827,-4.87500
26.878,-5.37500
26.929,-5.75000
26.979,-6.25000
27.030,-6.50000
27.081,-6.25000
27.131,-6.25000
27.182,-7.62500
27.233,-7.75000
27.284,-8.12500
27.334,-8.25000
27.385,-8.62500
27.436,-9.12500
27.486,-8.50000
27.537,-8.87500
27.588,-9.87500
27.638,-10.12500
27.689,-10.62500
27.740,-10.75000
27.791,-11.12500
27.841,-11.37500
27.892,-11.50000
27.943,-11.75000
27.993,-12.25000
28.044,-12.62500
28.095,-12.87500
28.146,-13.25000
28.196,-13.25000
28.247,-13.50000
28.298,-13.75000
28.348,-14.25000
28.399,-14.37500
28.450,-14.87500
28.500,-15.12500
28.551,-15.37500
28.602,-15.75000
28.653,-15.75000
28.703,-16.12500
28.754,-16.62500
28.805,-16.75000
28.856,-17.12500
28.906,-17.50000
28.957,-17.62500
29.008,-18.00000
29.058,-18.12500
29.109,-18.37500
29.160,-18.75000
29.210,-18.75000
29.261,-19.00000
29.312,-19.37500
29.362,-19.75000
29.413,-20.12500
29.464,-20.25000
29.514,-20.50000
29.565,-20.75000
29.616,-21.12500
29.666,-21.12500
29.717,-21.37500
29.768,-21.62500
29.818,-21.75000
29.869,-22.25000
29.920,-22.50000
29.970,-22.62500
30.021,-23.00000
30.072,-23.25000
30.122,-23.50000
30.173,-23.75000
30.224,-23.75000
30.274,-23.87500
30.325,-24.25000
30.376,-24.50000
30.426,-24.87500
30.477,-25.00000
30.528,-25.37500
30.578,-25.62500
30.629,-26.00000
30.680,-25.87500
30.730,-26.25000
30.781,-26.25000
30.832,-26.62500
30.882,-27.12500
30.933,-27.12500
30.984,-27.50000
31.035,-27.62500
31.085,-27.87500
31.136,-28.12500
31.187,-28.37500
31.237,-28.37500
31.288,-28.75000
31.339,-28.75000
31.389,-29.00000
31.441,-29.37500
31.491,-29.50000
31.542,-29.75000
31.593,-30.12500
31.643,-30.12500
31.694,-30.37500
31.745,-30.50000
31.795,-30.62500
31.846,-30.87500
31.897,-31.25000
31.947,-31.50000
31.998,-31.87500
32.049,-31.87500
32.099,-32.25000
32.150,-32.37500
32.201,-32.25000
32.251,-32.50000
32.302,-32.87500
32.353,-33.00000
32.403,-33.00000
32.454,-33.50000
32.505,-33.62500
32.555,-33.87500
32.606,-34.12500
32.656,-34.12500
32.707,-34.50000
32.758,-34.62500
32.808,-34.75000
32.859,-34.75000
32.910,-35.12500
32.960,-35.25000
33.011,-35.62500
33.061,-35.87500
33.112,-36.00000
33.163,-36.25000
33.213,-36.37500
33.264,-36.50000
33.315,-36.62500
33.366,-36.62500
33.416,-36.87500
33.467,-37.12500
33.518,-37.37500
33.568,-37.50000
33.619,-37.75000
33.670,-37.87500
33.720,-38.00000
33.771,-38.00000
33.822,-38.12500
33.873,-38.37500
33.923,-38.62500
33.974,-38.75000
34.025,-39.12500
34.075,-39.25000
34.126,-39.50000
34.177,-39.62500
34.227,-39.62500
34.278,-39.87500
34.329,-39.87500
34.380,-40.12500
34.430,-40.25000
34.481,-40.50000
34.532,-40.50000
34.582,-41.00000
34.633,-41.12500
34.684,-41.00000
34.735,-41.25000
34.785,-41.37500
34.836,-41.50000
34.887,-41.75000
34.937,-41.87500
34.988,-42.12500
35.039,-42.25000
35.090,-42.50000
35.140,-42.75000
35.191,-42.87500
35.242,-43.00000
35.292,-43.12500
35.343,-43.25000
35.394,-43.12500
35.444,-43.62500
35.495,-43.50000
35.546,-43.87500
35.597,-44.00000
35.647,-44.25000
35.698,-44.25000
35.749,-44.50000
35.799,-44.37500
35.850,-44.62500
35.901,-44.75000
35.952,-44.87500
36.002,-45.00000
36.053,-45.25000
36.104,-45.50000
36.154,-45.62500
36.205,-45.75000
36.256,-45.87500
36.307,-46.00000
36.357,-45.75000
36.408,-45.12500
36.459,-45.75000
36.509,-46.37500
36.560,-46.50000
36.611,-46.50000
36.661,-47.00000
36.712,-47.00000
36.763,-46.00000
36.814,-46.62500
36.864,-46.75000
36.915,-46.87500
36.966,-47.75000
37.016,-47.75000
37.067,-48.00000
37.118,-48.12500
37.169,-48.12500
37.219,-48.37500
37.270,-48.50000
37.321,-48.62500
37.371,-48.62500
37.422,-48.62500
37.473,-48.87500
37.524,-48.12500
37.574,-49.00000
37.625,-49.25000
37.676,-49.25000
37.726,-49.50000
37.777,-49.37500
37.828,-49.50000
37.879,-49.37500
37.929,-49.25000
37.980,-50.00000
38.031,-50.25000
38.081,-50.37500
38.132,-50.50000
38.183,-50.62500
38.234,-50.50000
38.284,-50.75000
38.335,-50.87500
38.386,-51.12500
38.436,-51.00000
38.487,-51.12500
38.538,-51.37500
38.588,-51.37500
38.639,-51.50000
38.690,-51.75000
38.741,-51.75000
38.791,-51.87500
38.842,-52.00000
38.893,-51.87500
38.944,-52.00000
38.994,-52.12500
39.045,-52.12500
39.096,-52.50000
39.146,-52.50000
39.197,-52.62500
39.248,-52.75000
39.298,-52.87500
39.349,-52.87500
39.400,-53.00000
39.451,-53.12500
39.501,-53.12500
39.552,-53.37500
39.603,-53.37500
39.653,-53.75000
39.704,-53.62500
39.755,-53.75000
39.806,-54.00000
39.856,-54.12500
39.907,-54.12500
39.958,-54.25000
40.009,-54.25000
40.059,-54.25000
40.110,-54.62500
40.161,-54.62500
40.211,-54.87500
40.262,-54.87500
40.313,-55.00000
40.364,-55.12500
40.414,-55.00000
40.465,-55.12500
40.516,-55.12500
40.566,-55.25000
40.617,-55.50000
40.668,-55.62500
40.719,-55.75000
40.769,-56.00000
40.820,-55.87500
40.871,-56.00000
40.921,-56.00000
40.972,-56.12500
41.023,-56.25000
41.074,-56.37500
41.124,-56.62500
41.175,-56.62500
41.226,-56.87500
41.276,-56.87500
41.327,-56.87500
41.378,-57.12500
41.429,-57.00000
41.479,-57.00000
41.530,-57.25000
41.581,-57.25000
41.631,-57.50000
41.682,-57.62500
41.733,-57.75000
41.784,-57.75000
41.834,-57.87500
41.885,-57.75000
41.936,-58.00000
41.986,-58.00000
42.037,-58.00000
42.088,-58.12500
42.139,-58.25000
42.189,-58.50000
42.240,-58.50000
42.291,-58.50000
42.341,-58.62500
42.392,-58.75000
42.443,-58.62500
42.494,-58.87500
42.544,-58.87500
42.595,-59.12500
42.646,-59.25000
42.696,-59.37500
42.747,-59.62500
42.798,-59.37500
42.849,-59.37500
42.899,-59.62500
42.950,-59.62500
43.001,-59.50000
43.051,-59.50000
43.102,-59.87500
43.153,-59.87500
43.204,-60.12500
43.254,-60.25000
43.305,-60.25000
43.356,-60.37500
43.406,-60.25000
43.457,-60.25000
43.508,-60.37500
43.559,-60.37500
43.609,-60.37500
43.660,-60.75000
43.711,-60.87500
43.761,-61.00000
43.812,-61.00000
43.863,-61.00000
43.914,-61.12500
43.964,-61.00000
44.015,-61.12500
44.066,-61.37500
44.116,-61.37500
44.167,-61.37500
44.218,-61.62500
44.269,-61.75000
44.319,-61.75000
44.370,-62.12500
44.421,-61.87500
44.471,-61.87500
44.522,-61.87500
44.573,-62.00000
44.624,-62.25000
44.674,-62.25000
44.725,-62.37500
44.776,-62.50000
44.826,-62.50000
44.877,-62.50000
44.928,-62.50000
44.979,-62.37500
45.029,-62.75000
45.080,-62.75000
45.131,-62.75000
45.182,-63.00000
45.232,-63.00000
45.283,-63.12500
45.334,-63.25000
45.384,-63.37500
45.435,-63.25000
45.486,-63.25000
45.537,-63.25000
45.587,-63.37500
45.638,-63.62500
45.689,-63.62500
45.739,-63.75000
45.790,-63.75000
45.841,-63.75000
45.892,-63.87500
45.942,-64.00000
45.993,-63.75000
46.044,-63.87500
46.094,-64.12500
46.145,-64.00000
46.196,-64.25000
46.247,-64.25000
46.297,-64.50000
46.348,-64.50000
46.399,-64.37500
46.449,-64.50000
46.500,-64.50000
46.551,-64.50000
46.602,-64.62500
46.652,-64.75000
46.703,-64.75000
46.754,-65.00000
46.804,-65.00000
46.855,-65.12500
46.906,-65.25000
46.957,-65.00000
47.007,-65.00000
47.058,-65.25000
47.109,-65.25000
47.159,-65.37500
47.210,-65.50000
47.261,-64.75000
47.312,-65.50000
47.362,-65.87500
47.413,-65.75000
47.464,-65.87500
47.514,-65.75000
47.565,-65.87500
47.616,-65.62500
47.667,-65.37500
47.717,-65.25000
47.768,-65.62500
47.819,-66.50000
47.869,-66.50000
47.920,-66.12500
47.971,-66.50000
48.022,-65.75000
48.072,-66.62500
48.123,-66.50000
48.174,-66.62500
48.225,-66.62500
48.275,-66.75000
48.326,-66.87500
48.377,-66.12500
48.427,-67.00000
48.478,-66.75000
48.529,-67.12500
48.580,-67.00000
48.630,-67.12500
48.681,-67.12500
48.732,-67.12500
48.782,-67.12500
48.833,-67.37500
48.884,-67.37500
48.935,-67.37500
48.985,-67.62500
49.036,-67.50000
49.087,-67.37500
49.137,-67.37500
49.188,-67.62500
49.239,-67.62500
49.290,-67.75000
49.340,-67.75000
49.391,-67.87500
49.442,-68.00000
49.492,-67.87500
49.543,-67.87500
49.594,-67.87500
49.645,-68.00000
49.695,-68.00000
49.746,-68.25000
49.797,-68.50000
49.847,-68.50000
49.898,-68.62500
49.949,-68.50000
50.000,-68.50000
50.050,-68.50000
50.101,-68.50000
50.152,-68.75000
50.203,-68.75000
50.253,-68.75000
50.304,-68.87500
50.355,-68.87500
50.405,-69.00000
50.456,-69.12500
50.507,-69.00000
50.558,-68.87500
50.608,-69.12500
50.659,-69.12500
50.710,-69.25000
50.760,-69.25000
50.811,-69.50000
50.862,-69.37500
50.913,-69.50000
50.963,-69.50000
51.014,-69.62500
51.065,-69.50000
51.115,-69.50000
51.166,-69.75000
51.217,-69.62500
51.268,-69.87500
51.318,-69.87500
51.369,-69.87500
51.420,-70.00000
51.470,-70.00000
51.521,-69.75000
51.572,-70.00000
51.623,-70.00000
51.673,-70.00000
51.724,-70.12500
51.775,-70.37500
51.825,-70.37500
51.876,-70.50000
51.927,-70.37500
51.978,-70.50000
52.028,-70.37500
52.079,-70.37500
52.130,-70.37500
52.180,-70.62500
52.231,-70.62500
52.282,-70.87500
52.333,-70.87500
52.383,-70.87500
52.434,-70.87500
52.485,-70.62500
52.535,-70.75000
52.586,-70.87500
52.637,-70.87500
52.688,-71.00000
52.738,-71.12500
52.789,-71.12500
52.840,-71.37500
52.890,-71.37500
52.941,-71.25000
52.992,-71.37500
53.043,-71.12500
53.093,-71.25000
53.144,-71.62500
53.195,-71.62500
53.245,-71.62500
53.296,-71.62500
53.347,-71.62500
53.398,-71.87500
53.448,-71.87500
53.499,-71.62500
53.550,-71.62500
53.600,-71.75000
53.651,-71.87500
53.702,-72.12500
53.753,-72.12500
53.803,-72.25000
53.854,-72.25000
53.905,-72.25000
53.955,-72.25000
54.006,-72.12500
54.057,-72.25000
54.108,-72.12500
54.158,-72.50000
54.209,-72.37500
54.260,-72.62500
54.311,-72.62500
54.361,-72.75000
54.412,-72.75000
54.463,-72.50000
54.513,-72.62500
54.564,-72.75000
54.615,-72.62500
54.666,-71.87500
54.716,-72.50000
54.767,-73.00000
54.818,-72.87500
54.868,-73.00000
54.919,-73.25000
54.970,-73.00000
55.021,-73.12500
55.071,-72.50000
55.122,-72.87500
55.173,-73.37500
55.223,-73.25000
55.274,-73.37500
55.325,-73.25000
55.376,-73.50000
55.426,-72.75000
55.477,-73.37500
55.528,-73.50000
55.578,-73.50000
55.629,-73.37500
55.680,-73.62500
55.731,-73.62500
55.781,-73.62500
55.832,-73.87500
55.883,-73.75000
55.933,-73.62500
55.984,-73.62500
56.035,-73.75000
56.086,-73.87500
56.136,-74.00000
56.187,-74.00000
56.238,-74.00000
56.288,-74.12500
56.339,-73.87500
56.390,-73.87500
56.441,-74.00000
56.491,-74.12500
56.542,-74.12500
56.593,-74.50000
56.644,-74.37500
56.694,-74.37500
56.745,-74.37500
56.796,-74.25000
56.846,-74.25000
56.897,-73.50000
56.948,-73.87500
56.998,-74.50000
57.049,-74.75000
57.100,-74.75000
57.151,-74.62500
57.201,-74.75000
57.252,-74.87500
57.303,-74.87500
57.354,-74.62500
57.404,-74.75000
57.455,-75.00000
57.506,-74.87500
57.556,-75.00000
57.607,-75.00000
57.658,-75.00000
57.709,-75.12500
57.759,-75.12500
57.810,-74.87500
57.861,-75.00000
57.911,-75.12500
57.962,-75.12500
58.013,-75.25000
58.064,-75.25000
58.114,-75.37500
58.165,-75.25000
58.216,-75.37500
58.266,-75.25000
58.317,-75.37500
58.368,-75.37500
58.419,-75.37500
58.469,-75.50000
58.520,-75.50000
58.571,-75.75000
58.621,-75.75000
58.672,-75.75000
58.723,-75.75000
58.774,-75.37500
58.824,-75.50000
58.875,-75.50000
58.926,-75.87500
58.976,-75.62500
59.027,-75.87500
59.078,-76.00000
59.129,-76.12500
59.179,-76.12500
59.230,-75.87500
59.281,-76.12500
59.331,-76.00000
59.382,-76.12500
59.433,-76.00000
59.484,-76.37500
59.534,-76.12500
59.585,-75.75000
59.636,-75.87500
59.687,-76.50000
59.737,-76.37500
59.788,-76.62500
59.839,-76.50000
59.889,-76.50000
59.940,-76.62500
59.991,-75.62500
60.042,-76.00000
60.092,-75.87500
60.143,-77.00000
60.194,-76.75000
60.244,-76.75000
60.295,-76.87500
60.346,-76.62500
60.397,-77.00000
60.447,-76.87500
60.498,-77.00000
60.549,-77.00000
60.599,-77.00000
60.650,-76.87500
60.701,-77.00000
60.752,-77.12500
60.802,-77.12500
60.853,-77.37500
60.904,-77.12500
60.954,-77.12500
61.005,-77.12500
61.056,-77.00000
61.107,-77.25000
61.157,-77.25000
61.208,-77.37500
61.259,-77.50000
61.309,-77.37500
61.360,-77.25000
61.411,-77.37500
61.462,-77.37500
61.512,-77.25000
61.563,-77.50000
61.614,-77.50000
61.664,-77.75000
61.715,-77.62500
61.766,-77.62500
61.817,-77.75000
61.867,-77.75000
61.918,-77.62500
61.969,-77.62500
62.019,-77.75000
62.070,-77.87500
62.121,-78.00000
62.172,-78.00000
62.222,-78.12500
62.273,-78.00000
62.324,-77.87500
62.374,-78.00000
62.425,-77.87500
62.476,-78.00000
62.527,-78.00000
62.577,-78.25000
62.628,-78.25000
62.679,-78.37500
62.730,-78.37500
62.780,-78.37500
62.831,-78.37500
62.882,-78.12500
62.932,-78.25000
62.983,-78.37500
63.034,-78.37500
63.085,-78.25000
63.135,-78.50000
63.186,-78.50000
63.237,-78.62500
63.287,-78.62500
63.338,-78.50000
63.389,-78.75000
63.440,-78.37500
63.490,-77.75000
63.541,-78.25000
63.592,-78.75000
63.642,-78.87500
63.693,-78.75000
63.744,-78.87500
63.794,-78.87500
63.845,-78.87500
63.896,-78.12500
63.947,-78.37500
63.997,-78.37500
64.048,-79.12500
64.099,-79.00000
64.149,-79.25000
64.200,-79.12500
64.251,-79.25000
64.302,-79.25000
64.352,-79.25000
64.403,-79.25000
64.454,-79.00000
64.505,-79.12500
64.555,-79.25000
64.606,-79.25000
64.657,-79.50000
64.707,-79.50000
64.758,-79.25000
64.809,-79.25000
64.860,-79.50000
64.910,-79.37500
64.961,-79.50000
65.012,-79.62500
65.062,-79.50000
65.113,-79.50000
65.164,-79.62500
65.215,-79.37500
65.265,-79.50000
65.316,-79.50000
65.367,-79.50000
65.417,-79.62500
65.468,-79.62500
65.519,-79.75000
65.570,-79.75000
65.620,-79.87500
65.671,-79.62500
65.722,-79.75000
65.772,-79.62500
65.823,-79.75000
65.874,-79.87500
65.924,-79.87500
65.975,-80.00000
66.026,-80.00000
66.076,-80.00000
66.127,-80.12500
66.177,-80.00000
66.228,-79.75000
66.279,-80.00000
66.329,-80.12500
66.380,-80.00000
66.431,-80.12500
66.481,-80.12500
66.532,-80.25000
66.582,-80.25000
66.633,-80.25000
66.684,-80.25000
66.734,-80.25000
66.785,-80.25000
66.836,-80.12500
66.886,-80.50000
66.937,-80.37500
66.987,-80.50000
67.038,-80.62500
67.089,-80.62500
67.139,-80.50000
67.190,-80.75000
67.241,-80.50000
67.291,-80.50000
67.342,-80.50000
67.393,-80.50000
67.443,-80.62500
67.494,-80.75000
67.545,-80.62500
67.595,-80.75000
67.646,-80.87500
67.697,-80.75000
67.747,-80.87500
67.798,-80.62500
67.849,-80.75000
67.899,-80.87500
67.950,-80.87500
68.001,-81.00000
68.051,-81.00000
68.102,-81.00000
68.153,-81.12500
68.203,-81.12500
68.254,-80.87500
68.305,-81.12500
68.355,-81.12500
68.406,-81.00000
68.456,-81.25000
68.507,-81.25000
68.558,-81.25000
68.608,-81.25000
68.659,-81.37500
68.710,-81.25000
68.760,-81.37500
68.811,-81.12500
68.862,-81.25000
68.912,-80.37500
68.963,-80.75000
69.014,-81.62500
69.064,-81.75000
69.115,-81.50000
69.165,-81.75000
69.216,-81.87500
69.267,-81.62500
69.317,-80.75000
69.368,-81.12500
69.419,-81.25000
69.469,-81.75000
69.520,-81.87500
69.570,-82.00000
69.621,-81.75000
69.672,-82.00000
69.722,-81.75000
69.773,-82.00000
69.824,-81.75000
69.874,-81.87500
69.925,-82.12500
69.976,-82.12500
70.026,-81.87500
70.077,-81.87500
70.128,-81.87500
70.178,-82.00000
70.229,-82.00000
70.279,-82.12500
70.330,-82.12500
70.381,-82.00000
70.431,-82.12500
70.482,-82.00000
70.533,-82.00000
70.583,-82.12500
70.634,-82.12500
70.685,-82.25000
70.735,-82.25000
70.786,-82.37500
70.836,-82.37500
70.887,-82.37500
70.938,-82.12500
70.988,-82.12500
71.039,-82.25000
71.090,-82.37500
71.140,-82.25000
71.191,-82.50000
71.242,-82.62500
71.292,-82.62500
71.343,-82.75000
71.393,-82.62500
71.444,-82.62500
71.495,-82.50000
71.545,-82.50000
71.596,-82.62500
71.647,-82.75000
71.697,-82.62500
71.748,-82.87500
71.798,-82.75000
71.849,-82.87500
71.900,-82.87500
71.950,-82.62500
72.001,-82.87500
72.052,-82.75000
72.102,-82.75000
72.153,-82.75000
72.204,-83.00000
72.254,-83.00000
72.305,-83.12500
72.356,-83.00000
72.406,-83.00000
72.457,-83.12500
72.507,-83.12500
72.558,-83.00000
72.609,-83.00000
72.659,-83.00000
72.710,-83.12500
72.761,-83.25000
72.811,-83.25000
72.862,-83.25000
72.912,-83.37500
72.963,-83.00000
73.014,-83.25000
73.064,-83.25000
73.115,-83.12500
73.166,-83.12500
73.216,-83.37500
73.267,-83.25000
73.318,-83.50000
73.368,-83.50000
73.419,-83.50000
73.469,-83.50000
73.520,-83.50000
73.571,-83.50000
73.621,-83.50000
73.672,-83.62500
73.723,-83.50000
73.773,-83.62500
73.824,-83.62500
73.874,-83.75000
73.925,-83.75000
73.976,-83.62500
74.026,-83.62500
74.077,-83.62500
74.128,-83.62500
74.178,-83.50000
74.229,-83.75000
74.280,-83.75000
74.330,-83.87500
74.381,-84.00000
74.432,-83.87500
74.482,-83.87500
74.533,-84.00000
74.584,-83.75000
74.634,-83.75000
74.685,-83.87500
74.735,-83.87500
74.786,-84.00000
74.837,-84.00000
74.887,-84.00000
74.938,-84.12500
74.989,-84.00000
75.039,-84.12500
75.090,-84.00000
75.140,-83.87500
75.191,-84.00000
75.242,-84.12500
75.292,-84.00000
75.343,-84.25000
75.394,-84.12500
75.444,-84.25000
75.495,-84.25000
75.545,-84.37500
75.596,-84.00000
75.647,-84.25000
75.697,-84.25000
75.748,-84.25000
75.799,-84.37500
75.849,-84.50000
75.900,-84.50000
75.950,-84.62500
76.001,-84.37500
76.052,-84.50000
76.102,-84.62500
76.153,-84.37500
76.204,-84.37500
76.254,-84.50000
76.305,-84.50000
76.356,-84.62500
76.406,-84.62500
76.457,-84.62500
76.507,-84.62500
76.558,-84.75000
76.609,-84.62500
76.659,-84.75000
76.710,-84.62500
76.761,-84.75000
76.811,-84.75000
76.862,-84.75000
76.912,-84.87500
76.963,-85.00000
77.014,-84.87500
77.064,-84.87500
77.115,-85.00000
77.166,-84.62500
77.216,-84.75000
77.267,-84.75000
77.317,-84.75000
77.368,-84.75000
77.419,-85.00000
77.469,-85.00000
77.520,-85.25000
77.571,-85.12500
77.621,-85.00000
77.672,-85.00000
77.723,-84.87500
77.773,-84.87500
77.824,-85.00000
77.874,-85.00000
77.925,-85.00000
77.976,-85.25000
78.026,-85.25000
78.077,-85.25000
78.128,-85.25000
78.178,-85.12500
78.229,-85.25000
78.280,-85.25000
78.330,-85.25000
78.381,-85.12500
78.431,-85.37500
78.482,-85.37500
78.533,-85.50000
78.583,-85.50000
78.634,-85.50000
78.685,-85.50000
78.735,-85.37500
78.786,-85.25000
78.837,-85.50000
78.887,-85.50000
78.938,-85.50000
78.988,-85.62500
79.039,-85.62500
79.090,-85.62500
79.140,-85.75000
79.191,-85.50000
79.242,-85.62500
79.292,-85.37500
79.343,-85.50000
79.393,-85.37500
79.444,-85.62500
79.495,-85.75000
79.545,-85.87500
79.596,-85.87500
79.647,-85.87500
79.697,-85.87500
79.748,-85.62500
79.799,-85.75000
79.849,-85.75000
79.900,-85.75000
79.950,-85.75000
80.001,-86.00000
80.052,-85.87500
80.102,-86.00000
80.153,-86.00000
80.204,-86.00000
80.254,-86.00000
80.305,-86.00000
80.356,-85.75000
80.406,-85.75000
80.457,-86.12500
80.508,-86.00000
80.559,-86.12500
80.609,-86.12500
80.660,-86.12500
80.711,-86.25000
80.762,-86.00000
80.813,-86.00000
80.863,-86.12500
80.914,-86.12500
80.965,-86.12500
81.015,-86.25000
81.066,-86.37500
81.117,-86.50000
81.167,-86.50000
81.218,-86.25000
81.269,-86.37500
81.319,-86.37500
81.370,-86.25000
81.421,-86.37500
81.471,-86.37500
81.522,-86.37500
81.573,-86.37500
81.624,-86.37500
81.674,-86.62500
81.725,-86.62500
81.776,-86.50000
81.826,-86.50000
81.877,-86.50000
81.928,-86.50000
81.978,-86.62500
82.029,-86.62500
82.080,-86.75000
82.130,-86.87500
82.181,-86.87500
82.232,-86.75000
82.283,-86.87500
82.333,-86.75000
82.384,-86.62500
82.435,-86.75000
82.485,-86.75000
82.536,-86.87500
82.587,-86.87500
82.637,-86.87500
82.688,-86.87500
82.739,-87.00000
82.789,-86.87500
82.840,-86.87500
82.891,-87.00000
82.942,-86.87500
82.992,-86.87500
83.043,-87.00000
83.094,-87.12500
83.144,-87.00000
83.195,-87.12500
83.246,-87.00000
83.296,-87.25000
83.347,-86.87500
83.398,-87.00000
83.449,-86.87500
83.499,-87.00000
83.550,-87.25000
83.601,-87.25000
83.651,-87.25000
83.702,-87.25000
83.753,-87.12500
83.804,-87.12500
83.854,-87.25000
83.905,-87.12500
83.956,-87.25000
84.006,-87.25000
84.057,-87.25000
84.108,-87.25000
84.159,-87.50000
84.209,-87.37500
84.260,-87.25000
84.311,-87.12500
84.361,-87.25000
84.412,-87.37500
84.463,-87.37500
84.514,-87.37500
84.564,-87.50000
84.615,-87.50000
84.666,-87.62500
84.716,-87.50000
84.767,-87.50000
84.818,-87.62500
84.868,-87.37500
84.919,-87.50000
84.970,-87.62500
85.021,-87.50000
85.071,-87.62500
85.122,-87.62500
85.173,-87.75000
85.223,-87.62500
85.274,-87.75000
85.325,-87.62500
85.376,-87.62500
85.426,-87.62500
85.477,-87.62500
85.528,-87.75000
85.578,-87.87500
85.629,-87.75000
85.680,-88.00000
85.731,-87.87500
85.781,-87.75000
85.832,-87.87500
85.883,-87.75000
85.933,-87.75000
85.984,-88.00000
86.035,-88.00000
86.085,-88.00000
86.136,-88.00000
86.187,-88.00000
86.238,-88.00000
86.288,-88.00000
86.339,-87.75000
86.390,-87.87500
86.440,-87.75000
86.491,-87.75000
86.542,-88.00000
86.592,-88.00000
86.643,-88.12500
86.694,-88.12500
86.745,-88.00000
86.795,-87.87500
86.846,-88.12500
86.897,-87.87500
86.947,-87.87500
86.998,-88.12500
87.049,-88.00000
87.100,-88.25000
87.150,-88.25000
87.201,-88.12500
87.252,-88.25000
87.302,-88.00000
87.353,-88.12500
87.404,-88.12500
87.454,-88.12500
87.505,-88.12500
87.556,-88.37500
87.607,-88.50000
87.657,-88.50000
87.708,-88.37500
87.759,-88.37500
87.809,-88.50000
87.860,-88.25000
87.911,-88.37500
87.962,-88.50000
88.012,-88.37500
88.063,-88.37500
88.114,-88.50000
88.164,-88.50000
88.215,-88.62500
88.266,-88.62500
88.316,-88.37500
88.367,-88.50000
88.418,-88.50000
88.469,-88.37500
88.519,-88.75000
88.570,-88.62500
88.621,-88.75000
88.671,-88.75000
88.722,-88.75000
88.773,-88.87500
88.823,-88.75000
88.874,-88.62500
88.925,-88.62500
88.976,-88.87500
89.026,-88.87500
89.077,-88.87500
89.128,-89.00000
89.178,-89.00000
89.229,-89.00000
89.280,-89.12500
89.330,-89.00000
89.381,-88.37500
89.432,-88.50000
89.483,-89.00000
89.533,-89.12500
89.584,-88.87500
89.635,-89.25000
89.685,-89.12500
89.736,-88.00000
89.787,-88.37500
89.837,-89.12500
89.888,-89.25000
89.939,-88.87500
89.990,-89.25000
90.040,-89.12500
90.091,-89.12500
90.142,-89.25000
90.192,-89.12500
90.243,-89.12500
90.294,-89.37500
90.344,-89.25000
90.395,-89.25000
90.446,-89.00000
90.497,-89.12500
90.547,-89.37500
90.598,-89.25000
90.649,-89.25000
90.699,-89.37500
90.750,-89.25000
90.800,-89.12500
90.851,-89.25000
90.902,-89.50000
90.952,-89.50000
91.003,-89.50000
91.054,-89.50000
91.104,-89.37500
91.155,-89.50000
91.205,-89.50000
91.256,-89.50000
91.307,-89.62500
91.357,-89.50000
91.408,-89.50000
91.459,-89.50000
91.509,-89.62500
91.560,-89.75000
91.611,-89.62500
91.661,-89.50000
91.712,-89.62500
91.763,-89.75000
91.813,-89.50000
91.864,-89.75000
91.915,-89.75000
91.965,-89.75000
92.016,-89.87500
92.067,-89.75000
92.117,-89.75000
92.168,-89.87500
92.219,-89.62500
92.269,-89.62500
92.320,-89.75000
92.371,-89.62500
92.421,-89.75000
92.472,-89.87500
92.523,-89.87500
92.573,-90.00000
92.624,-90.00000
92.674,-89.87500
92.725,-89.87500
92.776,-89.87500
92.826,-89.87500
92.877,-89.87500
92.928,-90.12500
92.978,-90.00000
93.029,-90.12500
93.080,-90.12500
93.130,-90.00000
93.181,-90.12500
93.232,-89.87500
93.282,-90.00000
93.333,-90.00000
93.383,-90.00000
93.434,-89.87500
93.485,-90.12500
93.535,-90.12500
93.586,-90.25000
93.637,-90.12500
93.687,-90.12500
93.738,-90.25000
93.789,-90.00000
93.839,-90.00000
93.890,-90.00000
93.941,-90.25000
93.991,-90.25000
94.042,-90.25000
94.092,-90.25000
94.143,-90.50000
94.194,-90.50000
94.244,-90.25000
94.295,-90.25000
94.346,-90.25000
94.396,-90.25000
94.447,-90.25000
94.498,-90.37500
94.548,-90.50000
94.599,-90.50000
94.650,-90.62500
94.700,-90.50000
94.751,-90.50000
94.802,-90.25000
94.852,-90.25000
94.903,-90.50000
94.954,-90.50000
95.004,-90.37500
95.055,-90.50000
95.106,-90.50000
95.156,-90.62500
95.207,-90.62500
95.258,-90.62500
95.308,-90.50000
95.359,-90.37500
95.410,-90.50000
95.460,-90.37500
95.511,-90.62500
95.562,-90.62500
95.612,-90.62500
95.663,-90.75000
95.714,-90.62500
95.764,-90.75000
95.815,-90.62500
95.866,-90.62500
95.916,-90.75000
95.967,-90.62500
96.018,-90.62500
96.068,-90.75000
96.119,-90.75000
96.169,-90.87500
96.220,-91.00000
96.271,-90.75000
96.321,-90.87500
96.372,-90.50000
96.423,-90.75000
96.473,-90.75000
96.524,-90.87500
96.575,-90.87500
96.625,-90.87500
96.676,-91.00000
96.727,-91.00000
96.777,-91.00000
96.828,-90.87500
96.879,-90.87500
96.930,-91.00000
96.980,-90.87500
97.031,-90.87500
97.082,-91.00000
97.133,-91.25000
97.184,-91.25000
97.235,-91.12500
97.285,-91.12500
97.336,-91.12500
97.387,-91.00000
97.437,-91.12500
97.488,-91.12500
97.539,-91.12500
97.590,-91.12500
97.640,-91.12500
97.691,-91.25000
97.742,-91.25000
97.792,-91.25000
97.843,-91.12500
97.894,-91.12500
97.944,-91.00000
97.995,-91.00000
98.046,-91.25000
98.097,-91.25000
98.147,-91.37500
98.198,-91.37500
98.249,-91.37500
98.299,-91.37500
98.350,-91.50000
98.401,-91.25000
98.451,-91.25000
98.502,-91.37500
98.553,-91.25000
98.604,-91.62500
98.654,-91.62500
98.705,-91.75000
98.756,-91.50000
98.806,-91.37500
98.857,-91.50000
98.908,-91.37500
98.958,-91.50000
99.009,-91.37500
99.060,-91.62500
99.111,-91.62500
99.161,-91.62500
99.212,-91.62500
99.263,-91.50000
99.313,-91.75000
99.364,-91.37500
99.415,-91.25000
99.465,-91.62500
99.516,-91.50000
99.567,-91.37500
99.618,-91.62500
99.668,-91.75000
99.719,-91.75000
99.770,-91.75000
99.820,-91.62500
99.871,-91.62500
99.922,-91.62500
99.973,-91.75000
100.023,-91.75000
100.074,-91.75000
100.125,-91.75000
100.175,-91.87500
100.226,-91.87500
100.277,-91.87500
100.327,-92.00000
100.378,-91.62500
100.429,-91.75000
100.480,-91.75000
100.530,-92.00000
100.581,-92.00000
100.632,-92.00000
100.682,-91.87500
100.733,-92.12500
100.784,-92.12500
100.834,-92.00000
100.885,-92.25000
100.936,-91.87500
100.987,-92.00000
101.037,-92.00000
101.088,-92.12500
101.139,-92.12500
101.189,-92.25000
101.240,-92.25000
101.291,-92.25000
101.342,-92.25000
101.392,-92.25000
101.443,-92.12500
101.494,-92.00000
101.544,-92.00000
101.595,-92.12500
101.646,-92.12500
101.696,-92.25000
101.747,-92.12500
101.798,-92.12500
101.849,-92.25000
101.899,-92.37500
101.950,-92.12500
102.001,-92.12500
102.051,-92.25000
102.102,-92.25000
102.153,-92.37500
102.204,-92.37500
102.254,-92.62500
102.305,-92.62500
102.356,-92.25000
102.406,-92.25000
102.457,-92.25000
102.508,-92.12500
102.559,-92.25000
102.609,-92.37500
102.660,-92.37500
102.711,-92.50000
102.761,-92.50000
102.812,-92.50000
102.863,-92.62500
102.914,-92.50000
102.964,-92.50000
103.015,-92.62500
103.066,-92.50000
103.116,-92.62500
103.167,-92.62500
103.218,-92.75000
103.268,-92.75000
103.319,-92.75000
103.370,-92.62500
103.421,-92.75000
103.471,-92.62500
103.522,-92.62500
103.573,-92.62500
103.623,-92.87500
103.674,-92.75000
103.725,-92.87500
103.776,-92.87500
103.826,-92.87500
103.877,-92.87500
103.928,-92.62500
103.978,-92.75000
104.029,-92.75000
104.080,-92.75000
104.131,-92.87500
104.181,-93.00000
104.232,-92.87500
104.283,-93.00000
104.333,-93.00000
104.384,-92.87500
104.435,-92.87500
104.485,-92.75000
104.536,-92.75000
104.587,-92.87500
104.638,-92.87500
104.688,-93.12500
104.739,-93.12500
104.790,-93.00000
104.840,-93.25000
104.891,-93.25000
104.942,-93.00000
104.993,-93.12500
105.043,-93.12500
105.094,-93.00000
105.145,-93.25000
105.195,-93.12500
105.246,-93.25000
105.297,-93.25000
105.348,-93.25000
105.398,-93.25000
105.449,-93.00000
105.500,-93.00000
105.550,-93.12500
105.601,-93.25000
105.652,-93.25000
105.702,-93.37500
105.753,-93.37500
105.804,-93.37500
105.855,-93.37500
105.905,-93.37500
105.956,-93.25000
106.007,-93.25000
106.057,-93.12500
106.108,-93.25000
106.159,-93.50000
106.210,-93.25000
106.260,-93.50000
106.311,-93.50000
106.362,-93.50000
106.412,-93.50000
106.463,-93.25000
106.514,-93.37500
106.564,-93.37500
106.615,-93.37500
106.666,-93.25000
106.717,-93.50000
106.767,-93.50000
106.818,-93.62500
106.869,-93.62500
106.919,-93.25000
106.970,-93.62500
107.021,-93.37500
107.072,-93.50000
107.122,-93.62500
107.173,-93.62500
107.224,-93.50000
107.274,-93.75000
107.325,-93.62500
107.376,-93.75000
107.427,-93.87500
107.477,-93.50000
107.528,-93.50000
107.579,-93.62500
107.629,-93.50000
107.680,-93.87500
107.731,-93.75000
107.782,-93.87500
107.832,-94.00000
107.883,-94.00000
107.934,-93.75000
107.984,-93.87500
108.035,-93.75000
108.086,-93.75000
108.136,-93.87500
108.187,-93.87500
108.238,-94.00000
108.289,-94.00000
108.339,-94.00000
108.390,-94.12500
108.441,-93.75000
108.491,-93.87500
108.542,-94.00000
108.593,-93.75000
108.644,-93.75000
108.694,-94.00000
108.745,-94.12500
108.796,-94.00000
108.846,-94.00000
108.897,-94.12500
108.948,-94.12500
108.999,-94.12500
109.049,-94.00000
109.100,-94.00000
109.151,-94.25000
109.201,-94.00000
109.252,-94.12500
109.303,-94.25000
109.353,-94.25000
109.404,-94.25000
109.455,-94.00000
109.506,-94.12500
109.556,-94.12500
109.607,-94.12500
109.658,-94.00000
109.708,-94.25000
109.759,-94.25000
109.810,-94.37500
109.861,-94.37500
109.911,-94.25000
109.962,-94.37500
110.013,-94.25000
110.063,-94.12500
110.114,-94.25000
110.165,-94.25000
110.216,-94.37500
110.266,-94.37500
110.317,-94.37500
110.368,-94.50000
110.418,-94.50000
110.469,-94.37500
110.520,-94.37500
110.570,-94.25000
110.621,-94.25000
110.672,-94.50000
110.723,-94.50000
110.773,-94.50000
110.824,-94.50000
110.875,-94.62500
110.925,-94.50000
110.976,-94.50000
111.027,-94.50000
111.078,-94.37500
111.128,-94.62500
111.179,-94.50000
111.230,-94.50000
111.280,-94.62500
111.331,-94.62500
111.382,-94.50000
111.433,-94.50000
111.483,-94.37500
111.534,-94.62500
111.585,-94.25000
111.635,-94.50000
111.686,-94.62500
111.737,-94.62500
111.787,-94.62500
111.838,-94.62500
111.889,-94.62500
111.940,-94.62500
111.990,-94.37500
112.041,-94.50000
112.092,-94.62500
112.142,-94.62500
112.193,-94.62500
112.244,-94.87500
112.295,-94.75000
112.345,-94.87500
112.396,-94.87500
112.447,-94.75000
112.497,-94.75000
112.548,-94.62500
112.599,-94.62500
112.650,-94.62500
112.700,-94.87500
112.751,-94.75000
112.802,-94.87500
112.852,-94.87500
112.903,-94.87500
112.954,-94.87500
113.004,-94.75000
113.055,-94.87500
113.106,-94.87500
113.157,-94.87500
113.207,-95.00000
113.258,-95.00000
113.309,-94.87500
113.359,-95.12500
113.410,-95.12500
113.461,-95.00000
113.512,-95.12500
113.562,-95.00000
113.613,-94.75000
113.664,-95.00000
113.714,-95.00000
113.765,-95.12500
113.816,-95.12500
113.866,-95.12500
113.917,-95.25000
113.968,-95.25000
114.018,-95.00000
114.069,-95.12500
114.119,-95.00000
114.170,-94.87500
114.221,-95.25000
114.271,-95.25000
114.322,-95.12500
114.373,-95.37500
114.423,-95.25000
114.474,-95.37500
114.524,-95.25000
114.575,-95.00000
114.626,-95.12500
114.676,-95.25000
114.727,-95.12500
114.778,-95.37500
114.828,-95.37500
114.879,-95.50000
114.930,-95.50000
114.980,-95.37500
115.031,-95.25000
115.082,-95.37500
115.132,-95.25000
115.183,-95.25000
115.233,-95.37500
115.284,-95.37500
115.335,-95.37500
115.385,-95.50000
115.436,-95.50000
115.487,-95.50000
115.537,-95.62500
115.588,-95.62500
115.639,-95.50000
115.689,-95.62500
115.740,-95.75000
115.791,-95.62500
115.841,-95.75000
115.892,-95.12500
115.942,-95.75000
115.993,-96.00000
116.044,-95.87500
116.094,-95.87500
116.145,-95.75000
116.196,-95.62500
116.246,-95.25000
116.297,-94.87500
116.348,-95.87500
116.398,-95.75000
116.449,-95.87500
116.499,-95.62500
116.550,-95.87500
116.601,-95.50000
116.651,-95.62500
116.702,-95.87500
116.753,-95.87500
116.803,-95.87500
116.854,-95.75000
116.905,-95.75000
116.955,-95.87500
117.006,-95.87500
117.056,-95.75000
117.107,-95.50000
117.158,-95.75000
117.208,-95.75000
117.259,-95.87500
117.310,-96.00000
117.360,-95.87500
117.411,-96.00000
117.461,-96.00000
117.512,-95.75000
117.563,-95.75000
117.613,-95.75000
117.664,-95.75000
117.715,-96.00000
117.765,-96.12500
117.816,-96.00000
117.867,-96.00000
117.917,-96.12500
117.968,-95.87500
118.018,-96.00000
118.069,-95.87500
118.120,-95.87500
118.170,-96.12500
118.221,-96.25000
118.272,-96.12500
118.322,-96.25000
118.373,-96.25000
118.424,-96.25000
118.474,-96.25000
118.525,-96.12500
118.576,-96.12500
118.626,-96.25000
118.677,-96.00000
118.727,-96.12500
118.778,-96.25000
118.829,-96.25000
118.879,-96.37500
118.930,-96.37500
118.981,-96.25000
119.031,-96.37500
119.082,-96.25000
119.133,-96.12500
119.183,-95.50000
119.234,-96.50000
119.285,-96.25000
119.335,-96.50000
119.386,-96.50000
119.436,-96.37500
119.487,-96.37500
119.538,-96.50000
119.588,-96.50000
119.639,-96.25000
119.690,-96.37500
119.740,-96.37500
119.791,-96.50000
119.842,-96.50000
119.892,-96.50000
119.943,-96.62500
119.993,-96.50000
120.044,-96.50000
120.095,-96.37500
120.145,-96.50000
120.196,-96.50000
120.247,-95.62500
120.297,-96.62500
120.348,-96.37500
120.399,-96.50000
120.449,-96.75000
120.500,-96.62500
120.551,-96.50000
120.602,-96.50000
120.652,-96.75000
120.703,-96.75000
120.754,-96.87500
120.804,-96.75000
120.855,-96.75000
120.906,-96.50000
120.956,-96.62500
121.007,-96.62500
121.058,-96.75000
121.109,-96.87500
121.159,-96.87500
121.210,-96.87500
121.261,-96.87500
121.311,-96.75000
121.362,-96.75000
121.413,-96.75000
121.464,-96.87500
121.514,-96.75000
121.565,-96.87500
121.616,-96.87500
121.666,-96.87500
121.717,-96.87500
121.768,-96.75000
121.819,-96.75000
121.869,-96.62500
121.920,-96.75000
121.971,-96.87500
122.021,-96.75000
122.072,-96.75000
122.123,-96.87500
122.174,-97.00000
122.224,-97.00000
122.275,-97.00000
122.326,-96.87500
122.376,-96.75000
122.427,-97.00000
122.478,-96.87500
122.529,-97.00000
122.579,-97.12500
122.630,-97.12500
122.681,-97.12500
122.731,-97.12500
122.782,-97.00000
122.833,-97.12500
122.884,-97.00000
122.934,-96.87500
122.985,-97.12500
123.036,-97.12500
123.086,-97.12500
123.137,-97.00000
123.188,-97.12500
123.239,-97.12500
123.289,-97.25000
123.340,-97.00000
123.391,-97.00000
123.441,-97.12500
123.492,-97.12500
123.543,-97.25000
123.593,-97.12500
123.644,-97.25000
123.695,-97.25000
123.746,-97.00000
123.796,-97.12500
123.847,-97.12500
123.898,-97.12500
123.948,-97.00000
123.999,-97.25000
124.050,-97.25000
124.101,-97.37500
124.151,-97.37500
124.202,-97.37500
124.253,-97.37500
124.304,-97.25000
124.354,-97.25000
124.405,-97.37500
124.456,-97.12500
124.506,-97.25000
124.557,-97.50000
124.608,-97.25000
124.659,-97.37500
124.709,-97.50000
124.760,-97.37500
124.811,-97.37500
124.861,-97.25000
124.912,-97.25000
124.963,-97.50000
125.014,-97.50000
125.064,-97.50000
125.115,-97.62500
125.166,-97.62500
125.216,-97.62500
125.267,-97.62500
125.318,-97.25000
125.369,-97.50000
125.419,-97.50000
125.470,-97.50000
125.521,-97.75000
125.571,-97.62500
125.622,-97.62500
125.673,-97.75000
125.724,-97.75000
125.774,-97.62500
125.825,-97.62500
125.876,-97.62500
125.926,-97.50000
125.977,-97.75000
126.028,-97.75000
126.079,-97.87500
126.129,-97.75000
126.180,-97.75000
126.231,-97.87500
126.281,-98.00000
126.332,-97.62500
126.383,-97.62500
126.434,-97.75000
126.484,-97.75000
126.535,-97.87500
126.586,-97.87500
126.636,-97.87500
126.687,-98.00000
126.738,-97.87500
126.789,-97.87500
126.839,-97.75000
126.890,-97.75000
126.941,-97.62500
126.991,-97.87500
127.042,-97.87500
127.093,-98.00000
127.144,-97.87500
127.194,-98.00000
127.245,-98.00000
127.296,-97.87500
127.346,-97.87500
127.397,-97.87500
127.448,-98.00000
127.499,-97.87500
127.549,-98.00000
127.600,-98.00000
127.651,-98.12500
127.702,-98.12500
127.752,-98.00000
127.803,-98.12500
127.854,-97.75000
127.904,-97.75000
127.955,-98.00000
128.006,-98.00000
128.057,-98.12500
128.107,-98.00000
128.158,-98.00000
128.209,-98.12500
128.259,-98.25000
128.310,-98.00000
128.361,-98.00000
128.412,-98.12500
128.462,-98.00000
128.513,-98.37500
128.564,-98.25000
128.614,-98.25000
128.665,-98.25000
128.716,-98.37500
128.767,-98.25000
128.817,-98.37500
128.868,-98.12500
128.919,-98.00000
128.969,-98.37500
129.020,-98.25000
129.071,-98.37500
129.122,-98.37500
129.172,-98.37500
129.223,-98.37500
129.274,-98.25000
129.324,-98.25000
129.375,-98.25000
129.426,-98.25000
129.477,-98.25000
129.527,-98.50000
129.578,-98.50000
129.629,-98.50000
129.679,-98.50000
129.730,-98.37500
129.781,-98.50000
129.832,-98.37500
129.882,-98.37500
129.934,-98.50000
129.984,-98.37500
130.035,-98.37500
130.086,-98.62500
130.136,-98.50000
130.187,-98.62500
130.237,-98.62500
130.288,-98.50000
130.339,-98.50000
130.389,-98.50000
130.440,-98.37500
130.491,-98.62500
130.541,-98.62500
130.592,-98.50000
130.643,-98.62500
130.693,-98.75000
130.744,-98.75000
130.794,-98.75000
130.845,-98.37500
130.896,-98.50000
130.946,-98.62500
130.997,-98.75000
131.048,-98.62500
131.098,-98.75000
131.149,-98.75000
131.200,-98.75000
131.250,-98.87500
131.301,-98.62500
131.351,-98.62500
131.402,-98.62500
131.453,-98.75000
131.503,-98.75000
131.554,-98.87500
131.605,-98.87500
131.655,-99.00000
131.706,-99.00000
131.757,-98.75000
131.807,-99.00000
131.858,-98.62500
131.909,-98.75000
131.959,-98.87500
132.010,-98.75000
132.061,-98.75000
132.111,-98.87500
132.162,-98.87500
132.213,-99.00000
132.263,-99.00000
132.314,-98.87500
132.365,-98.87500
132.415,-98.87500
132.466,-98.75000
132.516,-98.75000
132.567,-99.00000
132.618,-98.87500
132.668,-99.12500
132.719,-99.12500
132.770,-99.12500
132.820,-99.12500
132.871,-98.87500
132.922,-99.00000
132.972,-99.00000
133.023,-99.00000
133.074,-98.87500
133.124,-99.12500
133.175,-99.00000
133.226,-98.62500
133.276,-99.12500
133.327,-98.87500
133.378,-99.12500
133.428,-99.12500
133.479,-99.00000
133.530,-99.25000
133.580,-98.50000
133.631,-98.50000
133.682,-99.12500
133.732,-99.25000
133.783,-99.00000
133.834,-99.00000
133.884,-99.25000
133.935,-99.12500
133.986,-99.25000
134.036,-99.37500
134.087,-99.12500
134.138,-99.12500
134.188,-99.12500
134.239,-99.37500
134.290,-99.50000
134.340,-99.25000
134.391,-99.12500
134.442,-99.37500
134.492,-99.37500
134.543,-99.37500
134.594,-99.50000
134.644,-99.37500
134.695,-99.37500
134.746,-99.50000
134.796,-99.37500
134.847,-99.12500
134.898,-99.37500
134.948,-99.37500
134.999,-99.37500
135.050,-99.50000
135.100,-99.50000
135.151,-99.37500
135.202,-99.50000
135.252,-99.25000
135.303,-99.12500
135.354,-99.37500
135.404,-99.37500
135.455,-99.50000
135.506,-99.50000
135.556,-99.50000
135.607,-99.62500
135.658,-99.25000
135.708,-99.37500
135.759,-99.37500
135.810,-99.37500
135.860,-99.37500
135.911,-99.50000
135.962,-99.50000
136.012,-99.62500
136.063,-99.62500
136.114,-99.62500
136.164,-99.62500
136.215,-99.62500
136.266,-99.50000
136.316,-99.50000
136.367,-99.62500
136.417,-99.62500
136.468,-99.62500
136.519,-99.62500
136.569,-99.75000
136.620,-99.75000
136.671,-99.50000
136.721,-99.62500
136.772,-99.50000
136.823,-99.00000
136.873,-99.87500
136.924,-100.00000
136.975,-99.87500
137.025,-99.87500
137.076,-99.87500
137.127,-99.50000
137.177,-98.75000
137.228,-99.37500
137.279,-100.00000
137.329,-99.75000
137.380,-100.00000
137.431,-100.00000
137.481,-99.87500
137.532,-99.12500
137.583,-99.62500
137.633,-99.87500
137.684,-100.00000
137.735,-100.00000
137.785,-100.00000
137.836,-99.75000
137.887,-99.75000
137.937,-99.87500
137.988,-100.00000
138.039,-100.00000
138.089,-100.00000
138.140,-99.87500
138.191,-99.87500
138.241,-99.87500
138.292,-99.87500
138.343,-100.00000
138.393,-100.00000
138.444,-100.00000
138.495,-100.12500
138.545,-100.12500
138.596,-100.12500
138.647,-100.00000
138.697,-100.00000
138.748,-99.87500
138.799,-100.00000
138.849,-100.00000
138.900,-100.00000
138.951,-100.00000
139.001,-99.62500
139.052,-100.25000
139.103,-100.25000
139.153,-100.25000
139.204,-100.25000
139.254,-100.00000
139.305,-100.25000
139.356,-99.50000
139.406,-99.50000
139.457,-100.37500
139.508,-100.37500
139.558,-100.37500
139.609,-100.37500
139.660,-100.37500
139.710,-99.50000
139.761,-100.25000
139.811,-100.37500
139.862,-100.12500
139.913,-100.25000
139.963,-100.37500
140.014,-100.37500
140.065,-100.25000
140.115,-100.25000
140.166,-100.25000
140.217,-100.12500
140.267,-100.37500
140.318,-100.37500
140.369,-100.50000
140.419,-100.62500
140.470,-100.50000
140.521,-100.25000
140.571,-100.37500
140.622,-100.25000
140.673,-100.25000
140.723,-100.37500
140.774,-100.50000
140.825,-100.62500
140.875,-100.62500
140.926,-100.62500
140.977,-100.50000
141.027,-100.62500
141.078,-100.37500
141.129,-100.37500
141.179,-100.50000
141.230,-100.50000
141.280,-100.62500
141.331,-100.50000
141.382,-100.62500
141.432,-100.62500
141.483,-100.62500
141.534,-100.50000
141.584,-100.50000
141.635,-100.62500
141.686,-100.37500
141.736,-100.50000
141.787,-100.62500
141.838,-100.75000
141.888,-100.75000
141.939,-100.75000
141.990,-100.62500
142.040,-100.75000
142.091,-100.62500
142.142,-100.62500
142.192,-100.75000
142.243,-100.62500
142.294,-100.75000
142.344,-100.75000
142.395,-100.75000
142.445,-100.87500
142.496,-100.87500
142.547,-100.75000
142.597,-100.87500
142.648,-100.75000
142.699,-100.75000
142.749,-100.87500
142.800,-100.87500
142.851,-101.12500
142.901,-101.00000
142.952,-101.00000
143.002,-100.87500
143.053,-101.00000
143.104,-100.75000
143.154,-100.87500
143.205,-100.87500
143.256,-100.87500
143.306,-101.00000
143.357,-101.00000
143.407,-101.12500
143.458,-101.12500
143.509,-101.00000
143.559,-101.00000
143.610,-101.00000
143.661,-100.87500
143.711,-100.75000
143.762,-101.00000
143.813,-101.00000
143.863,-101.00000
143.914,-101.12500
143.965,-101.00000
144.015,-101.12500
144.066,-101.12500
144.117,-100.87500
144.167,-101.00000
144.218,-101.00000
144.269,-101.12500
144.319,-101.12500
144.370,-101.25000
144.420,-101.25000
144.471,-101.37500
144.522,-101.25000
144.572,-101.25000
144.623,-101.25000
144.674,-101.00000
144.724,-101.00000
144.775,-101.12500
144.826,-101.12500
144.876,-101.00000
144.927,-101.12500
144.978,-101.37500
145.028,-101.25000
145.079,-101.37500
145.129,-101.25000
145.180,-101.25000
145.231,-101.25000
145.281,-101.12500
145.332,-101.37500
145.383,-101.37500
145.433,-101.25000
145.484,-101.37500
145.535,-101.50000
145.585,-101.50000
145.636,-101.50000
145.687,-101.25000
145.737,-101.25000
145.788,-101.25000
145.839,-101.37500
145.889,-101.25000
145.940,-101.50000
145.991,-101.37500
146.041,-101.50000
146.092,-101.37500
146.143,-101.37500
146.194,-101.50000
146.244,-101.25000
146.295,-101.37500
146.346,-101.50000
146.396,-101.50000
146.447,-101.62500
146.498,-101.62500
146.548,-101.62500
146.599,-101.62500
146.650,-101.62500
146.700,-101.37500
146.751,-101.37500
146.801,-101.50000
146.852,-101.50000
146.903,-101.75000
146.953,-101.62500
147.004,-101.62500
147.055,-101.75000
147.105,-101.75000
147.156,-101.62500
147.207,-101.62500
147.257,-101.50000
147.308,-101.50000
147.359,-101.62500
147.409,-101.62500
147.460,-101.62500
147.510,-101.75000
147.561,-101.75000
147.612,-101.37500
147.662,-101.75000
147.713,-101.75000
147.764,-102.00000
147.814,-101.62500
147.865,-101.75000
147.916,-101.87500
147.966,-101.50000
148.017,-101.12500
148.067,-101.12500
148.118,-101.50000
148.169,-102.00000
148.219,-102.00000
148.270,-102.00000
148.321,-102.00000
148.371,-101.87500
148.422,-101.87500
148.473,-101.87500
148.523,-101.75000
148.574,-102.00000
148.625,-102.12500
148.675,-102.00000
148.726,-101.87500
148.776,-101.50000
148.827,-102.00000
148.878,-101.87500
148.928,-102.00000
148.979,-102.00000
149.030,-102.00000
149.080,-101.87500
149.131,-102.00000
149.182,-102.00000
149.232,-101.87500
149.283,-102.00000
149.333,-102.00000
149.384,-102.00000
149.435,-102.12500
149.485,-102.25000
149.536,-102.12500
149.587,-102.25000
149.637,-102.00000
149.688,-102.00000
149.739,-102.00000
149.789,-101.87500
149.840,-102.12500
149.891,-102.12500
149.941,-102.12500
149.992,-102.12500
