time(s),mvs
0.000,234.00000
0.051,233.87500
0.101,234.00000
0.152,234.00000
0.203,234.00000
0.253,233.87500
0.304,234.00000
0.355,234.00000
0.405,233.87500
0.456,234.00000
0.507,233.87500
0.557,234.00000
0.608,234.00000
0.659,233.87500
0.709,233.87500
0.760,234.00000
0.811,233.87500
0.861,233.87500
0.912,234.00000
0.963,234.00000
1.013,233.87500
1.064,234.12500
1.114,234.00000
1.165,234.00000
1.216,234.00000
1.267,234.00000
1.317,233.87500
1.368,234.00000
1.419,234.00000
1.469,234.00000
1.520,233.87500
1.571,233.87500
1.621,233.87500
1.741,233.87500
1.792,234.00000
1.842,233.87500
1.893,233.87500
1.944,233.87500
1.994,234.00000
2.045,234.00000
2.096,234.00000
2.147,233.87500
2.197,233.87500
2.248,234.00000
2.299,234.00000
2.349,233.87500
2.400,233.87500
2.451,233.87500
2.502,233.87500
2.552,234.00000
2.603,234.00000
2.654,234.00000
2.704,234.00000
2.755,234.00000
2.806,233.87500
2.857,234.00000
2.907,234.00000
2.958,233.87500
3.009,234.00000
3.059,234.00000
3.110,234.00000
3.161,233.87500
3.211,234.12500
3.262,234.00000
3.313,234.00000
3.364,234.00000
3.414,234.00000
3.465,234.12500
3.516,234.00000
3.566,234.00000
3.617,233.87500
3.668,234.00000
3.719,233.87500
3.769,234.12500
3.820,234.00000
3.871,234.00000
3.921,234.12500
3.972,234.12500
4.023,234.12500
4.074,234.00000
4.124,234.00000
4.175,234.12500
4.226,234.12500
4.276,234.00000
4.327,234.12500
4.378,234.00000
4.428,234.00000
4.479,234.25000
4.530,234.00000
4.581,234.12500
4.631,234.12500
4.682,234.12500
4.733,234.12500
4.783,234.12500
4.834,234.12500
4.885,234.00000
4.936,234.12500
4.986,234.12500
5.037,234.12500
5.088,234.00000
5.139,234.12500
5.189,234.12500
5.240,234.12500
5.291,234.12500
5.342,234.12500
5.392,234.12500
5.443,234.25000
5.494,234.12500
5.544,234.12500
5.595,234.12500
5.646,234.25000
5.696,234.25000
5.747,234.25000
5.798,234.12500
5.848,234.12500
5.899,234.12500
5.950,234.00000
6.000,234.12500
6.051,234.00000
6.102,234.12500
6.152,234.12500
6.203,234.00000
6.254,234.12500
6.304,234.12500
6.355,234.12500
6.406,234.25000
6.457,234.12500
6.507,234.12500
6.558,234.12500
6.609,234.12500
6.659,234.12500
6.710,234.12500
6.761,234.12500
6.812,234.12500
6.862,234.25000
6.913,234.12500
6.964,234.12500
7.015,234.25000
7.065,234.12500
7.116,234.12500
7.167,234.12500
7.217,234.12500
7.268,234.12500
7.319,234.12500
7.370,234.00000
7.420,234.12500
7.471,234.12500
7.522,234.25000
7.573,234.25000
7.623,234.37500
7.674,234.25000
7.725,234.12500
7.775,234.12500
7.826,234.25000
7.877,234.25000
7.928,234.25000
7.978,234.25000
8.029,234.12500
8.080,234.25000
8.131,234.25000
8.181,234.25000
8.232,234.25000
8.283,234.25000
8.333,234.25000
8.384,234.25000
8.435,234.25000
8.486,234.37500
8.536,234.37500
8.587,234.37500
8.638,234.37500
8.688,234.25000
8.739,234.12500
8.790,234.12500
8.841,234.12500
8.891,234.25000
8.942,234.25000
8.993,234.12500
9.044,234.25000
9.094,234.25000
9.145,234.25000
9.196,234.37500
9.246,234.25000
9.297,234.25000
9.348,234.37500
9.399,234.37500
9.449,234.25000
9.500,234.25000
9.551,234.25000
9.602,234.25000
9.652,234.12500
9.703,234.25000
9.754,234.25000
9.804,234.25000
9.855,234.25000
9.906,234.25000
9.957,234.25000
10.007,234.37500
10.058,234.37500
10.109,234.37500
10.160,234.37500
10.210,234.37500
10.261,234.12500
10.312,234.37500
10.362,234.37500
10.413,234.37500
10.464,234.37500
10.515,234.37500
10.565,234.37500
10.616,234.25000
10.667,234.25000
10.717,234.25000
10.768,234.37500
10.819,234.37500
10.870,234.37500
10.920,234.37500
10.971,234.37500
11.022,234.37500
11.073,234.37500
11.123,234.37500
11.174,234.37500
11.225,234.37500
11.276,234.50000
11.326,234.37500
11.377,234.25000
11.428,234.37500
11.478,234.37500
11.529,234.37500
11.580,234.25000
11.631,234.37500
11.681,234.37500
11.732,234.37500
11.783,234.25000
11.834,234.37500
11.884,234.37500
11.935,234.37500
11.986,234.37500
12.036,234.37500
12.087,234.25000
12.138,234.12500
12.189,234.25000
12.239,234.37500
12.290,234.25000
12.341,234.25000
12.392,234.25000
12.442,234.37500
12.493,234.25000
12.544,234.25000
12.594,234.37500
12.645,234.25000
12.696,234.37500
12.747,234.37500
12.797,234.37500
12.848,234.37500
12.899,234.37500
12.950,234.37500
13.000,234.37500
13.051,234.37500
13.102,234.37500
13.152,234.37500
13.203,234.37500
13.254,234.25000
13.305,234.37500
13.355,234.37500
13.406,234.37500
13.457,234.37500
13.508,234.37500
13.558,234.25000
13.609,234.25000
13.660,234.25000
13.711,234.25000
13.761,234.12500
13.812,234.37500
13.863,234.25000
13.913,234.25000
13.964,234.25000
14.015,234.25000
14.066,234.37500
14.116,234.25000
14.167,234.37500
14.218,234.25000
14.269,234.25000
14.319,234.25000
14.370,234.25000
14.421,234.25000
14.471,234.25000
14.522,234.37500
14.573,234.37500
14.624,234.37500
14.674,234.50000
14.725,234.37500
14.776,234.37500
14.827,234.37500
14.877,234.37500
14.928,234.37500
14.979,234.37500
15.030,234.37500
15.080,234.37500
15.131,234.25000
15.182,234.37500
15.232,234.37500
15.283,234.25000
15.334,234.37500
15.385,234.37500
15.435,234.37500
15.486,234.37500
15.537,234.37500
15.588,234.37500
15.638,234.37500
15.689,234.25000
15.740,234.50000
15.790,234.37500
15.841,234.37500
15.892,234.25000
15.943,234.37500
15.993,234.37500
16.044,234.37500
16.095,234.37500
16.146,234.25000
16.196,234.25000
16.247,234.37500
16.298,234.37500
16.348,234.37500
16.399,234.37500
16.450,234.25000
16.501,234.37500
16.551,234.37500
16.602,234.37500
16.653,234.37500
16.704,234.37500
16.754,234.37500
16.805,234.37500
16.856,234.50000
16.906,234.37500
16.957,234.37500
17.008,234.37500
17.059,234.37500
17.109,234.50000
17.160,234.37500
17.211,234.37500
17.262,234.50000
17.312,234.25000
17.363,234.25000
17.414,234.37500
17.464,234.25000
17.515,234.37500
17.566,234.50000
17.617,234.37500
17.667,234.50000
17.718,234.25000
17.769,234.25000
17.820,234.25000
17.870,234.25000
17.921,234.37500
17.972,234.37500
18.022,234.37500
18.073,234.37500
18.124,234.25000
18.175,234.25000
18.225,234.37500
18.276,234.37500
18.327,234.37500
18.378,234.37500
18.428,234.37500
18.479,234.50000
18.530,234.37500
18.580,234.37500
18.631,234.37500
18.682,234.50000
18.733,234.37500
18.783,234.37500
18.834,234.37500
18.885,234.25000
18.936,234.37500
18.986,234.25000
19.037,234.37500
19.088,234.25000
19.138,234.37500
19.189,234.37500
19.240,234.37500
19.291,234.37500
19.341,234.25000
19.392,234.25000
19.443,234.25000
19.493,234.25000
19.544,234.25000
19.595,234.37500
19.646,234.25000
19.696,234.25000
19.747,234.25000
19.798,234.25000
19.849,234.12500
19.899,234.25000
19.950,234.25000
