time(s),mvs
0.000,-1481.00000
0.051,-125.62500
0.101,-125.62500
0.152,-125.62500
0.203,-125.62500
0.253,-125.75000
0.304,-125.62500
0.355,-125.62500
0.405,-125.62500
0.456,-125.50000
0.507,-125.50000
0.557,-125.75000
0.608,-125.75000
0.659,-125.62500
0.709,-125.50000
0.760,-125.62500
0.811,-125.50000
0.861,-125.50000
0.912,-125.50000
0.963,-125.50000
1.013,-125.50000
1.064,-125.50000
1.115,-125.50000
1.166,-125.50000
1.216,-125.50000
1.267,-125.50000
1.318,-125.50000
1.368,-125.50000
1.419,-125.50000
1.470,-125.50000
1.520,-125.50000
1.571,-125.50000
1.622,-125.50000
1.672,-125.50000
1.723,-125.50000
1.774,-125.62500
1.825,-125.50000
1.875,-125.50000
1.926,-125.50000
1.977,-125.62500
2.027,-125.50000
2.078,-125.50000
2.129,-125.50000
2.180,-125.50000
2.230,-125.37500
2.281,-125.50000
2.332,-125.50000
2.382,-125.62500
2.433,-125.50000
2.484,-125.50000
2.535,-125.62500
2.585,-125.50000
2.636,-125.50000
2.687,-125.50000
2.737,-125.50000
2.788,-125.37500
2.839,-125.37500
2.889,-125.50000
2.940,-125.50000
2.991,-125.25000
3.042,-125.37500
3.092,-125.37500
3.237,-125.37500
3.288,-125.25000
3.339,-125.25000
3.390,-125.25000
3.440,-125.25000
3.491,-125.25000
3.542,-125.25000
3.592,-125.25000
3.643,-125.12500
3.694,-125.12500
3.745,-125.12500
3.795,-125.12500
3.846,-125.12500
3.897,-125.12500
3.947,-125.12500
3.998,-125.12500
4.049,-125.25000
4.100,-125.12500
4.150,-125.12500
4.201,-125.12500
4.252,-125.25000
4.302,-125.12500
4.353,-125.25000
4.404,-125.25000
4.454,-125.12500
4.505,-125.12500
4.556,-125.12500
4.606,-125.25000
4.657,-125.12500
4.708,-125.25000
4.759,-125.12500
4.809,-125.12500
4.860,-125.12500
4.911,-125.12500
4.961,-125.12500
5.012,-125.12500
5.063,-125.12500
5.114,-125.00000
5.164,-125.00000
5.215,-124.87500
5.266,-124.62500
5.316,-124.00000
5.367,-123.25000
5.418,-122.00000
5.469,-120.62500
5.519,-118.87500
5.570,-116.37500
5.621,-114.00000
5.671,-111.12500
5.722,-108.50000
5.773,-105.12500
5.824,-102.50000
5.874,-99.37500
5.925,-96.75000
5.976,-93.62500
6.026,-91.12500
6.077,-88.37500
6.128,-85.37500
6.179,-82.75000
6.229,-79.75000
6.280,-77.37500
6.331,-74.37500
6.381,-72.00000
6.432,-69.37500
6.483,-67.00000
6.534,-64.50000
6.584,-62.62500
6.635,-60.37500
6.686,-58.62500
6.736,-57.00000
6.787,-55.25000
6.838,-53.87500
6.889,-52.37500
6.939,-51.12500
6.990,-50.00000
7.041,-49.00000
7.092,-48.12500
7.142,-47.37500
7.193,-46.62500
7.244,-46.12500
7.294,-45.62500
7.345,-45.12500
7.396,-44.87500
7.447,-44.62500
7.497,-44.37500
7.548,-44.25000
7.599,-44.37500
7.649,-44.37500
7.700,-44.37500
7.751,-44.62500
7.802,-44.75000
7.852,-45.00000
7.903,-45.12500
7.954,-45.50000
8.004,-45.62500
8.055,-45.87500
8.106,-46.25000
8.157,-46.50000
8.207,-46.87500
8.258,-47.25000
8.309,-47.62500
8.359,-48.00000
8.410,-48.50000
8.461,-48.87500
8.512,-49.25000
8.562,-49.75000
8.613,-50.00000
8.664,-50.50000
8.715,-51.00000
8.765,-51.37500
8.816,-51.75000
8.867,-52.37500
8.917,-52.75000
8.968,-53.25000
9.019,-53.62500
9.070,-54.00000
9.120,-54.50000
9.171,-55.00000
9.222,-55.62500
9.272,-55.87500
9.323,-56.37500
9.374,-56.87500
9.425,-57.37500
9.475,-57.75000
9.526,-58.25000
9.577,-58.62500
9.627,-59.12500
9.678,-59.62500
9.729,-60.12500
9.780,-60.37500
9.830,-60.87500
9.881,-61.37500
9.932,-61.75000
9.982,-62.37500
10.033,-62.75000
10.084,-63.25000
10.135,-63.62500
10.185,-64.12500
10.236,-64.50000
10.287,-65.00000
10.338,-65.25000
10.388,-65.75000
10.439,-66.25000
10.490,-66.75000
10.540,-67.25000
10.591,-67.62500
10.642,-68.12500
10.693,-68.50000
10.743,-69.00000
10.794,-69.37500
10.845,-69.87500
10.895,-70.25000
10.946,-70.75000
10.997,-71.12500
11.048,-71.50000
11.098,-72.00000
11.149,-72.37500
11.200,-72.87500
11.250,-73.12500
11.301,-73.75000
11.352,-74.12500
11.403,-74.50000
11.453,-74.87500
11.504,-75.37500
11.555,-75.75000
11.605,-76.00000
11.656,-76.37500
11.707,-76.87500
11.758,-77.12500
11.808,-77.37500
11.859,-77.75000
11.910,-78.00000
11.960,-78.37500
12.011,-78.62500
12.062,-79.00000
12.113,-79.25000
12.163,-79.62500
12.214,-79.87500
12.265,-80.25000
12.315,-80.50000
12.366,-80.87500
12.417,-81.12500
12.468,-81.37500
12.518,-81.62500
12.569,-82.00000
12.620,-82.25000
12.671,-82.50000
12.722,-82.75000
12.772,-83.12500
12.823,-83.37500
12.874,-83.50000
12.924,-83.75000
12.975,-84.12500
13.026,-84.37500
13.076,-84.62500
13.127,-85.00000
13.178,-85.12500
13.228,-85.50000
13.279,-85.75000
13.330,-86.00000
13.380,-86.25000
13.431,-86.50000
13.482,-86.75000
13.532,-87.12500
13.583,-87.25000
13.634,-87.37500
13.684,-87.75000
13.735,-88.00000
13.785,-88.12500
13.836,-88.50000
13.887,-88.62500
13.937,-88.87500
13.988,-89.12500
14.039,-89.37500
14.089,-89.62500
14.140,-89.75000
14.191,-90.25000
14.241,-90.37500
14.292,-90.62500
14.343,-90.87500
14.393,-91.12500
14.444,-91.25000
14.494,-91.50000
14.545,-91.87500
14.596,-92.00000
14.646,-92.25000
14.697,-92.37500
14.748,-92.75000
14.798,-92.87500
14.849,-93.12500
14.900,-93.25000
14.950,-93.62500
15.001,-93.87500
15.052,-94.12500
15.102,-94.25000
15.153,-94.37500
15.203,-94.75000
15.254,-94.87500
15.305,-95.12500
15.355,-95.37500
15.406,-95.50000
15.457,-95.87500
15.507,-96.12500
15.558,-96.25000
15.609,-96.37500
15.659,-96.62500
15.710,-96.75000
15.761,-96.87500
15.811,-97.25000
15.862,-97.50000
15.912,-97.50000
15.963,-97.75000
16.014,-98.12500
16.064,-98.25000
16.115,-98.50000
16.166,-98.62500
16.216,-98.87500
16.267,-99.00000
16.318,-99.25000
16.368,-99.50000
16.419,-99.62500
16.470,-99.87500
16.520,-100.00000
16.571,-100.37500
16.621,-100.37500
16.672,-100.62500
16.723,-100.75000
16.773,-101.00000
16.824,-101.12500
16.875,-101.12500
16.925,-101.50000
16.976,-101.62500
17.027,-101.75000
17.077,-102.00000
17.128,-102.12500
17.178,-102.25000
17.229,-102.50000
17.280,-102.62500
17.330,-102.87500
17.381,-103.00000
17.432,-103.12500
17.482,-103.37500
17.533,-103.37500
17.583,-103.62500
17.634,-103.75000
17.685,-104.00000
17.735,-104.00000
17.786,-104.37500
17.837,-104.62500
17.887,-104.62500
17.938,-104.75000
17.989,-104.87500
18.039,-105.12500
18.090,-105.25000
18.140,-105.50000
18.191,-105.50000
18.242,-105.75000
18.292,-105.87500
18.343,-105.87500
18.394,-106.12500
18.444,-106.25000
18.495,-106.50000
18.545,-106.62500
18.596,-106.75000
18.647,-106.87500
18.697,-107.00000
18.748,-107.12500
18.799,-107.25000
18.849,-107.37500
18.900,-107.50000
18.950,-107.75000
19.001,-107.87500
19.052,-108.00000
19.102,-108.12500
19.153,-108.25000
19.204,-108.25000
19.254,-108.50000
19.305,-108.62500
19.355,-108.75000
19.406,-108.87500
19.457,-109.00000
19.507,-109.12500
19.558,-109.12500
19.609,-109.37500
19.659,-109.37500
19.710,-109.50000
19.760,-109.75000
19.811,-109.75000
19.862,-109.75000
19.912,-110.00000
19.963,-110.12500
20.014,-110.25000
20.064,-110.25000
20.115,-110.37500
20.166,-110.37500
20.216,-110.50000
20.267,-110.62500
20.317,-110.75000
20.368,-110.87500
20.419,-111.00000
20.469,-111.12500
20.520,-111.25000
20.571,-111.37500
20.621,-111.50000
20.672,-111.50000
20.722,-111.62500
20.773,-111.75000
20.824,-111.75000
20.874,-112.00000
20.925,-112.12500
20.976,-112.12500
21.026,-112.12500
21.077,-112.12500
21.127,-112.25000
21.178,-112.37500
21.229,-112.37500
21.279,-112.50000
21.330,-112.62500
21.381,-112.75000
21.431,-112.87500
21.482,-112.75000
21.532,-113.00000
21.583,-113.00000
21.634,-113.12500
21.684,-113.12500
21.735,-113.25000
21.786,-113.37500
21.836,-113.37500
21.887,-113.50000
21.937,-113.62500
21.988,-113.62500
22.039,-113.87500
22.089,-113.87500
22.140,-114.00000
22.191,-114.12500
22.241,-114.12500
22.292,-114.25000
22.343,-114.25000
22.393,-114.25000
22.444,-114.37500
22.494,-114.50000
22.545,-114.50000
22.596,-114.62500
22.646,-114.62500
22.697,-114.87500
22.748,-114.87500
22.798,-115.00000
22.849,-115.00000
22.900,-115.12500
22.950,-115.12500
23.001,-115.25000
23.051,-115.25000
23.102,-115.25000
23.153,-115.50000
23.203,-115.50000
23.254,-115.50000
23.305,-115.50000
23.355,-115.50000
23.406,-115.62500
23.456,-115.75000
23.507,-115.87500
23.558,-116.00000
23.608,-116.00000
23.659,-116.00000
23.710,-116.12500
23.760,-116.12500
23.811,-116.12500
23.861,-116.25000
23.912,-116.37500
23.963,-116.37500
24.013,-116.37500
24.064,-116.37500
24.115,-116.62500
24.165,-116.50000
24.216,-116.62500
24.266,-116.62500
24.317,-116.75000
24.368,-116.75000
24.418,-116.75000
24.469,-116.87500
24.520,-117.00000
24.570,-117.12500
24.621,-117.00000
24.671,-117.12500
24.722,-117.00000
24.773,-117.00000
24.823,-117.12500
24.874,-117.12500
24.925,-117.00000
24.975,-117.12500
25.026,-117.12500
25.076,-117.12500
25.127,-117.00000
25.178,-117.00000
25.228,-117.12500
25.279,-117.00000
25.330,-117.00000
25.380,-117.12500
25.431,-117.25000
25.481,-117.00000
25.532,-117.12500
25.583,-117.25000
25.633,-117.25000
25.684,-117.37500
25.735,-117.37500
25.785,-117.37500
25.836,-117.37500
25.886,-117.50000
25.937,-117.50000
25.988,-117.50000
26.038,-117.62500
26.089,-117.50000
26.140,-117.62500
26.190,-117.75000
26.241,-117.87500
26.292,-117.87500
26.342,-118.12500
26.393,-118.12500
26.443,-118.25000
26.494,-118.25000
26.545,-118.37500
26.595,-118.37500
26.646,-118.50000
26.697,-118.62500
26.747,-118.75000
26.798,-118.87500
26.848,-119.00000
26.899,-119.12500
26.950,-119.12500
27.000,-119.12500
27.051,-119.25000
27.102,-119.37500
27.152,-119.50000
27.203,-119.62500
27.254,-119.62500
27.304,-119.75000
27.355,-119.87500
27.405,-119.75000
27.456,-119.75000
27.507,-119.87500
27.557,-120.00000
27.608,-120.00000
27.659,-120.00000
27.709,-120.12500
27.760,-120.12500
27.810,-120.25000
27.861,-120.25000
27.912,-120.37500
27.962,-120.25000
28.013,-120.25000
28.064,-120.50000
28.114,-120.50000
28.165,-120.62500
28.215,-120.75000
28.266,-120.62500
28.317,-120.75000
28.367,-120.75000
28.418,-120.87500
28.469,-121.00000
28.519,-121.00000
28.570,-121.00000
28.621,-121.12500
28.671,-121.12500
28.722,-121.12500
28.773,-121.12500
28.824,-121.25000
28.874,-121.37500
28.925,-121.37500
28.976,-121.37500
29.026,-121.50000
29.077,-121.50000
29.128,-121.50000
29.179,-121.50000
29.229,-121.62500
29.280,-121.50000
29.331,-121.50000
29.381,-121.62500
29.432,-121.62500
29.483,-121.75000
29.533,-121.87500
29.584,-121.87500
29.635,-122.00000
29.686,-122.00000
29.736,-122.12500
29.787,-122.00000
29.838,-122.12500
29.889,-122.12500
29.939,-122.12500
29.990,-122.12500
30.041,-122.12500
30.091,-122.25000
30.142,-122.25000
30.193,-122.37500
30.244,-122.25000
30.294,-122.37500
30.345,-122.37500
30.396,-122.37500
30.447,-122.37500
30.497,-122.37500
30.548,-122.50000
30.599,-122.50000
30.649,-122.50000
30.700,-122.50000
30.751,-122.50000
30.802,-122.62500
30.852,-122.62500
30.903,-122.62500
30.954,-122.62500
31.005,-122.75000
31.055,-122.75000
31.106,-122.75000
31.157,-122.75000
31.208,-122.75000
31.258,-122.87500
31.309,-122.87500
31.360,-123.00000
31.411,-123.00000
31.461,-123.00000
31.512,-123.00000
31.563,-123.00000
31.613,-123.00000
31.664,-123.00000
31.715,-123.00000
31.766,-123.00000
31.816,-123.12500
31.867,-123.12500
31.918,-123.25000
31.969,-123.25000
32.019,-123.25000
32.070,-123.12500
32.121,-123.25000
32.171,-123.25000
32.222,-123.25000
32.273,-123.25000
32.324,-123.25000
32.374,-123.37500
32.425,-123.37500
32.476,-123.37500
32.527,-123.37500
32.577,-123.37500
32.628,-123.50000
32.679,-123.50000
32.729,-123.50000
32.780,-123.50000
32.831,-123.50000
32.882,-123.50000
32.932,-123.62500
32.983,-123.62500
33.034,-123.62500
33.085,-123.50000
33.135,-123.62500
33.186,-123.62500
33.237,-123.62500
33.287,-123.62500
33.338,-123.75000
33.389,-123.62500
33.440,-123.87500
33.490,-123.75000
33.541,-123.75000
33.592,-123.75000
33.642,-123.87500
33.693,-123.75000
33.744,-123.75000
33.795,-123.75000
33.845,-123.87500
33.896,-123.87500
33.947,-123.87500
33.998,-123.87500
34.048,-124.00000
34.099,-124.00000
34.150,-124.00000
34.200,-124.00000
34.251,-124.12500
34.302,-124.00000
34.353,-124.00000
34.403,-124.00000
34.454,-124.12500
34.505,-124.00000
34.556,-124.12500
34.606,-124.25000
34.657,-124.25000
34.708,-124.12500
34.758,-124.25000
34.809,-124.12500
34.860,-124.12500
34.911,-124.12500
34.961,-124.12500
35.012,-124.25000
35.063,-124.25000
35.114,-124.12500
35.164,-124.25000
35.215,-124.25000
35.266,-124.25000
35.317,-124.25000
35.367,-124.25000
35.418,-124.25000
35.469,-124.25000
35.519,-124.25000
35.570,-124.37500
35.621,-124.37500
35.672,-124.37500
35.722,-124.37500
35.773,-124.37500
35.824,-124.50000
35.875,-124.37500
35.925,-124.37500
35.976,-124.37500
36.027,-124.37500
36.077,-124.50000
36.128,-124.50000
36.179,-124.50000
36.230,-124.50000
36.280,-124.62500
36.331,-124.50000
36.382,-124.50000
36.433,-124.50000
36.483,-124.50000
36.534,-124.37500
36.585,-124.50000
36.635,-124.50000
36.686,-124.50000
36.737,-124.50000
36.788,-124.50000
36.838,-124.50000
36.889,-124.50000
36.940,-124.50000
36.991,-124.62500
37.041,-124.62500
37.092,-124.50000
37.143,-124.75000
37.194,-124.62500
37.244,-124.75000
37.295,-124.62500
37.346,-124.75000
37.396,-124.62500
37.447,-124.62500
37.498,-124.75000
37.549,-124.75000
37.599,-124.75000
37.650,-124.75000
37.701,-124.62500
37.752,-124.75000
37.802,-124.75000
37.853,-124.75000
37.904,-124.75000
37.954,-124.87500
38.005,-124.75000
38.056,-124.75000
38.107,-124.87500
38.157,-124.87500
38.208,-124.75000
38.259,-124.87500
38.310,-124.87500
38.360,-124.87500
38.411,-124.87500
38.462,-124.87500
38.512,-124.87500
38.563,-124.87500
38.614,-125.00000
38.665,-125.00000
38.715,-125.00000
38.766,-125.00000
38.817,-125.00000
38.868,-125.00000
38.918,-125.00000
38.969,-125.12500
39.020,-125.00000
39.070,-125.12500
39.121,-125.00000
39.172,-125.00000
39.223,-125.00000
39.273,-125.00000
39.324,-125.00000
39.375,-125.12500
39.426,-125.00000
39.476,-125.12500
39.527,-125.12500
39.578,-125.12500
39.629,-125.12500
39.679,-125.00000
39.730,-125.12500
39.781,-125.12500
39.831,-125.12500
39.882,-125.00000
39.933,-125.12500
39.984,-125.12500
40.034,-125.00000
40.085,-125.25000
40.136,-125.12500
40.187,-125.12500
40.237,-125.12500
40.288,-125.25000
40.339,-125.12500
40.389,-125.12500
40.440,-125.25000
40.491,-125.12500
40.542,-125.12500
40.592,-125.25000
40.643,-125.25000
40.694,-125.25000
40.745,-125.25000
40.795,-125.25000
40.846,-125.12500
40.897,-125.12500
40.947,-125.25000
40.998,-125.12500
41.049,-125.25000
41.100,-125.25000
41.150,-125.25000
41.201,-125.37500
41.252,-125.25000
41.303,-125.25000
41.353,-125.25000
41.404,-125.37500
41.455,-125.25000
41.505,-125.25000
41.556,-125.25000
41.607,-125.37500
41.658,-125.25000
41.708,-125.37500
41.759,-125.25000
41.810,-125.37500
41.861,-125.37500
41.911,-125.37500
41.962,-125.37500
42.013,-125.37500
42.063,-125.37500
42.114,-125.50000
42.165,-125.37500
42.216,-125.37500
42.266,-125.37500
42.317,-125.37500
42.368,-125.37500
42.419,-125.37500
42.469,-125.37500
42.520,-125.37500
42.571,-125.37500
42.621,-125.37500
42.672,-125.50000
42.723,-125.50000
42.774,-125.50000
42.824,-125.50000
42.875,-125.50000
42.926,-125.37500
42.976,-125.37500
43.027,-125.37500
43.078,-125.50000
43.129,-125.62500
43.179,-125.50000
43.230,-125.37500
43.281,-125.50000
43.332,-125.50000
43.382,-125.50000
43.433,-125.50000
43.484,-125.50000
43.534,-125.62500
43.585,-125.62500
43.636,-125.75000
43.687,-125.62500
43.737,-125.62500
43.788,-125.62500
43.839,-125.62500
43.889,-125.62500
43.940,-125.62500
43.991,-125.75000
44.042,-125.62500
44.092,-125.62500
44.143,-125.75000
44.194,-125.75000
44.245,-125.62500
44.295,-125.62500
44.346,-125.50000
44.397,-125.75000
44.447,-125.62500
44.498,-125.50000
44.549,-125.62500
44.600,-125.62500
44.650,-125.50000
44.701,-125.62500
44.752,-125.62500
44.802,-125.62500
44.853,-125.62500
44.904,-125.62500
44.955,-125.62500
45.005,-125.62500
45.056,-125.62500
45.107,-125.62500
45.158,-125.62500
45.208,-125.62500
45.259,-125.62500
45.310,-125.75000
45.361,-125.62500
45.411,-125.62500
45.462,-125.62500
45.513,-125.75000
45.564,-125.75000
45.615,-125.62500
45.665,-125.75000
45.716,-125.75000
45.767,-125.87500
45.817,-125.75000
45.868,-125.75000
45.918,-125.75000
45.969,-125.87500
46.020,-125.87500
46.070,-125.87500
46.121,-125.87500
46.172,-125.75000
46.222,-125.87500
46.273,-125.87500
46.324,-125.87500
46.374,-125.87500
46.425,-125.87500
46.475,-125.87500
46.526,-126.00000
46.577,-125.87500
46.627,-125.87500
46.678,-125.87500
46.729,-126.00000
46.779,-125.87500
46.830,-125.75000
46.880,-125.87500
46.931,-125.87500
46.982,-126.00000
47.032,-125.87500
47.083,-126.00000
47.134,-126.00000
47.184,-126.00000
47.235,-126.00000
47.285,-126.00000
47.336,-126.00000
47.387,-126.00000
47.438,-126.00000
47.488,-126.12500
47.539,-126.00000
47.590,-126.00000
47.640,-126.12500
47.691,-126.00000
47.742,-126.00000
47.793,-126.00000
47.843,-126.12500
47.894,-126.00000
47.945,-126.12500
47.996,-126.00000
48.046,-126.12500
48.097,-126.00000
48.148,-126.00000
48.198,-126.00000
48.249,-126.12500
48.300,-126.12500
48.351,-126.12500
48.401,-126.12500
48.452,-126.25000
48.503,-126.12500
48.553,-126.25000
48.604,-126.12500
48.655,-126.25000
48.706,-126.25000
48.756,-126.12500
48.807,-126.12500
48.858,-126.25000
48.908,-126.25000
48.959,-126.12500
49.010,-126.25000
49.061,-126.25000
49.111,-126.12500
49.162,-126.25000
49.213,-126.25000
49.263,-126.25000
49.314,-126.25000
49.365,-126.25000
49.416,-126.25000
49.466,-126.25000
49.517,-126.25000
49.568,-126.25000
49.619,-126.25000
49.669,-126.12500
49.720,-126.25000
49.771,-126.25000
49.821,-126.25000
49.872,-126.25000
49.923,-126.25000
49.974,-126.37500
50.024,-126.37500
50.075,-126.37500
50.126,-126.37500
50.176,-126.25000
50.227,-126.37500
50.278,-126.37500
50.329,-126.25000
50.379,-126.37500
50.430,-126.25000
50.481,-126.37500
50.532,-126.37500
50.582,-126.37500
50.633,-126.37500
50.684,-126.37500
50.734,-126.50000
50.785,-126.37500
50.836,-126.37500
50.887,-126.37500
50.937,-126.37500
50.988,-126.37500
51.039,-126.37500
51.089,-126.37500
51.140,-126.37500
51.191,-126.37500
51.242,-126.37500
51.292,-126.37500
51.343,-126.50000
51.394,-126.37500
51.445,-126.50000
51.495,-126.50000
51.546,-126.50000
51.597,-126.37500
51.647,-126.37500
51.698,-126.37500
51.749,-126.50000
51.800,-126.50000
51.850,-126.50000
51.901,-126.37500
51.952,-126.50000
52.002,-126.50000
52.053,-126.50000
52.104,-126.50000
52.155,-126.50000
52.205,-126.50000
52.256,-126.50000
52.307,-126.50000
52.357,-126.50000
52.408,-126.50000
52.459,-126.50000
52.510,-126.62500
52.560,-126.50000
52.611,-126.62500
52.662,-126.50000
52.712,-126.50000
52.763,-126.50000
52.814,-126.50000
52.865,-126.62500
52.915,-126.62500
52.966,-126.62500
53.017,-126.62500
53.067,-126.62500
53.118,-126.62500
53.169,-126.62500
53.220,-126.62500
53.270,-126.50000
53.321,-126.75000
53.372,-126.75000
53.422,-126.75000
53.473,-126.75000
53.524,-126.62500
53.575,-126.75000
53.625,-126.75000
53.676,-126.75000
53.727,-126.87500
53.777,-126.75000
53.828,-126.75000
53.879,-126.75000
53.930,-126.62500
53.980,-126.75000
54.031,-126.75000
54.082,-126.75000
54.133,-126.75000
54.183,-126.87500
54.234,-126.75000
54.285,-126.75000
54.335,-126.87500
54.386,-126.75000
54.437,-126.87500
54.488,-126.75000
54.538,-126.87500
54.589,-126.87500
54.640,-126.87500
54.690,-127.00000
54.741,-126.87500
54.792,-126.87500
54.843,-126.87500
54.893,-126.87500
54.944,-126.87500
54.995,-126.87500
55.045,-127.00000
55.096,-126.87500
55.147,-126.87500
55.198,-126.75000
55.248,-126.87500
55.299,-127.00000
55.350,-126.87500
55.400,-126.87500
55.451,-127.00000
55.502,-127.00000
55.553,-126.87500
55.603,-126.87500
55.654,-127.00000
55.705,-127.00000
55.755,-126.87500
55.806,-127.00000
55.857,-126.87500
55.908,-127.00000
55.958,-127.00000
56.009,-127.00000
56.060,-127.00000
56.110,-127.00000
56.161,-127.00000
56.212,-126.87500
56.263,-127.00000
56.313,-127.00000
56.364,-127.12500
56.415,-127.12500
56.466,-127.00000
56.516,-127.00000
56.567,-127.00000
56.618,-127.12500
56.668,-127.00000
56.719,-127.00000
56.770,-127.00000
56.821,-127.00000
56.871,-127.00000
56.922,-127.00000
56.973,-127.00000
57.023,-126.87500
57.074,-127.12500
57.125,-127.00000
57.176,-127.00000
57.226,-127.00000
57.277,-127.00000
57.328,-127.00000
57.378,-127.00000
57.429,-127.12500
57.480,-127.00000
57.531,-127.12500
57.581,-127.12500
57.632,-127.12500
57.683,-127.12500
57.733,-127.12500
57.784,-127.12500
57.835,-127.12500
57.886,-127.12500
57.936,-127.25000
57.987,-127.37500
58.038,-127.25000
58.088,-127.37500
58.139,-127.25000
58.190,-127.25000
58.241,-127.25000
58.291,-127.37500
58.342,-127.37500
58.393,-127.37500
58.443,-127.25000
58.494,-127.25000
58.545,-127.37500
58.596,-127.25000
58.646,-127.37500
58.697,-127.25000
58.748,-127.37500
58.798,-127.25000
58.849,-127.37500
58.900,-127.25000
58.951,-127.37500
59.001,-127.37500
59.052,-127.37500
59.103,-127.37500
59.153,-127.37500
59.204,-127.37500
59.255,-127.37500
59.306,-127.50000
59.356,-127.50000
59.407,-127.50000
59.458,-127.50000
59.509,-127.50000
59.559,-127.37500
59.610,-127.37500
59.661,-127.50000
59.711,-127.62500
59.762,-127.50000
59.813,-127.50000
59.864,-127.50000
59.914,-127.50000
59.965,-127.62500
60.016,-127.62500
60.066,-127.50000
60.117,-127.62500
60.168,-127.62500
60.219,-127.62500
60.269,-127.62500
60.320,-127.62500
60.371,-127.50000
60.421,-127.62500
60.472,-127.50000
60.523,-127.50000
60.574,-127.50000
60.624,-127.50000
60.675,-127.50000
60.726,-127.50000
60.776,-127.50000
60.827,-127.50000
60.878,-127.50000
60.929,-127.50000
60.979,-127.50000
61.030,-127.50000
61.081,-127.50000
61.131,-127.50000
61.182,-127.62500
61.233,-127.50000
61.284,-127.50000
61.334,-127.50000
61.385,-127.62500
61.436,-127.50000
61.486,-127.62500
61.537,-127.62500
61.588,-127.75000
61.639,-127.62500
61.689,-127.62500
61.740,-127.62500
61.791,-127.75000
61.841,-127.75000
61.892,-127.62500
61.943,-127.62500
61.994,-127.75000
62.045,-127.75000
62.096,-127.75000
62.146,-127.75000
62.197,-127.75000
62.248,-127.62500
62.298,-127.75000
62.349,-127.62500
62.399,-127.62500
62.450,-127.75000
62.501,-127.75000
62.551,-127.75000
62.602,-127.75000
62.653,-127.62500
62.703,-127.62500
62.754,-127.75000
62.804,-127.75000
62.855,-127.75000
62.906,-127.75000
62.956,-127.75000
63.007,-127.75000
63.058,-127.87500
63.108,-127.75000
63.159,-127.87500
63.210,-127.75000
63.260,-127.75000
63.311,-127.75000
63.361,-127.75000
63.412,-127.75000
63.463,-127.75000
63.513,-127.87500
63.564,-127.75000
63.615,-127.87500
63.665,-127.75000
63.716,-127.87500
63.766,-127.87500
63.817,-127.87500
63.868,-127.87500
63.918,-128.00000
63.969,-127.87500
64.020,-127.87500
64.070,-127.87500
64.121,-127.87500
64.172,-127.87500
64.222,-127.75000
64.273,-127.87500
64.323,-127.87500
64.374,-127.87500
64.425,-127.87500
64.475,-127.87500
64.526,-127.87500
64.577,-127.75000
64.627,-127.87500
64.678,-127.87500
64.728,-127.87500
64.779,-127.87500
64.830,-127.87500
64.880,-128.00000
64.931,-127.87500
64.982,-127.87500
65.032,-127.87500
65.083,-128.00000
65.134,-128.12500
65.184,-128.12500
65.235,-128.00000
65.286,-128.00000
65.336,-128.00000
65.387,-128.00000
65.437,-128.12500
65.488,-128.00000
65.539,-128.00000
65.589,-128.00000
65.640,-128.12500
65.691,-128.00000
65.741,-128.12500
65.792,-128.00000
65.843,-128.00000
65.893,-128.12500
65.944,-128.00000
65.994,-128.00000
66.045,-128.00000
66.096,-128.12500
66.146,-128.12500
66.197,-128.12500
66.248,-128.12500
66.298,-128.12500
66.349,-128.12500
66.399,-128.12500
66.450,-128.00000
66.501,-128.12500
66.551,-128.12500
66.602,-128.12500
66.653,-128.12500
66.703,-128.12500
66.754,-128.12500
66.805,-128.12500
66.855,-128.00000
66.906,-128.12500
66.956,-128.25000
67.007,-128.12500
67.058,-128.12500
67.108,-128.25000
67.159,-128.12500
67.210,-128.12500
67.260,-128.12500
67.311,-128.12500
67.362,-128.25000
67.412,-128.25000
67.463,-128.25000
67.513,-128.25000
67.564,-128.37500
67.615,-128.25000
67.665,-128.37500
67.716,-128.25000
67.767,-128.25000
67.817,-128.37500
67.868,-128.37500
67.918,-128.37500
67.969,-128.37500
68.020,-128.37500
68.070,-128.37500
68.121,-128.25000
68.172,-128.25000
68.222,-128.37500
68.273,-128.37500
68.323,-128.25000
68.374,-128.25000
68.425,-128.37500
68.475,-128.25000
68.526,-128.37500
68.577,-128.25000
68.627,-128.37500
68.678,-128.25000
68.729,-128.37500
68.779,-128.37500
68.830,-128.37500
68.880,-128.37500
68.931,-128.37500
68.982,-128.37500
69.032,-128.37500
69.083,-128.50000
69.134,-128.37500
69.184,-128.37500
69.235,-128.50000
69.285,-128.50000
69.336,-128.37500
69.387,-128.50000
69.437,-128.37500
69.488,-128.50000
69.539,-128.50000
69.589,-128.37500
69.640,-128.50000
69.690,-128.50000
69.741,-128.50000
69.792,-128.50000
69.842,-128.50000
69.893,-128.37500
69.944,-128.50000
69.994,-128.50000
70.045,-128.37500
70.096,-128.37500
70.146,-128.50000
70.197,-128.50000
70.247,-128.50000
70.298,-128.50000
70.349,-128.62500
70.399,-128.50000
70.450,-128.50000
70.501,-128.50000
70.551,-128.50000
70.602,-128.62500
70.652,-128.50000
70.703,-128.50000
70.754,-128.50000
70.804,-128.37500
70.855,-128.50000
70.906,-128.50000
70.956,-128.50000
71.007,-128.50000
71.058,-128.50000
71.108,-128.50000
71.159,-128.50000
71.210,-128.50000
71.260,-128.62500
71.311,-128.62500
71.362,-128.50000
71.412,-128.62500
71.463,-128.62500
71.514,-128.62500
71.565,-128.62500
71.615,-128.75000
71.666,-128.75000
71.717,-128.62500
71.767,-128.75000
71.818,-128.75000
71.869,-128.75000
71.919,-128.75000
71.970,-128.75000
72.021,-128.75000
72.072,-128.75000
72.122,-128.75000
72.173,-128.75000
72.224,-128.75000
72.274,-128.87500
72.325,-128.75000
72.376,-128.75000
72.427,-128.75000
72.477,-128.75000
72.528,-128.75000
72.579,-128.75000
72.629,-128.75000
72.680,-128.75000
72.731,-128.75000
72.782,-128.62500
72.832,-128.75000
72.883,-128.75000
72.934,-128.75000
72.984,-128.87500
73.035,-128.75000
73.086,-128.87500
73.137,-128.75000
73.187,-128.75000
73.238,-128.87500
73.289,-128.75000
73.339,-128.75000
73.390,-128.75000
73.441,-128.75000
73.492,-128.75000
73.542,-128.75000
73.593,-128.75000
73.644,-128.75000
73.694,-128.87500
73.745,-128.75000
73.796,-128.87500
73.847,-128.87500
73.897,-128.87500
73.948,-129.00000
73.999,-129.00000
74.049,-128.87500
74.100,-129.00000
74.151,-129.00000
74.202,-129.00000
74.252,-129.00000
74.303,-129.00000
74.354,-129.00000
74.404,-129.00000
74.455,-129.00000
74.506,-129.00000
74.557,-129.12500
74.607,-129.00000
74.658,-129.00000
74.709,-129.00000
74.759,-128.87500
74.810,-129.00000
74.861,-129.00000
74.912,-128.87500
74.962,-129.00000
75.013,-129.00000
75.064,-129.00000
75.114,-129.00000
75.165,-129.00000
75.216,-129.00000
75.267,-129.00000
75.317,-129.00000
75.368,-129.00000
75.419,-129.12500
75.469,-129.00000
75.520,-129.00000
75.571,-129.12500
75.622,-129.12500
75.672,-129.00000
75.723,-129.00000
75.774,-129.12500
75.824,-129.25000
75.875,-129.12500
75.926,-129.12500
75.977,-129.12500
76.027,-129.12500
76.078,-129.00000
76.129,-129.12500
76.179,-129.25000
76.230,-129.12500
76.281,-129.12500
76.332,-129.00000
76.382,-129.12500
76.433,-129.12500
76.484,-129.12500
76.534,-129.25000
76.585,-129.00000
76.636,-129.00000
76.687,-129.12500
76.737,-129.12500
76.788,-129.12500
76.839,-129.12500
76.889,-129.25000
76.940,-129.25000
76.991,-129.12500
77.042,-129.25000
77.092,-129.12500
77.143,-129.25000
77.194,-129.37500
77.244,-129.25000
77.295,-129.25000
77.346,-129.25000
77.397,-129.25000
77.447,-129.25000
77.498,-129.25000
77.549,-129.37500
77.599,-129.25000
77.650,-129.25000
77.701,-129.37500
77.752,-129.37500
77.802,-129.37500
77.853,-129.37500
77.904,-129.25000
77.954,-129.37500
78.005,-129.25000
78.056,-129.25000
78.107,-129.25000
78.157,-129.37500
78.208,-129.37500
78.259,-129.37500
78.309,-129.37500
78.360,-129.37500
78.411,-129.37500
78.462,-129.37500
78.512,-129.37500
78.563,-129.37500
78.613,-129.37500
78.664,-129.37500
78.715,-129.37500
78.765,-129.37500
78.816,-129.37500
78.867,-129.50000
78.917,-129.37500
78.968,-129.37500
79.019,-129.50000
79.069,-129.37500
79.120,-129.50000
79.170,-129.50000
79.221,-129.50000
79.272,-129.50000
79.322,-129.50000
79.373,-129.50000
79.423,-129.50000
79.474,-129.62500
79.525,-129.75000
79.575,-129.62500
79.626,-129.37500
79.677,-129.50000
79.727,-129.50000
79.778,-129.50000
79.828,-129.50000
79.879,-129.50000
79.930,-129.50000
79.980,-129.62500
80.031,-129.50000
80.082,-129.50000
80.132,-129.50000
80.183,-129.50000
80.233,-129.50000
80.284,-129.62500
80.335,-129.62500
80.385,-129.62500
80.436,-129.62500
80.487,-129.62500
80.537,-129.50000
80.588,-129.62500
80.638,-129.62500
80.689,-129.50000
80.740,-129.62500
80.790,-129.50000
80.841,-129.50000
80.892,-129.62500
80.942,-129.50000
80.993,-129.62500
81.044,-129.62500
81.094,-129.62500
81.145,-129.62500
81.195,-129.50000
81.246,-129.75000
81.297,-129.75000
81.347,-129.62500
81.398,-129.75000
81.449,-129.75000
81.499,-129.62500
81.550,-129.62500
81.600,-129.62500
81.651,-129.62500
81.702,-129.62500
81.752,-129.62500
81.803,-129.62500
81.854,-129.75000
81.904,-129.62500
81.955,-129.62500
82.005,-129.75000
82.056,-129.75000
82.107,-129.75000
82.157,-129.75000
82.208,-129.62500
82.259,-129.75000
82.309,-129.75000
82.360,-129.75000
82.410,-129.75000
82.461,-129.87500
82.512,-129.87500
82.562,-129.87500
82.613,-129.75000
82.663,-129.87500
82.714,-129.87500
82.765,-129.87500
82.815,-129.87500
82.866,-129.87500
82.917,-129.75000
82.967,-129.75000
83.018,-129.87500
83.069,-129.75000
83.119,-129.87500
83.170,-129.75000
83.220,-129.87500
83.271,-129.87500
83.322,-129.87500
83.372,-129.87500
83.423,-129.87500
83.473,-129.87500
83.524,-129.87500
83.575,-130.00000
83.625,-129.87500
83.676,-130.00000
83.727,-129.87500
83.777,-129.87500
83.828,-129.75000
83.878,-129.75000
83.929,-129.87500
83.980,-129.87500
84.030,-129.75000
84.081,-129.75000
84.132,-129.87500
84.182,-129.75000
84.233,-129.75000
84.283,-129.87500
84.334,-129.87500
84.385,-129.87500
84.435,-129.87500
84.486,-129.87500
84.537,-129.87500
84.587,-129.87500
84.638,-129.87500
84.689,-129.87500
84.739,-129.87500
84.790,-130.00000
84.840,-129.87500
84.891,-130.00000
84.942,-129.87500
84.992,-130.00000
85.043,-130.00000
85.094,-130.12500
85.144,-130.12500
85.195,-130.00000
85.245,-130.12500
85.296,-130.12500
85.347,-130.12500
85.397,-130.12500
85.448,-130.12500
85.499,-130.25000
85.549,-130.12500
85.600,-130.12500
85.650,-130.12500
85.701,-130.25000
85.752,-130.25000
85.802,-130.12500
85.853,-130.12500
85.904,-130.25000
85.954,-130.25000
86.005,-130.25000
86.055,-130.12500
86.106,-130.12500
86.157,-130.25000
86.207,-130.25000
86.258,-130.37500
86.309,-130.25000
86.359,-130.12500
86.410,-130.12500
86.460,-130.25000
86.511,-130.25000
86.562,-130.12500
86.612,-130.12500
86.663,-130.25000
86.713,-130.37500
86.764,-130.25000
86.815,-130.25000
86.865,-130.25000
86.916,-130.25000
86.967,-130.25000
87.017,-130.37500
87.068,-130.25000
87.118,-130.25000
87.169,-130.25000
87.220,-130.25000
87.270,-130.25000
87.321,-130.25000
87.372,-130.37500
87.422,-130.37500
87.473,-130.12500
87.523,-130.37500
87.574,-130.50000
87.625,-130.50000
87.675,-130.50000
87.726,-130.50000
87.777,-130.50000
87.827,-130.50000
87.878,-130.50000
87.928,-130.50000
87.979,-130.62500
88.030,-130.62500
88.080,-130.50000
88.131,-130.50000
88.182,-130.50000
88.232,-130.50000
88.283,-130.50000
88.333,-130.50000
88.384,-130.50000
88.435,-130.50000
88.485,-130.50000
88.536,-130.50000
88.587,-130.37500
88.637,-130.62500
88.688,-130.37500
88.738,-130.50000
88.789,-130.50000
88.840,-130.50000
88.890,-130.62500
88.941,-130.50000
88.992,-130.50000
89.042,-130.50000
89.093,-130.50000
89.144,-130.50000
89.194,-130.50000
89.245,-130.62500
89.295,-130.50000
89.346,-130.50000
89.397,-130.50000
89.447,-130.50000
89.498,-130.50000
89.549,-130.50000
89.599,-130.50000
89.650,-130.50000
89.700,-130.50000
89.751,-130.62500
89.802,-130.62500
89.852,-130.62500
89.903,-130.50000
89.954,-130.62500
90.004,-130.62500
90.055,-130.62500
90.105,-130.62500
90.156,-130.62500
90.207,-130.62500
90.257,-130.62500
90.308,-130.75000
90.359,-130.62500
90.409,-130.50000
90.460,-130.62500
90.510,-130.75000
90.561,-130.62500
90.612,-130.62500
90.662,-130.62500
90.713,-130.62500
90.764,-130.62500
90.814,-130.50000
90.865,-130.62500
90.915,-130.62500
90.966,-130.50000
91.017,-130.62500
91.067,-130.62500
91.118,-130.75000
91.169,-130.62500
91.219,-130.50000
91.270,-130.62500
91.320,-130.62500
91.371,-130.62500
91.422,-130.75000
91.472,-130.62500
91.523,-130.75000
91.574,-130.62500
91.624,-130.62500
91.675,-130.62500
91.725,-130.62500
91.776,-130.62500
91.827,-130.62500
91.877,-130.75000
91.928,-130.62500
91.979,-130.62500
92.029,-130.62500
92.080,-130.62500
92.130,-130.62500
92.181,-130.75000
92.232,-130.75000
92.282,-130.75000
92.333,-130.75000
92.384,-130.75000
92.434,-130.87500
92.485,-130.87500
92.535,-130.75000
92.586,-130.75000
92.637,-130.87500
92.687,-130.75000
92.738,-130.75000
92.789,-130.87500
92.839,-130.87500
92.890,-130.75000
92.940,-130.87500
92.991,-130.87500
93.042,-130.87500
93.092,-130.75000
93.143,-130.87500
93.194,-130.75000
93.244,-130.75000
93.295,-130.87500
93.345,-130.75000
93.396,-130.87500
93.447,-130.87500
93.497,-130.87500
93.548,-130.75000
93.599,-130.87500
93.649,-130.87500
93.700,-130.87500
93.750,-130.87500
93.801,-130.75000
93.852,-130.75000
93.902,-130.87500
93.953,-130.75000
94.004,-130.87500
94.054,-130.87500
94.105,-130.87500
94.155,-130.87500
94.206,-130.87500
94.257,-131.00000
94.307,-131.00000
94.358,-130.87500
94.409,-131.00000
94.459,-131.00000
94.510,-131.00000
94.560,-131.00000
94.611,-131.00000
94.662,-131.12500
94.712,-131.00000
94.763,-131.00000
94.814,-131.12500
94.864,-131.00000
94.915,-131.12500
94.965,-131.12500
95.016,-131.00000
95.067,-131.00000
95.117,-131.00000
95.168,-131.00000
95.219,-131.00000
95.269,-131.00000
95.320,-131.00000
95.370,-130.87500
95.421,-131.12500
95.472,-131.12500
95.522,-131.00000
95.573,-131.00000
95.624,-131.00000
95.674,-131.00000
95.725,-131.00000
95.775,-131.00000
95.826,-131.12500
95.877,-131.00000
95.927,-131.12500
95.978,-131.12500
96.029,-131.12500
96.079,-131.12500
96.130,-131.12500
96.180,-131.12500
96.231,-131.12500
96.282,-131.12500
96.332,-131.25000
96.383,-131.12500
96.434,-131.12500
96.484,-131.00000
96.535,-131.12500
96.585,-131.25000
96.636,-131.12500
96.687,-131.25000
96.737,-131.25000
96.788,-131.25000
96.839,-131.25000
96.889,-131.12500
96.940,-131.25000
96.991,-131.25000
97.041,-131.25000
97.092,-131.25000
97.143,-131.12500
97.193,-131.25000
97.244,-131.37500
97.294,-131.25000
97.345,-131.25000
97.396,-131.25000
97.446,-131.25000
97.497,-131.37500
97.548,-131.25000
97.598,-131.37500
97.649,-131.37500
97.699,-131.25000
97.750,-131.37500
97.801,-131.37500
97.851,-131.37500
97.902,-131.37500
97.953,-131.37500
98.003,-131.25000
98.054,-131.25000
98.104,-131.37500
98.155,-131.37500
98.206,-131.37500
98.256,-131.50000
98.307,-131.50000
98.358,-131.37500
98.408,-131.37500
98.459,-131.37500
98.509,-131.50000
98.560,-131.50000
98.611,-131.37500
98.661,-131.37500
98.712,-131.37500
98.763,-131.37500
98.813,-131.37500
98.864,-131.50000
98.914,-131.37500
98.965,-131.37500
99.016,-131.37500
99.066,-131.37500
99.117,-131.37500
99.168,-131.50000
99.218,-131.37500
99.269,-131.37500
99.319,-131.50000
99.370,-131.50000
99.421,-131.50000
99.471,-131.37500
99.522,-131.50000
99.573,-131.50000
99.623,-131.37500
99.674,-131.37500
99.724,-131.37500
99.775,-131.37500
99.826,-131.37500
99.876,-131.50000
99.927,-131.37500
99.978,-131.37500
100.028,-131.50000
100.079,-131.62500
100.129,-131.50000
100.180,-131.50000
100.231,-131.50000
100.281,-131.62500
100.332,-131.75000
100.383,-131.62500
100.433,-131.50000
100.484,-131.50000
100.534,-131.62500
100.585,-131.62500
100.636,-131.62500
100.686,-131.62500
100.737,-131.62500
100.788,-131.50000
100.838,-131.62500
100.889,-131.62500
100.940,-131.62500
100.990,-131.62500
101.041,-131.62500
101.091,-131.75000
101.142,-131.75000
101.193,-131.75000
101.243,-131.75000
101.294,-131.75000
101.345,-131.75000
101.395,-131.75000
101.446,-131.87500
101.496,-131.75000
101.547,-131.75000
101.598,-131.87500
101.648,-131.75000
101.699,-131.75000
101.750,-131.75000
101.800,-131.75000
101.851,-131.87500
101.901,-131.87500
101.952,-131.75000
102.003,-131.75000
102.053,-131.75000
102.104,-131.75000
102.155,-131.87500
102.205,-131.75000
102.256,-131.87500
102.307,-131.87500
102.357,-131.87500
102.408,-131.75000
102.458,-131.87500
102.509,-131.87500
102.560,-131.87500
102.610,-131.75000
102.661,-131.75000
102.712,-131.75000
102.762,-131.87500
102.813,-132.00000
102.863,-131.87500
102.914,-131.87500
102.965,-131.87500
103.015,-131.87500
103.066,-131.87500
103.117,-131.87500
103.167,-132.00000
103.218,-131.87500
103.268,-132.00000
103.319,-132.00000
103.370,-132.00000
103.420,-131.87500
103.471,-131.87500
103.522,-131.87500
103.572,-132.00000
103.623,-132.00000
103.673,-132.00000
103.724,-132.00000
103.775,-131.87500
103.825,-131.87500
103.876,-132.00000
103.927,-132.00000
103.977,-131.87500
104.028,-132.00000
104.079,-132.00000
104.129,-132.12500
104.180,-132.00000
104.230,-132.00000
104.281,-132.12500
104.332,-132.00000
104.382,-132.00000
104.433,-132.12500
104.484,-132.00000
104.534,-132.12500
104.585,-132.12500
104.635,-132.00000
104.686,-132.12500
104.737,-132.12500
104.787,-132.00000
104.838,-132.12500
104.889,-132.12500
104.939,-132.12500
104.990,-132.12500
105.041,-132.12500
105.091,-132.12500
105.142,-132.12500
105.192,-132.12500
105.243,-132.12500
105.294,-132.25000
105.344,-132.12500
105.395,-132.25000
105.446,-132.12500
105.496,-132.25000
105.547,-132.12500
105.597,-132.12500
105.648,-132.25000
105.699,-132.25000
105.749,-132.37500
105.800,-132.25000
105.851,-132.12500
105.901,-132.25000
105.952,-132.25000
106.002,-132.37500
106.053,-132.25000
106.104,-132.12500
106.154,-132.25000
106.205,-132.12500
106.256,-132.25000
106.306,-132.25000
106.357,-132.25000
106.408,-132.00000
106.458,-132.00000
106.509,-132.00000
106.559,-132.00000
106.610,-132.00000
106.661,-132.12500
106.711,-132.00000
106.762,-132.00000
106.813,-132.12500
106.863,-132.00000
106.914,-132.00000
106.964,-132.00000
107.015,-132.00000
107.066,-132.12500
107.116,-132.00000
107.167,-132.12500
107.218,-132.12500
107.268,-132.12500
107.319,-132.25000
107.369,-132.12500
107.420,-132.12500
107.471,-132.12500
107.521,-132.12500
107.572,-132.12500
107.623,-132.00000
107.673,-132.25000
107.724,-132.25000
107.775,-132.25000
107.825,-132.12500
107.876,-132.25000
107.926,-132.25000
107.977,-132.25000
108.028,-132.25000
108.078,-132.25000
108.129,-132.12500
108.180,-132.12500
108.230,-132.25000
108.281,-132.25000
108.331,-132.25000
108.382,-132.25000
108.433,-132.25000
108.483,-132.25000
108.534,-132.25000
108.585,-132.25000
108.635,-132.25000
108.686,-132.25000
108.736,-132.12500
108.787,-132.25000
108.838,-132.37500
108.888,-132.25000
108.939,-132.25000
108.990,-132.25000
109.040,-132.37500
109.091,-132.37500
109.141,-132.25000
109.192,-132.25000
109.243,-132.37500
109.293,-132.37500
109.344,-132.25000
109.395,-132.37500
109.445,-132.25000
109.496,-132.25000
109.546,-132.37500
109.597,-132.25000
109.648,-132.37500
109.698,-132.25000
109.749,-132.25000
109.800,-132.37500
109.850,-132.37500
109.901,-132.37500
109.951,-132.37500
110.002,-132.37500
110.053,-132.50000
110.103,-132.37500
110.154,-132.50000
110.205,-132.50000
110.255,-132.50000
110.306,-132.50000
110.356,-132.50000
110.407,-132.50000
110.458,-132.50000
110.508,-132.50000
110.559,-132.50000
110.610,-132.50000
110.660,-132.50000
110.711,-132.50000
110.761,-132.50000
110.812,-132.50000
110.863,-132.50000
110.913,-132.50000
110.964,-132.62500
111.015,-132.50000
111.065,-132.62500
111.116,-132.62500
111.166,-132.62500
111.217,-132.62500
111.268,-132.62500
111.318,-132.50000
111.369,-132.50000
111.420,-132.50000
111.470,-132.50000
111.521,-132.62500
111.571,-132.50000
111.622,-132.62500
111.673,-132.62500
111.723,-132.62500
111.774,-132.62500
111.825,-132.62500
111.875,-132.50000
111.926,-132.62500
111.976,-132.62500
112.027,-132.62500
112.078,-132.62500
112.128,-132.50000
112.179,-132.75000
112.230,-132.62500
112.280,-132.62500
112.331,-132.62500
112.381,-132.62500
112.432,-132.62500
112.483,-132.62500
112.533,-132.75000
112.584,-132.62500
112.635,-132.75000
112.685,-132.75000
112.736,-132.87500
112.786,-132.75000
112.837,-132.75000
112.888,-132.87500
112.938,-132.87500
112.989,-132.75000
113.040,-132.87500
113.090,-132.87500
113.141,-132.87500
113.192,-132.87500
113.242,-132.75000
113.293,-132.75000
113.343,-132.75000
113.394,-132.87500
113.445,-132.87500
113.495,-132.75000
113.546,-132.87500
113.597,-132.87500
113.647,-132.87500
113.698,-132.87500
113.748,-133.00000
113.799,-132.75000
113.850,-132.75000
113.900,-132.75000
113.951,-132.75000
114.002,-132.87500
114.052,-132.75000
114.103,-132.75000
114.153,-132.75000
114.204,-132.75000
114.255,-132.75000
114.305,-132.87500
114.356,-132.75000
114.407,-132.75000
114.457,-132.87500
114.508,-132.87500
114.558,-132.87500
114.609,-132.87500
114.660,-132.75000
114.710,-132.75000
114.761,-132.87500
114.812,-133.00000
114.862,-132.87500
114.913,-132.87500
114.963,-132.87500
115.014,-133.00000
115.065,-132.87500
115.115,-132.87500
115.166,-132.87500
115.217,-132.87500
115.267,-132.87500
115.318,-132.87500
115.368,-132.87500
115.419,-133.00000
115.470,-133.00000
115.520,-132.87500
115.571,-132.87500
115.622,-132.87500
115.672,-132.87500
115.723,-133.00000
115.773,-132.87500
115.824,-133.00000
115.875,-133.00000
115.925,-133.00000
115.976,-133.00000
116.027,-133.00000
116.077,-133.00000
116.128,-132.87500
116.178,-133.00000
116.229,-133.00000
116.280,-133.00000
116.330,-133.00000
116.381,-133.00000
116.432,-133.12500
116.482,-133.00000
116.533,-133.12500
116.583,-133.00000
116.634,-133.00000
116.685,-133.00000
116.735,-133.00000
116.786,-133.00000
116.837,-133.00000
116.887,-132.87500
116.938,-133.00000
116.989,-133.12500
117.039,-133.00000
117.090,-133.12500
117.140,-133.25000
117.191,-133.12500
117.242,-133.25000
117.292,-133.25000
117.343,-133.25000
117.394,-133.25000
117.444,-133.12500
117.495,-133.12500
117.545,-133.12500
117.596,-133.12500
117.647,-133.12500
117.697,-133.12500
117.748,-133.25000
117.799,-133.25000
117.849,-133.25000
117.900,-133.25000
117.950,-133.25000
118.001,-133.25000
118.052,-133.25000
118.102,-133.25000
118.153,-133.25000
118.204,-133.25000
118.254,-133.25000
118.305,-133.25000
118.355,-133.37500
118.406,-133.37500
118.457,-133.25000
118.507,-133.25000
118.558,-133.50000
118.609,-133.50000
118.659,-133.50000
118.710,-133.50000
118.760,-133.50000
118.811,-133.50000
118.862,-133.50000
118.912,-133.50000
118.963,-133.50000
119.014,-133.50000
119.064,-133.50000
119.115,-133.50000
119.165,-133.62500
119.216,-133.50000
119.267,-133.62500
119.317,-133.50000
119.368,-133.50000
119.419,-133.50000
119.469,-133.50000
119.520,-133.50000
119.570,-133.62500
119.621,-133.62500
119.672,-133.62500
119.722,-133.62500
119.773,-133.62500
119.824,-133.62500
119.874,-133.62500
119.925,-133.62500
119.975,-133.62500
