time(s),mvs
0.000,-1481.00000
0.051,-22.25000
0.101,-22.25000
0.152,-22.12500
0.203,-22.25000
0.253,-21.87500
0.304,-21.75000
0.354,-22.12500
0.405,-21.87500
0.456,-22.37500
0.506,-22.12500
0.557,-22.00000
0.608,-21.87500
0.658,-21.87500
0.709,-22.00000
0.760,-21.75000
0.810,-22.12500
0.861,-22.00000
0.911,-21.87500
0.962,-21.87500
1.013,-22.00000
1.063,-21.75000
1.114,-21.75000
1.165,-21.62500
1.215,-22.00000
1.266,-21.62500
1.316,-21.75000
1.367,-21.50000
1.418,-21.62500
1.468,-21.37500
1.519,-21.37500
1.570,-21.62500
1.620,-21.75000
1.735,-21.75000
1.786,-21.75000
1.836,-21.87500
1.887,-22.00000
1.938,-22.00000
1.988,-22.00000
2.039,-21.87500
2.090,-22.12500
2.140,-21.87500
2.191,-21.75000
2.242,-22.25000
2.292,-22.00000
2.343,-22.37500
2.394,-22.25000
2.444,-22.00000
2.495,-21.87500
2.545,-21.50000
2.596,-20.50000
2.647,-18.25000
2.697,-16.25000
2.748,-13.75000
2.799,-9.50000
2.849,-5.12500
2.900,2.62500
2.951,10.00000
3.001,19.37500
3.052,26.75000
3.103,34.25000
3.153,39.87500
3.204,44.62500
3.255,49.62500
3.305,53.25000
3.356,57.50000
3.407,60.62500
3.457,63.62500
3.508,66.62500
3.559,69.00000
3.609,71.25000
3.660,73.62500
3.711,75.00000
3.761,76.62500
3.812,77.87500
3.863,79.00000
3.913,79.75000
3.964,80.50000
4.015,82.00000
4.065,83.37500
4.116,85.62500
4.167,87.00000
4.217,88.87500
4.268,90.50000
4.319,91.87500
4.369,93.50000
4.420,94.75000
4.471,96.37500
4.522,97.75000
4.572,99.00000
4.623,100.50000
4.674,101.00000
4.724,102.00000
4.775,102.87500
4.826,103.25000
4.876,104.00000
4.927,104.62500
4.978,105.25000
5.028,106.00000
5.079,106.75000
5.130,107.25000
5.180,107.62500
5.231,108.00000
5.282,108.12500
5.333,108.37500
5.383,109.37500
5.434,109.50000
5.485,110.37500
5.535,110.75000
5.586,111.12500
5.637,111.12500
5.687,111.00000
5.738,110.75000
5.789,110.50000
5.839,110.50000
5.890,110.37500
5.941,110.37500
5.991,110.62500
6.042,110.37500
6.093,110.75000
6.144,110.37500
6.194,110.87500
6.245,111.12500
6.296,111.12500
6.346,111.12500
6.397,110.75000
6.448,110.75000
6.498,110.37500
6.549,110.12500
6.600,110.50000
6.650,110.75000
6.701,111.62500
6.752,111.62500
6.803,112.00000
6.853,112.00000
6.904,112.12500
6.955,112.50000
7.005,112.25000
7.056,112.37500
7.107,112.37500
7.157,112.25000
7.208,112.25000
7.259,111.62500
7.309,111.62500
7.360,110.87500
7.411,110.75000
7.462,110.75000
7.512,110.12500
7.563,110.12500
7.614,109.75000
7.664,109.50000
7.715,109.25000
7.766,108.87500
7.816,109.12500
7.867,108.75000
7.918,109.25000
7.968,109.00000
8.019,109.00000
8.070,109.00000
8.121,108.87500
8.171,108.87500
8.222,108.75000
8.273,108.50000
8.323,108.50000
8.374,108.37500
8.424,108.37500
8.475,107.75000
8.526,107.75000
8.576,107.75000
8.627,107.00000
8.678,107.00000
8.728,106.62500
8.779,106.37500
8.829,106.37500
8.880,106.00000
8.931,105.62500
8.981,105.37500
9.032,105.25000
9.083,104.87500
9.133,104.62500
9.184,104.75000
9.234,104.25000
9.285,104.50000
9.336,104.00000
9.386,103.87500
9.437,103.62500
9.488,103.12500
9.538,103.12500
9.589,102.87500
9.640,102.75000
9.690,102.50000
9.741,102.12500
9.792,102.00000
9.842,101.25000
9.893,101.25000
9.944,100.62500
9.994,100.37500
10.045,100.25000
10.096,100.00000
10.146,99.87500
10.197,99.37500
10.248,99.25000
10.299,99.00000
10.349,98.87500
10.400,98.87500
10.451,98.50000
10.501,99.00000
10.552,98.62500
10.603,98.12500
10.653,98.12500
10.704,97.87500
10.755,97.87500
10.805,97.75000
10.856,97.50000
10.907,97.37500
10.957,97.12500
11.008,97.25000
11.059,96.50000
11.110,96.50000
11.160,96.50000
11.211,95.87500
11.262,95.87500
11.312,95.50000
11.363,95.50000
11.414,95.12500
11.464,95.00000
11.515,94.87500
11.566,94.50000
11.616,94.50000
11.667,94.12500
11.718,93.75000
11.768,93.87500
11.819,93.62500
11.870,93.75000
11.921,93.37500
11.971,93.12500
12.022,92.87500
12.073,92.62500
12.123,92.50000
12.174,92.25000
12.225,92.25000
12.275,92.25000
12.326,91.75000
12.377,91.62500
12.427,91.00000
12.478,91.00000
12.529,90.62500
12.579,90.62500
12.630,90.50000
12.681,90.12500
12.731,90.00000
12.782,89.62500
12.833,89.62500
12.884,89.37500
12.934,89.25000
12.985,89.50000
13.036,89.25000
13.086,89.50000
13.137,89.12500
13.188,88.87500
13.238,88.75000
13.289,88.50000
13.340,88.50000
13.390,88.12500
13.441,88.00000
13.492,87.87500
13.542,87.25000
13.593,87.25000
13.644,86.50000
13.695,86.50000
13.745,86.00000
13.796,85.87500
13.847,85.87500
13.897,85.50000
13.948,85.37500
13.999,85.00000
14.049,84.87500
14.100,84.50000
14.151,84.25000
14.201,84.25000
14.252,83.87500
14.303,84.00000
14.353,83.62500
14.404,83.50000
14.454,83.25000
14.505,82.87500
14.556,82.75000
14.606,82.37500
14.657,82.25000
14.708,82.12500
14.758,81.75000
14.809,81.87500
14.859,81.75000
14.910,81.12500
14.961,81.12500
15.011,80.62500
15.062,80.62500
15.113,80.37500
15.163,80.25000
15.214,80.12500
15.264,79.87500
15.315,80.00000
15.366,79.37500
15.416,79.25000
15.467,79.00000
15.517,78.62500
15.568,78.87500
15.619,78.50000
15.669,78.62500
15.720,78.25000
15.771,77.75000
15.821,77.50000
15.872,77.25000
15.922,77.25000
15.973,76.87500
16.024,77.00000
16.074,76.87500
16.125,76.25000
16.175,76.25000
16.226,76.12500
16.277,75.62500
16.327,75.50000
16.378,75.12500
16.428,75.00000
16.479,74.75000
16.530,74.75000
16.580,74.25000
16.631,74.12500
16.681,74.12500
16.732,73.62500
16.783,73.62500
16.833,73.25000
16.884,73.12500
16.935,73.25000
16.985,72.87500
17.036,72.87500
17.086,72.37500
17.137,72.12500
17.188,72.00000
17.238,71.62500
17.289,71.87500
17.339,71.50000
17.390,71.62500
17.441,71.50000
17.491,70.87500
17.542,70.87500
17.593,70.62500
17.643,70.37500
17.694,70.37500
17.744,70.00000
17.795,70.00000
17.846,69.50000
17.896,69.62500
17.947,69.25000
17.997,69.12500
18.048,69.12500
18.099,68.62500
18.149,68.50000
18.200,68.75000
18.251,68.25000
18.301,68.37500
18.352,68.00000
18.402,68.12500
18.453,67.75000
18.504,67.37500
18.554,67.37500
18.605,67.25000
18.656,67.50000
18.706,67.25000
18.757,66.75000
18.807,66.87500
18.858,66.37500
18.909,66.50000
18.959,66.12500
19.010,66.00000
19.061,66.12500
19.111,65.87500
19.162,65.87500
19.212,65.25000
19.263,65.25000
19.314,64.75000
19.364,64.62500
19.415,64.75000
19.466,64.50000
19.516,64.50000
19.567,64.12500
19.618,64.00000
19.668,63.75000
19.719,63.37500
19.769,63.50000
19.820,63.12500
19.871,62.62500
19.921,63.00000
19.972,62.75000
20.023,62.62500
20.073,62.25000
20.124,62.12500
20.175,62.00000
20.225,61.62500
20.276,61.62500
20.326,61.37500
20.377,61.37500
20.428,61.25000
20.478,60.87500
20.529,60.87500
20.580,60.12500
20.630,60.25000
20.681,59.75000
20.732,59.62500
20.782,59.75000
20.833,59.50000
20.883,59.50000
20.934,58.87500
20.985,58.87500
21.035,58.87500
21.086,58.50000
21.137,58.62500
21.187,58.37500
21.238,58.62500
21.288,58.25000
21.339,58.00000
21.390,58.00000
21.440,57.62500
21.491,57.50000
21.542,57.50000
21.592,57.25000
21.643,57.25000
21.693,56.87500
21.744,56.87500
21.795,56.87500
21.845,56.37500
21.896,56.37500
21.947,55.75000
21.997,55.75000
22.048,55.50000
22.098,55.62500
22.149,55.25000
22.200,55.00000
22.250,55.00000
22.301,54.50000
22.352,54.25000
22.402,54.25000
22.453,54.00000
22.503,54.37500
22.554,54.00000
22.605,54.00000
22.655,53.75000
22.706,53.37500
22.757,53.25000
22.807,53.12500
22.858,53.12500
22.908,53.00000
22.959,52.87500
23.010,53.00000
23.060,52.25000
23.111,52.37500
23.161,52.37500
23.212,51.75000
23.263,51.87500
23.313,51.62500
23.364,51.50000
23.415,51.25000
23.465,51.37500
23.516,50.87500
23.567,50.62500
23.617,50.75000
23.668,50.25000
23.719,50.12500
23.769,50.25000
23.820,49.87500
23.871,50.12500
23.921,49.75000
23.972,49.87500
24.022,49.37500
24.073,49.25000
24.124,49.25000
24.174,48.87500
24.225,49.12500
24.276,48.87500
24.326,48.50000
24.377,48.50000
24.428,47.87500
24.478,47.87500
24.529,47.62500
24.580,47.62500
24.630,47.50000
24.681,47.37500
24.731,47.25000
24.782,46.62500
24.833,46.50000
24.883,46.25000
24.934,46.00000
24.985,46.12500
25.035,45.87500
25.086,45.75000
25.137,45.75000
25.187,45.37500
25.238,45.37500
25.289,45.00000
25.339,45.12500
25.390,44.87500
25.440,45.00000
25.491,44.62500
25.542,44.62500
25.592,44.50000
25.643,44.25000
25.694,44.12500
25.744,44.00000
25.795,43.62500
25.846,43.75000
25.896,43.37500
25.947,43.50000
25.998,43.12500
26.048,43.12500
26.099,43.12500
26.150,42.75000
26.200,42.75000
26.251,42.50000
26.302,42.37500
26.352,42.50000
26.403,42.25000
26.453,42.25000
26.504,42.00000
26.555,42.00000
26.605,41.62500
26.656,41.25000
26.707,41.50000
26.757,41.12500
26.808,41.50000
26.859,41.25000
26.909,41.00000
26.960,41.00000
27.011,40.50000
27.061,40.62500
27.112,40.50000
27.163,40.25000
27.213,40.37500
27.264,40.12500
27.315,40.12500
27.365,39.62500
27.416,39.75000
27.467,39.37500
27.517,39.12500
27.568,39.50000
27.619,39.00000
27.669,38.87500
27.720,38.87500
27.771,38.75000
27.821,38.62500
27.872,38.25000
27.922,38.37500
27.973,37.87500
28.024,38.25000
28.074,38.00000
28.125,37.37500
28.176,37.50000
28.226,37.37500
28.277,36.87500
28.328,36.75000
28.378,36.37500
28.429,36.37500
28.479,36.12500
28.530,36.25000
28.581,36.12500
28.631,35.62500
28.682,35.75000
28.733,35.25000
28.783,35.25000
28.834,35.12500
28.885,34.87500
28.935,35.00000
28.986,34.50000
29.037,34.50000
29.087,34.25000
29.138,34.25000
29.188,34.12500
29.239,33.87500
29.290,34.12500
29.340,33.87500
29.391,34.25000
29.442,33.87500
29.492,33.50000
29.543,33.37500
29.594,33.25000
29.644,33.00000
29.695,32.87500
29.745,32.75000
29.796,32.75000
29.847,32.37500
29.897,32.37500
29.948,31.87500
29.999,31.87500
30.049,31.87500
30.100,31.37500
30.150,31.37500
30.201,31.37500
30.252,31.25000
30.302,31.12500
30.353,30.87500
30.404,30.87500
30.454,30.50000
30.505,30.37500
30.556,30.37500
30.606,30.12500
30.657,30.37500
30.708,30.00000
30.758,30.00000
30.809,29.87500
30.859,29.50000
30.910,29.50000
30.961,29.25000
31.011,29.37500
31.062,29.25000
31.113,29.37500
31.163,29.25000
31.214,28.75000
31.265,28.75000
31.315,28.25000
31.366,28.25000
31.416,28.37500
31.467,28.12500
31.518,28.25000
31.568,27.87500
31.619,27.87500
31.670,27.62500
31.720,27.37500
31.771,27.50000
31.822,27.00000
31.872,27.62500
31.923,27.12500
31.974,26.87500
32.024,27.25000
32.075,26.87500
32.125,26.87500
32.176,26.50000
32.227,26.50000
32.277,26.50000
32.328,26.50000
32.379,26.37500
32.429,26.25000
32.480,26.12500
32.531,26.00000
32.581,25.62500
32.632,25.62500
32.682,25.12500
32.733,25.12500
32.784,25.12500
32.834,25.00000
32.885,25.12500
32.936,24.75000
32.986,24.75000
33.037,24.50000
33.088,24.50000
33.138,24.50000
33.189,24.25000
33.239,24.62500
33.290,24.25000
33.341,24.00000
33.391,24.12500
33.442,23.75000
33.493,23.87500
33.543,23.62500
33.594,23.62500
33.645,23.50000
33.695,23.50000
33.746,23.62500
33.797,23.12500
33.847,23.12500
33.898,23.00000
33.948,22.62500
33.999,22.75000
34.050,22.50000
34.100,22.50000
34.151,22.37500
34.202,22.12500
34.252,22.00000
34.303,21.87500
34.354,21.87500
34.404,21.50000
34.455,21.37500
34.506,21.62500
34.556,21.37500
34.607,21.62500
34.658,21.37500
34.708,21.37500
34.759,21.00000
34.809,20.75000
34.860,21.00000
34.911,20.62500
34.961,20.87500
35.012,20.75000
35.063,20.37500
35.113,20.50000
35.164,20.00000
35.215,20.12500
35.265,19.87500
35.316,20.00000
35.366,20.00000
35.417,20.00000
35.468,20.12500
35.518,19.62500
35.569,19.62500
35.620,19.50000
35.670,19.37500
35.721,19.50000
35.772,19.25000
35.822,19.00000
35.873,19.37500
35.923,19.25000
35.974,19.12500
36.025,18.75000
36.075,19.00000
36.126,18.75000
36.177,18.87500
36.227,18.75000
36.278,18.50000
36.328,18.75000
36.379,18.50000
36.430,18.37500
36.480,18.37500
36.531,18.00000
36.582,18.12500
36.632,17.87500
36.683,17.87500
36.734,18.00000
36.784,17.62500
36.835,17.87500
36.886,17.25000
36.936,17.37500
36.987,17.12500
37.037,17.00000
37.088,17.25000
37.139,17.00000
37.189,17.12500
37.240,16.87500
37.291,16.75000
37.341,16.75000
37.392,16.62500
37.443,16.75000
37.493,16.62500
37.544,16.87500
37.595,16.75000
37.645,16.50000
37.696,16.50000
37.746,16.37500
37.797,16.12500
37.848,16.12500
37.898,15.75000
37.949,15.87500
38.000,15.75000
38.050,15.87500
38.101,15.25000
38.152,15.37500
38.202,15.37500
38.253,14.87500
38.303,15.00000
38.354,14.87500
38.405,14.75000
38.455,14.75000
38.506,14.75000
38.557,14.75000
38.607,14.37500
38.658,14.00000
38.709,14.25000
38.759,13.87500
38.810,14.25000
38.861,14.00000
38.911,14.25000
38.962,14.25000
39.012,14.00000
39.063,14.00000
39.114,13.50000
39.164,13.50000
39.215,13.50000
39.266,13.50000
39.316,13.50000
39.367,13.25000
39.418,13.37500
39.468,12.75000
39.519,12.75000
39.570,12.62500
39.620,12.50000
39.671,12.62500
39.721,12.62500
39.772,12.50000
39.823,12.62500
39.873,12.37500
39.924,12.50000
39.975,12.37500
40.025,12.62500
40.076,12.37500
40.127,12.00000
40.177,12.62500
40.228,12.25000
40.279,12.50000
40.329,12.37500
40.380,12.00000
40.431,12.00000
40.481,11.87500
40.532,12.00000
40.582,11.87500
40.633,12.00000
40.684,12.00000
40.734,11.37500
40.785,11.62500
40.836,11.12500
40.886,11.25000
40.937,11.12500
40.988,11.25000
41.038,11.25000
41.089,11.12500
41.140,11.12500
41.190,10.87500
41.241,10.87500
41.292,10.87500
41.342,10.87500
41.393,11.25000
41.444,11.12500
41.495,11.25000
41.545,11.12500
41.596,10.87500
41.647,10.87500
41.697,10.75000
41.748,10.62500
41.799,10.75000
41.849,10.75000
41.900,10.75000
41.951,10.25000
42.001,10.62500
42.052,10.12500
42.103,10.00000
42.154,10.12500
42.204,10.00000
42.255,10.12500
42.306,10.12500
42.356,10.00000
42.407,9.87500
42.458,9.75000
42.508,9.87500
42.559,9.62500
42.610,9.87500
42.660,9.50000
42.711,9.62500
42.762,9.75000
42.813,9.37500
42.863,9.50000
42.914,9.37500
42.965,9.12500
43.015,9.12500
43.066,9.00000
43.117,9.12500
43.167,8.75000
43.218,9.00000
43.269,8.50000
43.319,8.62500
43.370,8.62500
43.421,8.37500
43.471,8.37500
43.522,8.50000
43.573,8.37500
43.624,8.50000
43.674,8.12500
43.725,8.37500
43.776,8.00000
43.826,8.25000
43.877,8.00000
43.928,7.75000
43.978,8.25000
44.029,8.12500
44.080,8.25000
44.130,8.25000
44.181,7.75000
44.232,8.00000
44.282,7.75000
44.333,8.00000
44.384,7.75000
44.435,7.75000
44.485,8.00000
44.536,7.25000
44.587,7.37500
44.637,7.12500
44.688,7.25000
44.739,7.25000
44.789,7.12500
44.840,7.37500
44.891,7.12500
44.941,7.00000
44.992,6.87500
45.043,6.75000
45.094,6.75000
45.144,6.75000
45.195,7.12500
45.246,6.87500
45.296,7.12500
45.347,7.12500
45.398,6.75000
45.448,7.00000
45.499,6.87500
45.550,6.75000
45.600,6.75000
45.651,6.87500
45.702,7.00000
45.752,6.50000
45.803,6.50000
45.854,6.25000
45.905,6.25000
45.955,6.25000
46.006,6.25000
46.057,6.25000
46.107,6.37500
46.158,6.37500
46.209,6.37500
46.259,6.12500
46.310,6.25000
46.361,5.87500
46.411,6.25000
46.462,6.00000
46.513,6.25000
46.563,6.12500
46.614,6.12500
46.665,5.87500
46.716,5.87500
46.766,5.50000
46.817,5.50000
46.868,5.37500
46.918,5.37500
46.969,5.25000
47.020,5.25000
47.070,5.00000
47.121,4.87500
47.172,5.00000
47.222,4.75000
47.273,4.75000
47.324,4.87500
47.374,4.75000
47.425,5.00000
47.476,4.87500
47.527,4.75000
47.577,4.62500
47.628,4.50000
47.679,4.50000
47.729,4.25000
47.780,4.75000
47.831,4.62500
47.881,4.62500
47.932,4.50000
47.983,4.00000
48.033,4.37500
48.084,4.00000
48.134,4.25000
48.185,4.37500
48.236,4.25000
48.286,4.37500
48.337,3.87500
48.387,3.87500
48.438,3.75000
48.489,3.62500
48.539,3.87500
48.590,3.75000
48.640,3.75000
48.691,3.75000
48.742,3.62500
48.792,3.75000
48.843,3.50000
48.894,3.62500
48.944,3.37500
48.995,3.87500
49.045,3.62500
49.096,3.37500
49.147,3.75000
49.197,3.50000
49.248,3.50000
49.299,3.37500
49.349,3.12500
49.400,3.37500
49.451,3.25000
49.501,3.25000
49.552,3.25000
49.602,3.00000
49.653,3.25000
49.704,2.87500
49.754,3.00000
49.805,2.75000
49.856,2.75000
49.906,2.87500
49.957,2.75000
50.008,2.87500
50.058,2.75000
50.109,2.75000
50.159,2.62500
50.210,2.50000
50.261,2.75000
50.311,2.50000
50.362,2.87500
50.413,2.75000
50.463,2.62500
50.514,2.75000
50.564,2.50000
50.615,2.50000
50.666,2.50000
50.716,2.50000
50.767,2.50000
50.818,2.37500
50.868,2.62500
50.919,2.25000
50.970,2.37500
51.020,2.62500
51.071,2.12500
51.122,2.37500
51.172,2.00000
51.223,2.25000
51.273,2.37500
51.324,2.12500
51.375,2.25000
51.425,2.12500
51.476,2.00000
51.527,2.00000
51.577,1.87500
51.628,2.12500
51.679,2.00000
51.729,2.50000
51.780,2.25000
51.831,2.00000
51.881,1.87500
51.932,1.75000
51.982,1.87500
52.033,1.87500
52.084,1.87500
52.134,2.00000
52.185,1.62500
52.236,1.87500
52.286,1.37500
52.337,1.37500
52.388,1.25000
52.438,1.25000
52.489,1.37500
52.539,1.37500
52.590,1.37500
52.641,1.00000
52.691,1.00000
52.742,1.12500
52.793,0.87500
52.843,1.12500
52.894,0.87500
52.945,0.62500
52.995,1.25000
53.046,1.00000
53.097,1.00000
53.147,0.87500
53.198,0.87500
53.248,0.87500
53.299,0.87500
53.350,1.00000
53.400,1.00000
53.451,1.25000
53.502,1.25000
53.552,0.62500
53.603,0.87500
53.653,0.37500
53.704,0.37500
53.755,0.50000
53.805,0.50000
53.856,0.50000
53.907,0.50000
53.957,0.75000
54.008,0.37500
54.059,0.37500
54.109,0.50000
54.160,0.25000
54.211,0.75000
54.261,0.37500
54.312,0.50000
54.362,0.37500
54.413,0.25000
54.464,0.25000
54.514,0.12500
54.565,0.25000
54.616,0.00000
54.666,0.37500
54.717,0.25000
54.768,0.00000
54.818,0.12500
54.869,0.00000
54.920,-0.25000
54.970,-0.12500
55.021,-0.50000
55.071,-0.25000
55.122,-0.25000
55.173,-0.25000
55.223,-0.62500
55.274,-0.50000
55.324,-0.25000
55.375,-0.75000
55.426,-0.75000
55.476,-0.62500
55.527,-0.75000
55.577,-0.37500
55.628,-0.62500
55.679,-0.50000
55.729,-0.75000
55.780,-1.00000
55.831,-0.62500
55.881,-1.00000
55.932,-0.62500
55.982,-0.75000
56.033,-0.62500
56.084,-0.50000
56.134,-0.87500
56.185,-0.75000
56.235,-0.75000
56.286,-1.00000
56.337,-1.00000
56.387,-1.00000
56.438,-0.87500
56.488,-1.25000
56.539,-1.00000
56.590,-1.50000
56.640,-1.50000
56.691,-1.37500
56.742,-1.50000
56.792,-1.50000
56.843,-1.25000
56.893,-1.37500
56.944,-1.37500
56.995,-1.62500
57.045,-1.50000
57.096,-1.50000
57.146,-1.75000
57.197,-1.50000
57.248,-1.62500
57.298,-1.25000
57.349,-1.50000
57.400,-1.50000
57.450,-1.62500
57.501,-1.75000
57.551,-1.62500
57.602,-1.50000
57.653,-1.62500
57.703,-1.50000
57.754,-1.62500
57.805,-1.37500
57.855,-1.87500
57.906,-1.62500
57.956,-2.12500
58.007,-2.00000
58.058,-1.87500
58.108,-1.87500
58.159,-1.87500
58.209,-1.62500
58.260,-1.87500
58.311,-1.87500
58.361,-2.00000
58.412,-1.87500
58.463,-2.12500
58.513,-2.25000
58.564,-1.75000
58.614,-2.00000
58.665,-1.75000
58.716,-1.87500
58.766,-1.87500
58.817,-2.00000
58.867,-2.00000
58.918,-2.00000
58.969,-2.00000
59.019,-1.75000
59.070,-1.87500
59.121,-2.12500
59.171,-1.87500
59.222,-2.50000
59.272,-2.25000
59.323,-2.37500
59.374,-2.25000
59.424,-2.25000
59.475,-2.12500
59.525,-2.00000
59.576,-2.37500
59.627,-2.25000
59.677,-2.25000
59.728,-2.37500
59.778,-2.12500
59.829,-2.37500
59.880,-2.62500
59.930,-2.25000
59.981,-2.37500
60.032,-2.25000
60.082,-2.37500
60.133,-2.37500
60.184,-2.50000
60.234,-2.37500
60.285,-2.25000
60.336,-2.50000
60.386,-2.12500
60.437,-2.12500
60.488,-2.50000
60.538,-2.25000
60.589,-2.62500
60.640,-2.37500
60.690,-2.50000
60.741,-2.37500
60.792,-2.62500
60.842,-2.62500
60.893,-2.50000
60.944,-2.75000
60.995,-2.75000
61.045,-2.62500
61.096,-2.87500
61.147,-2.37500
61.197,-2.50000
61.248,-2.37500
61.299,-2.62500
61.349,-2.75000
61.400,-2.62500
61.451,-2.87500
61.501,-2.62500
61.552,-2.87500
61.603,-2.62500
61.653,-2.62500
61.704,-3.00000
61.755,-2.87500
61.806,-3.25000
61.856,-3.25000
61.907,-3.50000
61.958,-3.25000
62.008,-3.12500
62.059,-3.12500
62.110,-3.00000
62.160,-3.50000
62.211,-3.50000
62.262,-3.50000
62.312,-3.62500
62.363,-3.25000
62.414,-3.62500
62.464,-3.25000
62.515,-3.37500
62.566,-3.50000
62.617,-3.50000
62.667,-3.62500
62.718,-3.50000
62.769,-3.62500
62.819,-3.37500
62.870,-3.50000
62.921,-3.62500
62.971,-3.37500
63.022,-4.00000
63.073,-3.87500
63.123,-3.62500
63.174,-4.00000
63.225,-3.87500
63.276,-4.00000
63.326,-3.75000
63.377,-3.87500
63.428,-4.00000
63.478,-3.87500
63.529,-4.00000
63.580,-3.87500
63.630,-4.12500
63.681,-4.25000
63.732,-3.62500
63.782,-4.00000
63.833,-3.87500
63.884,-4.00000
63.934,-4.00000
63.985,-4.00000
64.036,-4.12500
64.086,-4.00000
64.137,-4.12500
64.188,-4.00000
64.238,-3.75000
64.289,-4.25000
64.340,-4.00000
64.391,-4.50000
64.441,-4.37500
64.492,-4.37500
64.543,-4.25000
64.593,-4.25000
64.644,-4.50000
64.695,-4.00000
64.745,-4.50000
64.796,-4.37500
64.847,-4.37500
64.897,-4.62500
64.948,-4.12500
64.999,-4.25000
65.049,-3.87500
65.100,-4.00000
65.151,-4.12500
65.202,-4.25000
65.252,-4.37500
65.303,-4.37500
65.354,-4.25000
65.404,-4.12500
65.455,-4.12500
65.506,-4.37500
65.556,-4.12500
65.607,-4.62500
65.658,-4.50000
65.708,-4.62500
65.759,-4.75000
65.810,-4.62500
65.860,-4.50000
65.911,-4.50000
65.962,-4.62500
66.013,-4.75000
66.063,-4.50000
66.114,-4.75000
66.165,-4.50000
66.215,-4.75000
66.266,-4.12500
66.317,-4.25000
66.367,-4.50000
66.418,-4.37500
66.469,-4.50000
66.519,-4.62500
66.570,-4.62500
66.621,-4.62500
66.672,-4.50000
66.722,-5.00000
66.773,-4.62500
66.824,-5.12500
66.874,-5.00000
66.925,-4.87500
66.976,-5.25000
67.026,-5.12500
67.077,-5.12500
67.128,-5.25000
67.178,-4.87500
67.229,-5.12500
67.280,-5.00000
67.330,-5.25000
67.381,-5.12500
67.432,-5.37500
67.483,-5.50000
67.533,-5.00000
67.584,-5.25000
67.635,-4.87500
67.685,-5.00000
67.736,-5.37500
67.787,-5.25000
67.837,-5.50000
67.888,-5.37500
67.939,-5.37500
67.989,-5.25000
68.040,-5.00000
68.091,-5.50000
68.141,-5.12500
68.192,-5.62500
68.243,-5.37500
68.294,-5.50000
68.344,-5.50000
68.395,-5.12500
68.446,-5.37500
68.496,-5.12500
68.547,-5.25000
68.598,-5.50000
68.648,-5.37500
68.699,-5.62500
68.750,-5.12500
68.800,-5.25000
68.851,-4.87500
68.902,-4.87500
68.953,-5.25000
69.003,-5.12500
69.054,-5.25000
69.105,-5.37500
69.155,-5.25000
69.206,-5.25000
69.257,-5.12500
69.307,-5.50000
69.358,-5.25000
69.409,-5.75000
69.459,-5.62500
69.510,-5.87500
69.561,-5.87500
69.611,-5.75000
69.662,-5.62500
69.713,-5.75000
69.764,-5.62500
69.814,-5.75000
69.865,-5.62500
69.916,-5.87500
69.966,-5.75000
70.017,-5.75000
70.068,-5.37500
70.118,-5.37500
70.169,-5.62500
70.220,-5.62500
70.270,-5.50000
70.321,-5.75000
70.372,-5.75000
70.423,-5.75000
70.473,-5.62500
70.524,-5.75000
70.575,-5.50000
70.625,-5.87500
70.676,-5.87500
70.727,-5.62500
70.777,-6.00000
70.828,-5.87500
70.879,-5.87500
70.929,-5.75000
70.980,-5.62500
71.031,-5.75000
71.081,-5.62500
71.132,-5.75000
71.183,-5.62500
71.234,-5.75000
71.284,-5.87500
71.335,-5.37500
71.386,-5.62500
71.436,-5.25000
71.487,-5.37500
71.538,-5.62500
71.588,-5.50000
71.639,-5.75000
71.690,-5.50000
71.740,-5.50000
71.791,-5.12500
71.842,-5.00000
71.892,-5.25000
71.943,-5.12500
71.994,-5.37500
72.045,-5.37500
72.095,-5.50000
72.146,-5.62500
72.197,-5.25000
72.247,-5.50000
72.298,-5.37500
72.349,-5.62500
72.399,-5.75000
72.450,-5.75000
72.501,-6.00000
72.551,-5.62500
72.602,-6.00000
72.653,-5.50000
72.703,-5.50000
72.754,-5.87500
72.805,-5.62500
72.856,-6.00000
72.906,-5.75000
72.957,-5.62500
73.008,-5.75000
73.058,-5.75000
73.109,-5.87500
73.160,-5.87500
73.210,-6.12500
73.261,-6.00000
73.312,-6.12500
73.362,-6.25000
73.413,-6.12500
73.463,-6.12500
73.514,-6.12500
73.565,-5.87500
73.615,-6.00000
73.666,-6.00000
73.717,-6.37500
73.767,-6.00000
73.818,-6.25000
73.868,-6.37500
73.919,-5.75000
73.970,-6.12500
74.020,-5.87500
74.071,-5.87500
74.121,-6.12500
74.172,-6.00000
74.223,-6.12500
74.273,-6.00000
74.324,-6.00000
74.375,-6.00000
74.425,-5.75000
74.476,-6.37500
74.526,-6.12500
74.577,-6.50000
74.628,-6.37500
74.678,-6.50000
74.729,-6.50000
74.780,-6.37500
74.830,-6.25000
74.881,-6.37500
74.931,-6.50000
74.982,-6.62500
75.033,-6.37500
75.083,-6.62500
75.134,-6.25000
75.184,-6.50000
75.235,-6.75000
75.286,-6.12500
75.336,-6.50000
75.387,-6.50000
75.438,-6.62500
75.488,-6.62500
75.539,-6.50000
75.589,-6.62500
75.640,-6.50000
75.691,-6.37500
75.741,-6.50000
75.792,-6.37500
75.842,-6.62500
75.893,-6.50000
75.944,-6.87500
75.994,-6.62500
76.045,-6.37500
76.096,-6.62500
76.146,-6.37500
76.197,-6.37500
76.247,-6.25000
76.298,-6.50000
76.349,-6.62500
76.399,-6.37500
76.450,-6.62500
76.500,-6.00000
76.551,-6.12500
76.602,-6.37500
76.652,-6.12500
76.703,-6.25000
76.754,-6.12500
76.804,-6.37500
76.855,-6.25000
76.905,-6.12500
76.956,-6.25000
77.007,-6.00000
77.057,-6.12500
77.108,-6.37500
77.158,-6.25000
77.209,-6.75000
77.260,-6.50000
77.310,-6.50000
77.361,-6.75000
77.412,-6.62500
77.462,-6.50000
77.513,-6.37500
77.563,-6.87500
77.614,-6.75000
77.665,-6.75000
77.715,-7.00000
77.766,-6.50000
77.816,-6.75000
77.867,-6.50000
77.918,-6.62500
77.968,-6.87500
78.019,-6.75000
78.070,-7.00000
78.120,-6.75000
78.171,-6.87500
78.221,-6.75000
78.272,-6.62500
78.323,-6.87500
78.373,-6.62500
78.424,-6.75000
78.474,-6.87500
78.525,-6.87500
78.576,-7.12500
78.626,-7.00000
78.677,-7.00000
78.727,-6.87500
78.778,-7.12500
78.829,-7.00000
78.879,-6.87500
78.930,-7.37500
78.981,-7.12500
79.031,-7.25000
79.082,-7.25000
79.132,-6.75000
79.183,-7.00000
79.234,-6.87500
79.284,-7.12500
79.335,-7.00000
79.386,-7.00000
79.436,-7.12500
79.487,-6.75000
79.537,-7.00000
79.588,-6.62500
79.639,-6.75000
79.689,-7.00000
79.740,-6.87500
79.790,-6.75000
79.841,-7.12500
79.892,-6.87500
79.942,-7.25000
79.993,-7.00000
80.044,-7.12500
80.094,-6.87500
80.145,-7.37500
80.195,-7.25000
80.246,-7.12500
80.297,-7.50000
80.347,-7.37500
80.398,-7.37500
80.449,-7.50000
80.499,-7.25000
80.550,-7.37500
80.600,-7.25000
80.651,-7.37500
80.702,-7.62500
80.752,-7.50000
80.803,-7.75000
80.854,-7.37500
80.904,-7.50000
80.955,-7.25000
81.005,-7.25000
81.056,-7.50000
81.107,-7.50000
81.157,-7.75000
81.208,-7.62500
81.258,-7.62500
81.309,-7.50000
81.360,-7.50000
81.410,-7.75000
81.461,-7.62500
81.512,-7.87500
81.562,-8.00000
81.613,-7.87500
81.663,-8.00000
81.714,-7.87500
81.765,-7.62500
81.815,-7.75000
81.866,-7.75000
81.917,-7.87500
81.967,-7.75000
82.018,-7.75000
82.068,-8.00000
82.119,-7.62500
82.170,-7.75000
82.220,-7.25000
82.271,-7.50000
82.321,-7.37500
82.372,-7.50000
82.423,-7.75000
82.473,-7.50000
82.524,-7.62500
82.574,-7.62500
82.625,-7.50000
82.676,-7.50000
82.726,-7.37500
82.777,-8.00000
82.828,-7.87500
82.878,-8.12500
82.929,-8.00000
82.979,-7.87500
83.030,-7.75000
83.081,-7.87500
83.131,-7.75000
83.182,-7.87500
83.233,-7.75000
83.283,-7.87500
83.334,-7.75000
83.384,-8.00000
83.435,-8.25000
83.486,-7.75000
83.536,-7.87500
83.587,-7.62500
83.637,-7.87500
83.688,-7.75000
83.739,-7.75000
83.789,-8.00000
83.840,-7.87500
83.891,-8.00000
83.941,-7.75000
83.992,-7.62500
84.042,-8.00000
84.093,-7.75000
84.144,-8.25000
84.194,-8.12500
84.245,-8.12500
84.295,-8.25000
84.346,-8.12500
84.397,-8.00000
84.447,-8.00000
84.498,-8.12500
84.549,-8.37500
84.599,-8.25000
84.650,-8.37500
84.700,-8.00000
84.751,-8.25000
84.802,-8.50000
84.852,-8.00000
84.903,-8.12500
84.953,-8.12500
85.004,-8.25000
85.055,-8.25000
85.105,-8.25000
85.156,-8.12500
85.207,-8.00000
85.257,-8.25000
85.308,-8.12500
85.358,-7.87500
85.409,-8.50000
85.460,-8.00000
85.510,-8.50000
85.561,-8.37500
85.611,-8.25000
85.662,-8.25000
85.713,-8.25000
85.763,-8.37500
85.814,-8.12500
85.865,-8.37500
85.915,-8.50000
85.966,-8.12500
86.016,-8.25000
86.067,-7.62500
86.118,-7.75000
86.168,-7.87500
86.219,-7.75000
86.269,-7.75000
86.320,-7.62500
86.371,-7.62500
86.421,-7.50000
86.472,-7.37500
86.523,-7.25000
86.573,-7.00000
86.624,-7.12500
86.674,-7.25000
86.725,-7.12500
86.776,-7.50000
86.826,-7.25000
86.877,-7.50000
86.928,-7.37500
86.978,-7.37500
87.029,-7.25000
87.079,-7.50000
87.130,-7.62500
87.181,-7.62500
87.231,-7.62500
87.282,-7.75000
87.332,-7.50000
87.383,-7.75000
87.434,-7.25000
87.484,-7.50000
87.535,-7.37500
87.586,-7.50000
87.636,-7.75000
87.687,-7.50000
87.737,-7.62500
87.788,-7.50000
87.839,-7.62500
87.889,-7.62500
87.940,-7.37500
87.991,-7.87500
88.041,-7.87500
88.092,-7.62500
88.143,-7.87500
88.193,-7.75000
88.244,-8.00000
88.294,-7.87500
88.345,-8.12500
88.396,-8.00000
88.446,-8.12500
88.497,-8.12500
88.548,-8.25000
88.598,-8.25000
88.649,-8.37500
88.699,-8.12500
88.750,-8.12500
88.801,-7.87500
88.851,-8.00000
88.902,-8.00000
88.952,-8.00000
89.003,-8.12500
89.054,-7.75000
89.104,-7.87500
89.155,-7.50000
89.205,-7.50000
89.256,-7.62500
89.307,-7.50000
89.357,-8.00000
89.408,-7.75000
89.459,-7.75000
89.509,-8.00000
89.560,-7.75000
89.610,-7.87500
89.661,-7.75000
89.712,-8.00000
89.762,-8.12500
89.813,-8.12500
89.863,-8.25000
89.914,-8.25000
89.965,-8.25000
90.015,-8.25000
90.066,-7.87500
90.117,-8.25000
90.167,-8.00000
90.218,-8.12500
90.268,-8.00000
90.319,-8.00000
90.370,-8.25000
90.420,-7.62500
90.471,-8.00000
90.521,-7.62500
90.572,-7.62500
90.623,-8.00000
90.673,-7.87500
90.724,-8.00000
90.775,-7.87500
90.825,-7.87500
90.876,-7.75000
90.926,-7.62500
90.977,-8.00000
91.028,-8.00000
91.078,-8.00000
91.129,-8.12500
91.179,-8.00000
91.230,-8.25000
91.281,-8.12500
91.331,-7.87500
91.382,-7.87500
91.433,-7.75000
91.483,-8.00000
91.534,-7.75000
91.584,-7.87500
91.635,-7.62500
91.686,-7.87500
91.736,-8.12500
91.787,-7.50000
91.837,-7.62500
91.888,-7.87500
91.939,-7.62500
91.989,-7.87500
92.040,-7.75000
92.091,-7.87500
92.141,-7.87500
92.192,-7.62500
92.242,-7.75000
92.293,-7.50000
92.344,-7.87500
92.394,-7.87500
92.445,-8.00000
92.495,-8.12500
92.546,-7.75000
92.597,-8.00000
92.647,-8.00000
92.698,-7.87500
92.749,-8.00000
92.799,-7.87500
92.850,-8.12500
92.900,-8.00000
92.951,-8.12500
93.002,-7.62500
93.052,-7.87500
93.103,-8.12500
93.154,-7.75000
93.204,-7.87500
93.255,-8.12500
93.305,-8.00000
93.356,-8.37500
93.407,-8.25000
93.457,-8.25000
93.508,-8.25000
93.558,-8.00000
93.609,-8.37500
93.660,-8.25000
93.710,-8.62500
93.761,-8.50000
93.812,-8.62500
93.862,-8.75000
93.913,-8.25000
93.963,-8.37500
94.014,-8.50000
94.065,-8.37500
94.115,-8.50000
94.166,-8.50000
94.216,-8.87500
94.267,-8.37500
94.318,-8.75000
94.368,-8.25000
94.419,-8.25000
94.470,-8.37500
94.520,-8.37500
94.571,-8.37500
94.621,-8.37500
94.672,-8.25000
94.723,-8.37500
94.773,-8.12500
94.824,-8.25000
94.875,-8.12500
94.925,-8.00000
94.976,-8.25000
95.026,-8.12500
95.077,-8.37500
95.128,-8.25000
95.178,-8.12500
95.229,-8.25000
95.280,-8.00000
95.330,-8.12500
95.381,-7.87500
95.431,-8.12500
95.482,-8.25000
95.533,-8.12500
95.583,-8.25000
95.634,-7.75000
95.685,-7.87500
95.735,-7.87500
95.786,-7.75000
95.836,-8.12500
95.887,-8.00000
95.938,-8.12500
95.988,-8.00000
96.039,-8.00000
96.090,-8.00000
96.140,-7.87500
96.191,-8.25000
96.241,-8.00000
96.292,-7.87500
96.343,-8.50000
96.393,-8.25000
96.444,-8.50000
96.495,-8.37500
96.545,-8.25000
96.596,-8.37500
96.646,-8.12500
96.697,-8.37500
96.748,-8.37500
96.798,-8.50000
96.849,-8.62500
96.899,-8.37500
96.950,-8.62500
97.001,-8.00000
97.051,-8.37500
97.102,-8.37500
97.153,-8.50000
97.203,-8.62500
97.254,-8.50000
97.304,-8.50000
97.355,-8.50000
97.406,-8.50000
97.456,-8.50000
97.507,-8.25000
97.558,-8.75000
97.608,-8.50000
97.659,-8.50000
97.709,-8.87500
97.760,-8.62500
97.811,-8.62500
97.861,-8.75000
97.912,-8.62500
97.962,-8.62500
98.013,-8.62500
98.064,-8.75000
98.114,-8.87500
98.165,-8.75000
98.216,-9.00000
98.266,-8.37500
98.317,-8.62500
98.367,-8.37500
98.418,-8.50000
98.469,-8.50000
98.519,-8.50000
98.570,-8.75000
98.621,-8.62500
98.671,-8.62500
98.722,-8.62500
98.772,-8.50000
98.823,-8.87500
98.874,-8.75000
98.924,-9.25000
98.975,-9.00000
99.026,-9.12500
99.076,-9.25000
99.127,-9.00000
99.177,-8.87500
99.228,-8.87500
99.279,-9.12500
99.329,-9.00000
99.380,-9.00000
99.431,-9.12500
99.481,-8.87500
99.532,-9.00000
99.582,-9.25000
99.633,-8.75000
99.684,-8.87500
99.734,-8.75000
99.785,-8.87500
99.836,-8.87500
99.886,-8.62500
99.937,-8.75000
99.987,-8.62500
100.038,-8.50000
100.089,-8.37500
100.139,-8.37500
100.190,-8.75000
100.240,-8.50000
100.291,-9.00000
100.342,-8.87500
100.392,-8.75000
100.443,-8.62500
100.494,-8.50000
100.544,-8.50000
100.595,-8.62500
100.645,-8.62500
100.696,-9.00000
100.747,-8.75000
100.797,-8.87500
100.848,-8.12500
100.898,-8.37500
100.949,-8.62500
101.000,-8.62500
101.050,-8.75000
101.101,-8.50000
101.151,-8.62500
101.202,-8.75000
101.253,-8.62500
101.303,-8.62500
101.354,-8.50000
101.405,-8.50000
101.455,-8.75000
101.506,-8.37500
101.556,-8.75000
101.607,-8.62500
101.658,-8.87500
101.708,-8.62500
101.759,-8.62500
101.810,-8.50000
101.860,-8.37500
101.911,-8.87500
101.961,-8.75000
102.012,-8.87500
102.063,-8.75000
102.113,-8.50000
102.164,-8.75000
102.214,-8.37500
102.265,-8.62500
102.316,-8.87500
102.366,-8.75000
102.417,-8.87500
102.467,-8.87500
102.518,-8.87500
102.569,-8.87500
102.619,-8.87500
102.670,-8.87500
102.721,-8.75000
102.771,-8.62500
102.822,-9.12500
102.872,-9.00000
102.923,-9.37500
102.974,-9.12500
103.024,-9.25000
103.075,-9.25000
103.125,-9.25000
103.176,-9.25000
103.227,-9.12500
103.277,-9.50000
103.328,-9.50000
103.379,-9.25000
103.429,-9.37500
103.480,-8.87500
103.530,-8.87500
103.581,-8.62500
103.632,-8.75000
103.682,-9.00000
103.733,-8.75000
103.783,-8.87500
103.834,-8.75000
103.885,-8.75000
103.935,-8.62500
103.986,-8.37500
104.037,-8.87500
104.087,-8.75000
104.138,-8.50000
104.189,-8.75000
104.240,-8.62500
104.290,-8.87500
104.341,-8.75000
104.392,-8.75000
104.442,-8.62500
104.493,-8.87500
104.544,-9.00000
104.594,-9.00000
104.645,-9.25000
104.695,-9.00000
104.746,-8.75000
104.797,-8.87500
104.847,-8.62500
104.898,-8.87500
104.949,-8.75000
104.999,-8.87500
105.050,-9.00000
105.100,-9.00000
105.151,-9.12500
105.202,-8.75000
105.252,-8.62500
105.303,-8.75000
105.353,-8.62500
105.404,-9.25000
105.455,-9.00000
105.505,-9.50000
105.556,-9.12500
105.607,-9.12500
105.657,-9.00000
105.708,-8.87500
105.758,-9.37500
105.809,-9.12500
105.860,-9.37500
105.910,-9.50000
105.961,-9.37500
106.011,-9.50000
106.062,-9.50000
106.113,-9.00000
106.163,-9.25000
106.214,-9.00000
106.265,-9.12500
106.315,-9.12500
106.366,-9.25000
106.416,-9.12500
106.467,-9.25000
106.518,-9.25000
106.568,-9.00000
106.619,-9.00000
106.669,-9.12500
106.720,-9.00000
106.771,-9.25000
106.821,-9.00000
106.872,-9.25000
106.923,-9.12500
106.973,-8.87500
107.024,-9.00000
107.074,-8.75000
107.125,-9.37500
107.176,-9.25000
107.226,-9.50000
107.277,-9.37500
107.327,-9.25000
107.378,-9.25000
107.429,-9.37500
107.479,-9.12500
107.530,-9.37500
107.580,-9.12500
107.631,-9.25000
107.682,-9.12500
107.732,-9.25000
107.783,-9.37500
107.834,-8.87500
107.884,-9.25000
107.935,-8.75000
107.985,-8.75000
108.036,-9.12500
108.087,-9.00000
108.137,-9.25000
108.188,-9.25000
108.238,-9.12500
108.289,-9.12500
108.340,-9.00000
108.390,-9.37500
108.441,-9.12500
108.491,-9.37500
108.542,-9.25000
108.593,-9.37500
108.643,-9.37500
108.694,-9.25000
108.745,-9.00000
108.795,-9.12500
108.846,-9.00000
108.896,-9.25000
108.947,-9.12500
108.998,-9.25000
109.048,-9.12500
109.099,-9.25000
109.149,-9.37500
109.200,-9.00000
109.251,-9.12500
109.301,-9.12500
109.352,-9.25000
109.403,-9.50000
109.453,-9.25000
109.504,-9.50000
109.554,-9.25000
109.605,-9.37500
109.656,-9.25000
109.706,-9.12500
109.757,-9.62500
109.808,-9.37500
109.858,-9.62500
109.909,-9.50000
109.959,-9.50000
110.010,-9.50000
110.061,-9.37500
110.111,-9.12500
110.162,-9.25000
110.212,-9.25000
110.263,-9.25000
110.314,-9.12500
110.364,-9.37500
110.415,-8.75000
110.465,-8.87500
110.516,-9.12500
110.567,-8.62500
110.617,-8.75000
110.668,-8.87500
110.719,-8.87500
110.769,-9.12500
110.820,-8.87500
110.870,-9.00000
110.921,-8.87500
110.972,-8.87500
111.022,-9.12500
111.073,-8.87500
111.124,-9.25000
111.174,-9.00000
111.225,-9.37500
111.275,-9.25000
111.326,-9.00000
111.377,-9.12500
111.427,-9.00000
111.478,-9.00000
111.528,-9.12500
111.579,-9.25000
111.630,-9.37500
111.680,-9.25000
111.731,-9.37500
111.782,-8.87500
111.832,-9.12500
111.883,-9.12500
111.933,-8.87500
111.984,-9.25000
112.035,-9.25000
112.085,-9.25000
112.136,-9.25000
112.186,-9.12500
112.237,-9.25000
112.288,-9.00000
112.338,-8.75000
112.389,-9.12500
112.440,-9.12500
112.490,-9.62500
112.541,-9.37500
112.591,-9.37500
112.642,-9.37500
112.693,-9.12500
112.743,-9.12500
112.794,-9.25000
112.844,-9.50000
112.895,-9.50000
112.946,-9.37500
112.996,-9.37500
113.047,-9.25000
113.098,-9.37500
113.148,-9.00000
113.199,-9.00000
113.249,-9.37500
113.300,-9.25000
113.351,-9.37500
113.401,-9.25000
113.452,-9.37500
113.502,-9.37500
113.553,-9.25000
113.604,-9.37500
113.654,-9.12500
113.705,-9.12500
113.755,-9.50000
113.806,-9.50000
113.857,-9.75000
113.907,-9.62500
113.958,-9.62500
114.009,-9.62500
114.059,-9.50000
114.110,-9.62500
114.160,-9.37500
114.211,-9.75000
114.262,-9.75000
114.312,-9.62500
114.363,-9.87500
114.413,-9.37500
114.464,-9.50000
114.515,-9.37500
114.565,-9.37500
114.616,-9.62500
114.667,-9.50000
114.717,-9.62500
114.768,-9.50000
114.818,-9.50000
114.869,-9.37500
114.920,-9.25000
114.970,-9.75000
115.021,-9.50000
115.071,-9.50000
115.122,-9.87500
115.173,-9.62500
115.223,-10.12500
115.274,-9.87500
115.325,-9.87500
115.375,-9.75000
115.426,-9.87500
115.476,-9.87500
115.527,-9.75000
115.578,-10.00000
115.628,-10.00000
115.679,-9.62500
115.729,-9.75000
115.780,-9.25000
115.831,-9.50000
115.881,-9.50000
115.932,-9.62500
115.983,-9.75000
116.033,-9.50000
116.084,-9.62500
116.134,-9.37500
116.185,-9.37500
116.236,-9.37500
116.286,-9.25000
116.337,-9.62500
116.387,-9.62500
116.438,-9.37500
116.489,-9.75000
116.539,-9.62500
116.590,-9.62500
116.641,-9.37500
116.691,-9.75000
116.742,-9.50000
116.792,-9.62500
116.843,-9.75000
116.894,-9.62500
116.944,-9.87500
116.995,-10.00000
117.046,-9.50000
117.096,-9.62500
117.147,-9.62500
117.197,-9.62500
117.248,-9.50000
117.299,-9.50000
117.349,-9.87500
117.400,-9.50000
117.450,-9.62500
117.501,-9.25000
117.552,-9.25000
117.602,-9.50000
117.653,-9.25000
117.704,-9.62500
117.754,-9.50000
117.805,-9.37500
117.855,-9.50000
117.906,-9.50000
117.957,-9.50000
118.007,-9.25000
118.058,-9.62500
118.108,-9.62500
118.159,-9.75000
118.210,-9.75000
118.260,-9.62500
118.311,-9.50000
118.361,-9.62500
118.412,-9.12500
118.463,-9.37500
118.513,-9.25000
118.564,-9.37500
118.615,-9.25000
118.665,-9.37500
118.716,-9.37500
118.766,-8.87500
118.817,-9.12500
118.868,-9.00000
118.918,-9.00000
118.969,-9.25000
119.019,-9.00000
119.070,-9.37500
119.121,-9.25000
119.171,-9.12500
119.222,-9.12500
119.273,-9.12500
119.323,-9.37500
119.374,-9.25000
119.424,-9.75000
119.475,-9.62500
119.526,-9.50000
119.576,-9.62500
119.627,-9.50000
119.677,-9.37500
119.728,-9.25000
119.779,-9.37500
119.829,-9.37500
119.880,-9.12500
119.931,-9.50000
119.981,-9.12500
120.032,-9.25000
120.082,-9.50000
120.133,-9.12500
120.184,-9.12500
120.234,-9.25000
120.285,-9.12500
120.335,-9.50000
120.386,-9.37500
120.437,-9.50000
120.487,-9.37500
120.538,-9.50000
120.589,-9.50000
120.640,-9.37500
120.690,-9.75000
120.741,-9.62500
120.791,-9.87500
120.842,-9.87500
120.893,-9.62500
120.943,-9.62500
120.994,-9.50000
121.044,-9.50000
121.095,-9.62500
121.146,-9.50000
121.196,-9.75000
121.247,-9.25000
121.298,-9.50000
121.348,-9.12500
121.399,-9.12500
121.449,-9.12500
121.500,-9.12500
121.551,-9.25000
121.601,-9.25000
121.652,-9.12500
121.703,-9.50000
121.753,-9.37500
121.804,-9.25000
121.854,-9.25000
121.905,-9.62500
121.956,-9.37500
122.006,-9.12500
122.057,-9.75000
122.107,-9.62500
122.158,-9.62500
122.209,-9.75000
122.259,-9.25000
122.310,-9.50000
122.361,-9.62500
122.411,-9.62500
122.462,-9.62500
122.512,-9.75000
122.563,-9.87500
122.614,-9.50000
122.664,-9.75000
122.715,-9.25000
122.766,-9.37500
122.816,-9.62500
122.867,-9.50000
122.917,-9.50000
122.968,-9.75000
123.019,-9.62500
123.069,-9.75000
123.120,-9.62500
123.170,-9.87500
123.221,-9.62500
123.272,-10.00000
123.322,-10.00000
123.373,-9.75000
123.424,-10.25000
123.474,-10.00000
123.525,-10.12500
123.575,-10.12500
123.626,-9.87500
123.677,-10.00000
123.727,-10.00000
123.778,-10.12500
123.828,-10.37500
123.879,-10.12500
123.930,-10.25000
123.980,-9.75000
124.031,-10.00000
124.082,-9.87500
124.132,-9.87500
124.183,-10.12500
124.233,-10.00000
124.284,-10.00000
124.335,-10.00000
124.385,-10.12500
124.436,-10.00000
124.487,-9.87500
124.537,-10.25000
124.588,-10.12500
124.638,-10.37500
124.689,-10.37500
124.740,-10.25000
124.790,-10.50000
124.841,-10.25000
124.891,-10.12500
124.942,-10.12500
124.993,-10.25000
125.043,-10.37500
125.094,-10.25000
125.145,-10.37500
125.195,-10.37500
125.246,-10.00000
125.296,-10.25000
125.347,-9.75000
125.398,-10.00000
125.448,-9.87500
125.499,-10.00000
125.549,-10.12500
125.600,-10.00000
125.651,-10.00000
125.701,-10.00000
125.752,-10.00000
125.802,-9.87500
125.853,-9.75000
125.904,-10.37500
125.954,-10.00000
126.005,-10.25000
126.056,-10.12500
126.106,-10.00000
126.157,-10.00000
126.207,-9.87500
126.258,-9.87500
126.309,-9.87500
126.359,-9.87500
126.410,-10.00000
126.461,-9.75000
126.511,-10.00000
126.562,-10.00000
126.612,-9.62500
126.663,-9.87500
126.714,-9.50000
126.764,-9.62500
126.815,-9.87500
126.866,-9.75000
126.916,-10.12500
126.967,-9.87500
127.017,-9.87500
127.068,-9.50000
127.119,-9.75000
127.169,-9.87500
127.220,-9.62500
127.270,-10.12500
127.321,-10.00000
127.372,-10.12500
127.422,-10.00000
127.473,-9.87500
127.524,-9.75000
127.574,-9.75000
127.625,-9.87500
127.675,-9.87500
127.726,-9.87500
127.777,-10.00000
127.827,-9.75000
127.878,-9.87500
127.928,-10.12500
127.979,-9.62500
128.030,-9.87500
128.080,-9.62500
128.131,-9.75000
128.182,-9.75000
128.232,-9.87500
128.283,-9.87500
128.333,-9.62500
128.384,-9.75000
128.435,-9.50000
128.485,-9.37500
128.536,-9.87500
128.587,-9.62500
128.637,-10.00000
128.688,-9.87500
128.738,-9.87500
128.789,-10.00000
128.840,-9.87500
128.890,-9.87500
128.941,-9.75000
128.991,-10.00000
129.042,-10.00000
129.093,-10.00000
129.143,-10.12500
129.194,-9.75000
129.245,-10.00000
129.295,-10.12500
129.346,-9.75000
129.396,-10.00000
129.447,-10.00000
129.498,-10.00000
129.548,-10.00000
129.599,-10.00000
129.650,-9.87500
129.700,-9.87500
129.751,-9.87500
129.801,-10.00000
129.852,-9.75000
129.903,-10.12500
129.953,-10.00000
130.004,-10.37500
130.054,-10.25000
130.105,-10.00000
130.156,-10.00000
130.206,-9.87500
130.257,-10.00000
130.308,-9.75000
130.358,-10.12500
130.409,-10.12500
130.459,-9.87500
130.510,-10.00000
130.561,-9.50000
130.611,-9.62500
130.662,-10.00000
130.713,-9.75000
130.763,-9.87500
130.814,-9.87500
130.864,-10.12500
130.915,-9.75000
130.966,-9.87500
131.016,-9.87500
131.067,-9.62500
131.117,-9.75000
131.168,-9.87500
131.219,-9.75000
131.269,-10.12500
131.320,-10.00000
131.371,-10.12500
131.421,-10.00000
131.472,-9.87500
131.522,-10.00000
131.573,-9.87500
131.624,-10.25000
131.674,-10.00000
131.725,-10.25000
131.776,-10.25000
131.826,-10.00000
131.877,-10.12500
131.927,-9.87500
131.978,-10.00000
132.029,-10.12500
132.079,-10.00000
132.130,-10.12500
132.181,-10.00000
132.231,-9.87500
132.282,-9.62500
132.332,-9.50000
132.383,-9.75000
132.434,-9.62500
132.484,-9.62500
132.535,-9.87500
132.586,-9.75000
132.636,-10.12500
132.687,-9.87500
132.737,-9.87500
132.788,-10.00000
132.839,-10.25000
132.889,-10.25000
132.940,-9.87500
132.991,-10.37500
133.041,-10.25000
133.092,-10.25000
133.142,-10.37500
133.193,-9.75000
133.244,-9.87500
133.294,-9.75000
133.345,-9.75000
133.395,-9.87500
133.446,-9.75000
133.497,-9.87500
133.547,-9.62500
133.598,-9.87500
133.649,-9.37500
133.699,-9.50000
133.750,-9.87500
133.800,-9.75000
133.851,-10.25000
133.902,-10.00000
133.952,-9.87500
134.003,-10.12500
134.054,-10.00000
134.104,-10.00000
134.155,-9.87500
134.205,-10.25000
134.256,-10.25000
134.307,-10.25000
134.357,-10.37500
134.408,-10.25000
134.459,-10.12500
134.509,-10.12500
134.560,-10.00000
134.610,-10.00000
134.661,-9.87500
134.712,-10.12500
134.762,-10.00000
134.813,-10.12500
134.864,-10.37500
134.914,-9.87500
134.965,-10.12500
135.015,-9.87500
135.066,-9.87500
135.117,-10.12500
135.167,-9.87500
135.218,-10.25000
135.269,-10.00000
135.319,-10.00000
135.370,-9.87500
135.420,-9.75000
135.471,-10.12500
135.522,-9.75000
135.572,-10.25000
135.623,-10.25000
135.674,-10.12500
135.724,-10.25000
135.775,-10.12500
135.825,-9.75000
135.876,-10.00000
135.927,-10.00000
135.977,-10.12500
136.028,-9.87500
136.079,-10.00000
136.129,-9.87500
136.180,-9.87500
136.230,-10.12500
136.281,-9.75000
136.332,-9.87500
136.382,-9.87500
136.433,-9.75000
136.483,-10.12500
136.534,-10.00000
136.585,-10.00000
136.635,-10.00000
136.686,-9.87500
136.737,-10.00000
136.787,-9.75000
136.838,-10.37500
136.888,-10.25000
136.939,-10.50000
136.990,-10.50000
137.040,-10.25000
137.091,-10.25000
137.142,-10.37500
137.192,-10.25000
137.243,-10.12500
137.293,-9.87500
137.344,-10.12500
137.395,-9.62500
137.445,-10.00000
137.496,-9.50000
137.547,-9.62500
137.597,-9.75000
137.648,-9.37500
137.699,-9.50000
137.749,-9.50000
137.800,-9.50000
137.850,-9.75000
137.901,-9.62500
137.952,-9.62500
138.002,-9.62500
138.053,-9.50000
138.104,-9.75000
138.154,-9.62500
138.205,-10.00000
138.255,-9.87500
138.306,-10.25000
138.357,-10.25000
138.407,-9.87500
138.458,-10.00000
138.509,-9.87500
138.559,-10.25000
138.610,-10.25000
138.660,-10.12500
138.711,-10.25000
138.762,-10.00000
138.812,-10.25000
138.863,-9.87500
138.914,-10.00000
138.964,-10.25000
139.015,-10.12500
139.065,-10.12500
139.116,-10.37500
139.167,-10.25000
139.217,-10.37500
139.268,-10.12500
139.319,-10.25000
139.369,-10.12500
139.420,-10.50000
139.470,-10.37500
139.521,-10.12500
139.572,-10.50000
139.622,-10.25000
139.673,-10.25000
139.724,-10.37500
139.774,-10.12500
139.825,-10.50000
139.875,-10.37500
139.926,-10.37500
139.977,-10.50000
140.027,-10.37500
140.078,-10.62500
140.128,-10.12500
140.179,-10.25000
140.230,-10.12500
140.280,-10.12500
140.331,-10.50000
140.382,-10.37500
140.432,-10.37500
140.483,-10.37500
140.533,-10.37500
140.584,-10.25000
140.635,-10.12500
140.685,-10.62500
140.736,-10.50000
140.787,-10.87500
140.837,-10.75000
140.888,-10.62500
140.938,-10.75000
140.989,-10.75000
141.040,-10.62500
141.090,-10.50000
141.141,-10.62500
141.191,-10.75000
141.242,-10.62500
141.293,-10.62500
141.343,-10.75000
141.394,-10.62500
141.445,-10.75000
141.495,-10.25000
141.546,-10.37500
141.596,-10.25000
141.647,-10.37500
141.698,-10.50000
141.748,-10.25000
141.799,-10.37500
141.850,-10.25000
141.900,-10.25000
141.951,-10.12500
142.001,-10.00000
142.052,-10.37500
142.103,-10.12500
142.153,-10.37500
142.204,-10.25000
142.254,-10.00000
142.305,-10.25000
142.356,-10.12500
142.406,-10.12500
142.457,-10.12500
142.508,-10.00000
142.558,-10.12500
142.609,-10.00000
142.659,-10.12500
142.710,-10.25000
142.761,-9.87500
142.811,-10.25000
142.862,-9.62500
142.912,-9.75000
142.963,-9.75000
143.014,-9.75000
143.064,-9.62500
143.115,-9.62500
143.165,-9.62500
143.216,-9.37500
143.267,-9.25000
143.318,-9.50000
143.368,-9.37500
143.419,-9.75000
143.469,-9.50000
143.520,-9.75000
143.571,-9.62500
143.621,-9.37500
143.672,-9.62500
143.723,-9.37500
143.773,-9.50000
143.824,-9.50000
143.874,-9.62500
143.925,-9.87500
143.976,-9.62500
144.026,-9.87500
144.077,-10.12500
144.127,-9.62500
144.178,-9.87500
144.229,-9.62500
144.279,-9.75000
144.330,-9.62500
144.381,-9.75000
144.431,-9.75000
144.482,-9.62500
144.533,-9.87500
144.583,-9.62500
144.634,-9.50000
144.685,-10.00000
144.735,-9.87500
144.786,-10.12500
144.837,-10.00000
144.887,-10.25000
144.938,-10.12500
144.989,-10.00000
145.040,-10.00000
145.090,-9.87500
145.141,-10.25000
145.192,-10.12500
145.242,-10.25000
145.293,-10.25000
145.344,-9.87500
145.394,-10.00000
145.445,-9.37500
145.496,-9.50000
145.546,-9.50000
145.597,-9.62500
145.648,-9.75000
145.699,-9.62500
145.749,-9.75000
145.800,-9.62500
145.851,-9.62500
145.901,-9.75000
145.952,-9.75000
146.003,-10.12500
146.053,-9.87500
146.104,-10.12500
146.155,-10.25000
146.205,-10.00000
146.256,-10.12500
146.307,-9.87500
146.357,-10.12500
146.408,-10.12500
146.459,-10.12500
146.509,-10.25000
146.560,-10.00000
146.610,-10.25000
146.661,-10.37500
146.712,-9.87500
146.762,-10.12500
146.813,-10.00000
146.863,-10.25000
146.914,-10.25000
146.965,-10.37500
147.015,-10.25000
147.066,-10.00000
147.117,-10.25000
147.167,-10.00000
147.218,-9.87500
147.268,-10.25000
147.319,-10.12500
147.370,-10.50000
147.420,-10.37500
147.471,-10.50000
147.521,-10.62500
147.572,-10.37500
147.623,-10.25000
147.673,-10.25000
147.724,-10.50000
147.774,-10.50000
147.825,-10.37500
147.876,-10.62500
147.926,-10.12500
147.977,-10.25000
148.028,-10.37500
148.078,-9.87500
148.129,-10.12500
148.179,-10.00000
148.230,-10.12500
148.281,-10.12500
148.331,-10.12500
148.382,-10.12500
148.432,-9.87500
148.483,-10.00000
148.534,-10.00000
148.584,-9.87500
148.635,-10.25000
148.686,-10.12500
148.736,-10.62500
148.787,-10.37500
148.837,-10.37500
148.888,-10.50000
148.939,-10.25000
148.989,-10.37500
149.040,-10.25000
149.090,-10.37500
149.141,-10.50000
149.192,-10.25000
149.242,-10.62500
149.293,-10.00000
149.343,-10.25000
149.394,-10.37500
149.445,-10.00000
149.495,-10.12500
149.546,-10.12500
149.597,-10.25000
149.647,-10.25000
149.698,-10.25000
149.748,-10.25000
149.799,-10.00000
149.850,-10.25000
149.900,-10.25000
149.951,-10.12500
