time(s),mvs
0.000,-14.00000
0.051,-14.00000
0.101,-14.00000
0.152,-14.00000
0.203,-14.00000
0.253,-13.87500
0.304,-13.75000
0.354,-13.87500
0.405,-13.87500
0.456,-13.87500
0.506,-13.87500
0.557,-13.87500
0.608,-13.87500
0.658,-14.00000
0.709,-14.00000
0.759,-14.00000
0.810,-14.00000
0.861,-14.00000
0.911,-14.00000
0.962,-14.12500
1.013,-14.12500
1.063,-14.00000
1.114,-14.12500
1.165,-14.12500
1.215,-14.12500
1.266,-14.12500
1.317,-14.00000
1.367,-14.00000
1.418,-13.87500
1.469,-13.87500
1.519,-9.75000
1.570,-1.00000
1.621,1.87500
1.740,144.50000
1.791,213.62500
1.842,242.50000
1.892,269.12500
1.943,288.37500
1.994,298.12500
2.044,308.00000
2.095,315.62500
2.146,321.62500
2.197,325.87500
2.247,328.87500
2.298,330.62500
2.349,332.62500
2.399,334.62500
2.450,336.50000
2.501,337.00000
2.551,338.00000
2.602,338.62500
2.653,339.37500
2.703,339.62500
2.754,339.12500
2.805,338.87500
2.855,339.37500
2.906,340.25000
2.957,340.75000
3.007,341.25000
3.058,341.75000
3.109,342.12500
3.159,342.12500
3.210,342.25000
3.260,342.25000
3.311,342.62500
3.362,343.25000
3.412,343.62500
3.463,344.00000
3.514,344.12500
3.564,344.12500
3.615,344.12500
3.665,343.87500
3.716,343.37500
3.767,343.00000
3.817,342.37500
3.868,342.12500
3.919,341.62500
3.969,341.25000
4.020,340.87500
4.071,340.62500
4.121,340.12500
4.172,339.87500
4.222,339.62500
4.273,339.25000
4.324,339.12500
4.374,339.00000
4.425,338.87500
4.476,338.62500
4.526,338.62500
4.577,338.37500
4.627,338.12500
4.678,338.00000
4.729,337.75000
4.779,337.50000
4.830,337.25000
4.881,337.00000
4.931,336.75000
4.982,336.50000
5.033,336.25000
5.083,335.87500
5.134,335.62500
5.185,335.25000
5.235,335.12500
5.286,335.00000
5.336,334.75000
5.387,334.62500
5.438,334.50000
5.488,334.37500
5.539,334.00000
5.590,333.75000
5.640,333.37500
5.691,333.25000
5.742,332.87500
5.792,332.62500
5.843,332.37500
5.893,332.12500
5.944,331.87500
5.995,331.50000
6.045,331.37500
6.096,331.12500
6.147,330.87500
6.197,330.62500
6.248,330.37500
6.299,330.25000
6.349,330.12500
6.400,329.75000
6.450,329.37500
6.501,329.12500
6.552,328.62500
6.602,328.37500
6.653,328.00000
6.704,327.75000
6.754,327.50000
6.805,327.37500
6.856,327.00000
6.906,326.75000
6.957,326.50000
7.008,326.25000
7.058,326.12500
7.109,326.00000
7.160,325.87500
7.210,325.75000
7.261,325.50000
7.312,325.25000
7.363,325.00000
7.413,324.62500
7.464,324.37500
7.515,323.87500
7.565,323.62500
7.616,323.25000
7.667,323.00000
7.718,322.75000
7.768,322.62500
7.819,322.50000
7.870,322.00000
7.921,322.00000
7.971,321.75000
8.022,321.37500
8.073,321.25000
8.123,321.12500
8.174,320.87500
8.225,320.62500
8.276,320.37500
8.326,320.25000
8.377,320.00000
8.428,319.62500
8.479,319.50000
8.529,319.12500
8.580,318.87500
8.631,318.62500
8.681,318.37500
8.732,318.12500
8.783,317.87500
8.834,317.62500
8.884,317.37500
8.935,317.12500
8.986,316.87500
9.036,316.62500
9.087,316.50000
9.138,316.37500
9.189,316.00000
9.239,315.87500
9.290,315.62500
9.341,315.25000
9.392,315.00000
9.442,314.75000
9.493,314.50000
9.544,314.37500
9.594,314.12500
9.645,313.87500
9.696,313.62500
9.747,313.25000
9.797,313.12500
9.848,313.00000
9.899,312.87500
9.950,312.75000
10.000,312.62500
10.051,312.50000
10.102,312.25000
10.153,312.12500
10.203,311.75000
10.254,311.50000
10.305,311.37500
10.355,311.12500
10.406,310.75000
10.457,310.62500
10.508,310.50000
10.558,310.12500
10.609,310.00000
10.660,309.87500
10.711,309.50000
10.761,309.37500
10.812,309.00000
10.863,308.87500
10.914,308.62500
10.964,308.37500
11.015,308.25000
11.066,308.12500
11.116,307.87500
11.167,307.50000
11.218,307.37500
11.269,307.12500
11.319,306.87500
11.370,306.87500
11.421,306.50000
11.472,306.50000
11.522,305.87500
11.573,305.87500
11.624,305.50000
11.674,305.37500
11.725,305.12500
11.776,305.00000
11.827,304.87500
11.877,304.75000
11.928,304.62500
11.979,304.37500
12.030,304.25000
12.080,304.00000
12.131,303.75000
12.182,303.37500
12.232,303.37500
12.283,303.00000
12.334,302.75000
12.385,302.37500
12.435,302.37500
12.486,301.87500
12.537,301.87500
12.588,301.62500
12.638,301.50000
12.689,301.37500
12.740,301.12500
12.791,301.00000
12.841,300.75000
12.892,300.62500
12.943,300.50000
12.993,300.12500
13.044,299.87500
13.095,299.75000
13.146,299.50000
13.196,299.12500
13.247,299.00000
13.298,298.62500
13.349,298.50000
13.399,298.37500
13.450,298.00000
13.501,297.75000
13.552,297.62500
13.602,297.50000
13.653,297.37500
13.704,297.12500
13.754,297.12500
13.805,296.87500
13.856,296.75000
13.907,296.62500
13.957,296.37500
14.008,296.12500
14.059,295.87500
14.110,295.62500
14.160,295.37500
14.211,295.12500
14.262,294.87500
14.312,294.75000
14.363,294.50000
14.414,294.25000
14.465,294.12500
14.515,293.87500
14.566,293.62500
14.617,293.50000
14.668,293.25000
14.718,293.00000
14.769,292.75000
14.820,292.62500
14.870,292.37500
14.921,292.12500
14.972,292.00000
15.023,291.62500
15.073,291.37500
15.124,291.25000
15.175,291.00000
15.226,290.75000
15.276,290.50000
15.327,290.37500
15.378,290.00000
15.428,289.87500
15.479,289.62500
15.530,289.50000
15.581,289.37500
15.631,289.12500
15.682,288.87500
15.733,288.75000
15.784,288.62500
15.834,288.25000
15.885,288.12500
15.936,287.87500
15.986,287.62500
16.037,287.37500
16.088,287.12500
16.139,286.87500
16.189,286.62500
16.240,286.50000
16.291,286.25000
16.341,286.00000
16.392,285.87500
16.443,285.62500
16.494,285.37500
16.544,285.25000
16.595,285.25000
16.646,285.00000
16.696,284.87500
16.747,284.62500
16.798,284.50000
16.848,284.12500
16.899,284.00000
16.950,283.87500
17.001,283.62500
17.051,283.37500
17.102,283.00000
17.153,282.87500
17.203,282.62500
17.254,282.37500
17.305,282.12500
17.355,281.75000
17.406,281.50000
17.457,281.37500
17.508,281.25000
17.558,281.00000
17.609,280.87500
17.660,280.62500
17.710,280.62500
17.761,280.37500
17.812,280.12500
17.862,279.87500
17.913,279.62500
17.964,279.37500
18.015,279.12500
18.065,278.87500
18.116,278.62500
18.167,278.37500
18.217,278.12500
18.268,277.87500
18.319,277.75000
18.369,277.37500
18.420,277.25000
18.471,277.00000
18.522,276.75000
18.572,276.62500
18.623,276.50000
18.674,276.25000
18.724,275.87500
18.775,275.75000
18.826,275.50000
18.876,275.37500
18.927,275.00000
18.978,274.87500
19.029,274.62500
19.079,274.37500
19.130,274.00000
19.181,274.00000
19.231,273.75000
19.282,273.50000
19.333,273.25000
19.384,273.12500
19.434,273.00000
19.485,272.75000
19.536,272.50000
19.586,272.50000
19.637,272.25000
19.688,272.00000
19.738,272.00000
19.789,271.75000
19.840,271.37500
19.891,271.25000
19.941,271.00000
19.992,270.75000
20.043,270.50000
20.093,270.25000
20.144,270.12500
20.195,269.75000
20.246,269.62500
20.296,269.25000
20.347,269.12500
20.398,269.00000
20.448,268.62500
20.499,268.50000
20.550,268.25000
20.600,268.25000
20.651,267.87500
20.702,267.62500
20.753,267.50000
20.803,267.25000
20.854,267.12500
20.905,266.75000
20.955,266.62500
21.006,266.37500
21.057,266.12500
21.108,265.87500
21.158,265.50000
21.209,265.50000
21.260,265.25000
21.310,265.12500
21.361,264.87500
21.412,264.75000
21.462,264.50000
21.513,264.37500
21.564,264.12500
21.615,264.00000
21.665,263.62500
21.716,263.62500
21.767,263.37500
21.817,263.12500
21.868,262.87500
21.919,262.75000
21.970,262.50000
22.020,262.25000
22.071,262.12500
22.122,261.75000
22.172,261.62500
22.223,261.37500
22.274,261.25000
22.325,261.12500
22.375,261.00000
22.426,260.62500
22.477,260.62500
22.527,260.25000
22.578,260.00000
22.629,259.87500
22.679,259.62500
22.730,259.50000
22.781,259.12500
22.832,258.87500
22.882,258.75000
22.933,258.50000
22.984,258.12500
23.034,258.12500
23.085,257.75000
23.136,257.62500
23.186,257.25000
23.237,257.00000
23.288,256.87500
23.339,256.62500
23.389,256.37500
23.440,256.25000
23.491,256.00000
23.541,255.87500
23.592,255.62500
23.643,255.37500
23.693,255.25000
23.744,254.87500
23.795,254.75000
23.846,254.50000
23.896,254.25000
23.947,254.00000
23.998,253.75000
24.049,253.62500
24.099,253.37500
24.150,253.00000
24.201,253.00000
24.251,252.75000
24.302,252.62500
24.353,252.37500
24.404,252.25000
24.454,252.00000
24.505,251.75000
24.556,251.62500
24.607,251.37500
24.657,251.12500
24.708,250.75000
24.759,250.62500
24.809,250.25000
24.860,250.25000
24.911,249.87500
24.962,249.75000
25.012,249.37500
25.063,249.12500
25.114,249.12500
25.165,248.87500
25.215,248.62500
25.266,248.50000
25.317,248.37500
25.367,248.12500
25.418,248.00000
25.469,247.62500
25.520,247.50000
25.570,247.25000
25.621,247.00000
25.672,246.75000
25.722,246.50000
25.773,246.25000
25.824,246.12500
25.875,245.87500
25.925,245.62500
25.976,245.50000
26.027,245.12500
26.077,245.00000
26.128,245.00000
26.179,244.75000
26.230,244.50000
26.280,244.37500
26.331,244.25000
26.382,244.00000
26.432,243.87500
26.483,243.62500
26.534,243.37500
26.585,243.25000
26.635,243.00000
26.686,242.62500
26.737,242.50000
26.787,242.37500
26.838,242.12500
26.889,241.87500
26.940,241.62500
26.990,241.50000
27.041,241.25000
27.091,241.12500
27.142,241.00000
27.193,240.75000
27.243,240.62500
27.294,240.50000
27.345,240.25000
27.395,240.12500
27.446,239.75000
27.497,239.75000
27.547,239.37500
27.598,239.25000
27.649,239.12500
27.699,238.87500
27.750,238.75000
27.800,238.25000
27.851,238.25000
27.902,237.87500
27.952,237.75000
28.003,237.50000
28.054,237.37500
28.104,237.25000
28.155,237.00000
28.206,236.87500
28.256,236.75000
28.307,236.50000
28.358,236.37500
28.408,236.12500
28.459,235.87500
28.510,235.75000
28.560,235.37500
28.611,235.12500
28.662,235.00000
28.712,234.87500
28.763,234.62500
28.814,234.37500
28.864,234.25000
28.915,233.87500
28.966,233.75000
29.016,233.50000
29.067,233.37500
29.118,233.25000
29.168,233.00000
29.219,232.87500
29.269,232.62500
29.320,232.50000
29.371,232.25000
29.421,232.12500
29.472,231.75000
29.523,231.62500
29.573,231.37500
29.624,231.12500
29.675,231.00000
29.725,230.62500
29.776,230.50000
29.827,230.25000
29.877,230.12500
29.928,229.87500
29.978,229.75000
30.029,229.62500
30.080,229.50000
30.130,229.25000
30.181,229.37500
30.232,228.87500
30.282,228.75000
30.333,228.62500
30.384,228.37500
30.434,228.12500
30.485,227.87500
30.536,227.75000
30.586,227.62500
30.637,227.37500
30.688,227.25000
30.738,227.00000
30.789,226.87500
30.839,226.62500
30.890,226.50000
30.941,226.25000
30.991,226.12500
31.042,226.12500
31.093,226.00000
31.143,225.75000
31.194,225.62500
31.245,225.37500
31.295,225.12500
31.346,224.87500
31.397,224.75000
31.447,224.50000
31.498,224.25000
31.548,224.12500
31.599,223.87500
31.650,223.62500
31.700,223.50000
31.751,223.37500
31.802,223.12500
31.852,222.87500
31.903,222.75000
31.954,222.50000
32.004,222.37500
32.055,222.25000
32.106,222.12500
32.156,222.00000
32.207,221.75000
32.258,221.50000
32.308,221.25000
32.359,221.12500
32.409,220.87500
32.460,220.62500
32.511,220.50000
32.561,220.25000
32.612,220.00000
32.663,219.87500
32.713,219.50000
32.764,219.50000
32.815,219.25000
32.865,219.12500
32.916,218.87500
32.967,218.87500
33.017,218.75000
33.068,218.50000
33.119,218.25000
33.169,218.12500
33.220,217.75000
33.270,217.62500
33.321,217.37500
33.372,217.25000
33.422,216.87500
33.473,216.75000
33.524,216.50000
33.574,216.37500
33.625,216.12500
33.676,215.87500
33.726,215.75000
33.777,215.37500
33.828,215.25000
33.878,214.87500
33.929,214.75000
33.980,214.62500
34.030,214.50000
34.081,214.37500
34.131,214.12500
34.182,213.87500
34.233,213.75000
34.283,213.50000
34.334,213.25000
34.385,213.25000
34.435,213.00000
34.486,212.87500
34.537,212.62500
34.587,212.62500
34.638,212.37500
34.689,212.00000
34.739,212.00000
34.790,211.87500
34.840,211.62500
34.891,211.50000
34.942,211.37500
34.992,211.25000
35.043,211.37500
35.094,211.12500
35.144,211.00000
35.195,210.87500
35.246,210.75000
35.296,210.37500
35.347,210.25000
35.397,210.00000
35.448,209.75000
35.499,209.50000
35.549,209.25000
35.600,209.00000
35.651,209.00000
35.701,208.75000
35.753,208.50000
35.805,208.25000
35.856,208.12500
35.907,208.00000
35.957,208.00000
36.008,207.75000
36.059,207.62500
36.109,207.37500
36.160,207.25000
36.211,207.00000
36.261,206.87500
36.312,206.62500
36.363,206.37500
36.413,206.12500
36.464,205.87500
36.515,205.62500
36.565,205.50000
36.616,205.37500
36.667,205.25000
36.717,205.00000
36.768,204.87500
36.819,204.75000
36.869,204.75000
36.920,204.75000
36.971,204.50000
37.022,204.25000
37.072,203.87500
37.124,203.50000
37.175,203.50000
37.226,203.25000
37.276,203.12500
37.327,202.87500
37.378,202.75000
37.429,202.50000
37.479,202.37500
37.530,202.12500
37.581,202.00000
37.631,201.75000
37.682,201.50000
37.733,201.37500
37.783,201.25000
37.834,201.25000
37.885,201.00000
37.935,200.75000
37.986,200.50000
38.037,200.37500
38.087,200.12500
38.138,200.00000
38.188,199.62500
38.239,199.50000
38.290,199.25000
38.340,199.00000
38.391,198.75000
38.441,198.62500
38.492,198.37500
38.543,198.12500
38.593,197.87500
38.644,197.87500
38.695,197.62500
38.745,197.50000
38.796,197.50000
38.847,197.25000
38.897,197.00000
38.948,196.75000
38.999,196.75000
39.049,196.50000
39.100,196.37500
39.150,196.12500
39.201,196.00000
39.252,195.75000
39.302,195.62500
39.353,195.50000
39.404,195.37500
39.454,195.12500
39.505,195.00000
39.555,194.75000
39.606,194.62500
39.657,194.50000
39.707,194.37500
39.758,194.37500
39.809,194.12500
39.859,193.87500
39.910,193.75000
39.961,193.50000
40.011,193.25000
40.062,193.25000
40.113,193.00000
40.163,192.62500
40.214,192.50000
40.265,192.37500
40.315,192.25000
40.366,192.00000
40.416,191.87500
40.467,191.75000
40.518,191.50000
40.568,191.37500
40.619,191.37500
40.670,191.12500
40.720,191.12500
40.771,191.00000
40.822,190.87500
40.872,190.75000
40.923,190.37500
40.973,190.25000
41.024,190.00000
41.075,189.87500
41.125,189.62500
41.176,189.50000
41.227,189.37500
41.277,189.12500
41.328,189.12500
41.378,188.75000
41.429,188.62500
41.480,188.50000
41.530,188.50000
41.581,188.37500
41.632,188.25000
41.682,188.00000
41.733,187.87500
41.784,187.87500
41.834,187.62500
41.885,187.37500
41.935,187.25000
41.986,187.00000
42.037,186.75000
42.087,186.75000
42.138,186.37500
42.189,186.25000
42.239,186.00000
42.290,185.87500
42.341,185.75000
42.391,185.37500
42.442,185.37500
42.492,185.12500
42.543,185.12500
42.594,185.00000
42.644,184.87500
42.695,184.75000
42.746,184.62500
42.796,184.37500
42.847,184.25000
42.898,184.12500
42.948,183.87500
42.999,183.62500
43.050,183.50000
43.100,183.25000
43.151,183.25000
43.202,183.00000
43.252,182.75000
43.303,182.62500
43.353,182.50000
43.404,182.25000
43.455,182.25000
43.505,181.87500
43.556,181.87500
43.607,181.75000
43.657,181.50000
43.708,181.37500
43.759,181.12500
43.809,181.00000
43.860,180.75000
43.911,180.75000
43.961,180.50000
44.012,180.37500
44.062,180.12500
44.113,180.12500
44.164,179.87500
44.214,179.62500
44.265,179.50000
44.316,179.25000
44.366,179.12500
44.417,179.00000
44.468,179.00000
44.518,178.87500
44.569,178.87500
44.619,178.75000
44.670,178.75000
44.721,178.50000
44.771,178.25000
44.822,178.00000
44.873,177.87500
44.923,177.62500
44.974,177.50000
45.024,177.37500
45.075,177.12500
45.126,176.75000
45.176,176.75000
45.227,176.50000
45.278,176.25000
45.328,176.12500
45.379,176.00000
45.430,175.87500
45.480,175.62500
45.531,175.50000
45.582,175.50000
45.632,175.37500
45.683,175.25000
45.734,175.12500
45.785,174.87500
45.836,174.75000
45.887,174.50000
45.938,174.37500
45.989,174.12500
46.039,173.87500
46.090,173.75000
46.140,173.62500
46.191,173.50000
46.242,173.25000
46.292,173.12500
46.343,172.87500
46.394,172.75000
46.444,172.62500
46.495,172.50000
46.546,172.37500
46.596,172.37500
46.647,172.12500
46.698,171.87500
46.748,171.62500
46.799,171.50000
46.849,171.50000
46.900,171.12500
46.951,171.12500
47.001,171.00000
47.052,170.75000
47.103,170.62500
47.153,170.50000
47.204,170.25000
47.255,170.12500
47.305,170.00000
47.356,169.75000
47.406,169.75000
47.457,169.62500
47.508,169.62500
47.558,169.50000
47.609,169.37500
47.660,169.12500
47.710,169.00000
47.761,168.87500
47.812,168.62500
47.862,168.37500
47.913,168.12500
47.964,168.00000
48.014,167.75000
48.065,167.62500
48.115,167.50000
48.166,167.25000
48.217,167.25000
48.267,167.25000
48.318,167.00000
48.369,166.75000
48.419,166.62500
48.470,166.62500
48.521,166.50000
48.571,166.25000
48.622,166.12500
48.673,165.87500
48.723,165.62500
48.774,165.37500
48.825,165.25000
48.875,165.12500
48.926,165.00000
48.977,164.75000
49.027,164.62500
49.078,164.50000
49.128,164.25000
49.179,164.25000
49.230,164.12500
49.280,164.12500
49.331,164.00000
49.382,163.87500
49.432,163.75000
49.483,163.50000
49.533,163.50000
49.584,163.37500
49.635,163.12500
49.685,163.12500
49.736,162.87500
49.787,162.75000
49.837,162.50000
49.888,162.37500
49.939,162.25000
49.989,162.12500
50.040,161.87500
50.091,161.62500
50.141,161.62500
50.192,161.25000
50.243,161.25000
50.293,161.12500
50.344,161.00000
50.394,161.00000
50.445,160.75000
50.496,160.62500
50.546,160.37500
50.597,160.37500
50.648,160.12500
50.698,160.00000
50.749,159.75000
50.800,159.62500
50.850,159.50000
50.901,159.25000
50.952,159.12500
51.002,159.12500
51.053,158.87500
51.104,158.87500
51.154,158.62500
51.205,158.62500
51.255,158.50000
51.306,158.37500
51.357,158.37500
51.407,158.37500
51.458,158.25000
51.509,158.12500
51.559,157.87500
51.610,157.75000
51.661,157.62500
51.711,157.37500
51.762,157.25000
51.812,157.12500
51.863,156.75000
51.914,156.62500
51.964,156.50000
52.015,156.37500
52.066,156.37500
52.116,156.25000
52.167,156.25000
52.218,156.12500
52.268,156.00000
52.319,155.87500
52.370,155.87500
52.420,155.62500
52.471,155.50000
52.522,155.37500
52.572,155.25000
52.623,155.00000
52.674,155.00000
52.724,154.75000
52.775,154.50000
52.826,154.37500
52.876,154.12500
52.927,154.12500
52.978,153.87500
53.028,153.87500
53.079,153.75000
53.129,153.62500
53.180,153.50000
53.231,153.37500
53.281,153.25000
53.332,153.12500
53.383,152.87500
53.433,152.75000
53.484,152.50000
53.535,152.50000
53.585,152.25000
53.636,152.12500
53.686,152.00000
53.737,151.87500
53.788,151.62500
53.839,151.50000
53.889,151.37500
53.940,151.25000
53.991,151.12500
54.041,151.00000
54.092,151.00000
54.143,150.87500
54.194,150.75000
54.244,150.75000
54.295,150.75000
54.346,150.50000
54.396,150.37500
54.447,150.12500
54.498,150.00000
54.548,149.75000
54.599,149.62500
54.650,149.50000
54.701,149.25000
54.751,149.25000
54.802,149.12500
54.853,148.87500
54.903,148.87500
54.954,148.50000
55.005,148.50000
55.055,148.37500
55.106,148.37500
55.157,148.12500
55.208,148.12500
55.258,147.87500
55.309,147.75000
55.360,147.50000
55.410,147.37500
55.461,147.12500
55.512,147.00000
55.563,146.87500
55.613,146.87500
55.664,146.75000
55.715,146.50000
55.765,146.37500
55.816,146.25000
55.867,146.12500
55.917,145.87500
55.968,145.75000
56.019,145.75000
56.070,145.62500
56.120,145.50000
56.171,145.37500
56.222,145.25000
56.272,145.12500
56.323,145.00000
56.374,144.75000
56.425,144.62500
56.475,144.50000
56.526,144.37500
56.577,144.25000
56.627,144.00000
56.678,144.00000
56.729,143.62500
56.780,143.62500
56.830,143.37500
56.881,143.37500
56.932,143.25000
56.982,143.12500
57.033,143.00000
57.084,143.00000
57.134,142.87500
57.185,142.87500
57.236,142.62500
57.287,142.50000
57.337,142.37500
57.388,142.00000
57.439,142.00000
57.489,141.87500
57.540,141.62500
57.591,141.62500
57.642,141.50000
57.692,141.25000
57.743,141.12500
57.794,141.00000
57.844,140.87500
57.895,140.75000
57.946,140.75000
57.997,140.50000
58.048,140.50000
58.098,140.25000
58.149,140.25000
58.199,140.00000
58.250,140.00000
58.301,139.75000
58.351,139.75000
58.402,139.50000
58.453,139.50000
58.503,139.37500
58.554,139.25000
58.605,139.00000
58.655,139.00000
58.706,138.75000
58.756,138.62500
58.807,138.50000
58.858,138.50000
58.908,138.50000
58.959,138.25000
59.010,138.25000
59.060,138.00000
59.111,137.87500
59.162,137.75000
59.212,137.62500
59.263,137.37500
59.313,137.37500
59.364,137.12500
59.415,137.00000
59.465,136.87500
59.516,136.87500
59.567,136.75000
59.617,136.62500
59.668,136.50000
59.719,136.50000
59.769,136.37500
59.820,136.25000
59.870,136.12500
59.921,136.12500
59.972,136.12500
60.022,136.00000
60.073,136.00000
60.124,135.87500
60.174,135.75000
60.225,135.50000
60.276,135.37500
60.326,135.25000
60.377,135.25000
60.428,135.12500
60.478,135.00000
60.529,135.00000
60.579,134.75000
60.630,134.62500
60.681,134.37500
60.731,134.25000
60.782,134.25000
60.833,134.12500
60.883,133.87500
60.934,133.87500
60.984,133.75000
61.035,133.62500
61.086,133.50000
61.136,133.25000
61.187,133.25000
61.238,132.87500
61.288,132.87500
61.339,132.75000
61.390,132.50000
61.440,132.37500
61.491,132.25000
61.541,132.12500
61.592,132.00000
61.643,131.87500
61.693,131.75000
61.744,131.62500
61.795,131.62500
61.845,131.62500
61.896,131.37500
61.946,131.37500
61.997,131.12500
62.048,131.12500
62.098,131.00000
62.149,130.87500
62.200,130.87500
62.250,130.75000
62.301,130.50000
62.352,130.37500
62.402,130.37500
62.453,130.12500
62.504,130.00000
62.554,130.00000
62.605,129.75000
62.656,129.75000
62.706,129.62500
62.757,129.62500
62.808,129.37500
62.858,129.37500
62.909,129.25000
62.960,129.12500
63.011,129.00000
63.062,128.87500
63.113,128.62500
63.163,128.37500
63.214,128.25000
63.265,128.12500
63.315,128.00000
63.366,127.87500
63.417,127.75000
63.468,127.75000
63.518,127.50000
63.569,127.37500
63.620,127.25000
63.670,127.12500
63.721,127.00000
63.772,126.87500
63.822,126.75000
63.873,126.75000
63.924,126.62500
63.974,126.37500
64.025,126.37500
64.076,126.25000
64.127,126.25000
64.178,126.00000
64.228,125.87500
64.279,125.75000
64.330,125.62500
64.380,125.50000
64.431,125.37500
64.482,125.25000
64.532,125.12500
64.583,125.12500
64.634,125.00000
64.684,125.00000
64.735,125.00000
64.786,124.87500
64.837,124.75000
64.888,124.62500
64.939,124.50000
64.989,124.37500
65.040,124.25000
65.090,124.25000
65.141,124.00000
65.192,123.87500
65.242,123.75000
65.293,123.62500
65.344,123.50000
65.394,123.37500
65.445,123.25000
65.495,123.12500
65.546,123.12500
65.597,123.12500
65.647,123.00000
65.698,122.87500
65.749,122.87500
65.799,122.75000
65.850,122.62500
65.900,122.50000
65.951,122.37500
66.002,122.12500
66.052,122.12500
66.103,122.00000
66.154,121.75000
66.204,121.75000
66.255,121.75000
66.306,121.62500
66.356,121.37500
66.407,121.37500
66.457,121.37500
66.508,121.12500
66.559,121.12500
66.609,121.12500
66.660,121.00000
66.710,121.00000
66.761,120.87500
66.812,120.75000
66.862,120.62500
66.913,120.50000
66.964,120.25000
67.014,120.25000
67.065,120.12500
67.115,120.00000
67.166,119.87500
67.217,119.75000
67.267,119.62500
67.318,119.50000
67.369,119.37500
67.419,119.25000
67.470,119.37500
67.520,119.25000
67.571,119.12500
67.622,119.00000
67.672,119.12500
67.723,119.00000
67.774,119.00000
67.824,118.75000
67.875,118.75000
67.925,118.62500
67.976,118.62500
68.027,118.37500
68.077,118.25000
68.128,118.12500
68.179,118.00000
68.229,117.75000
68.280,117.75000
68.331,117.62500
68.381,117.37500
68.432,117.37500
68.482,117.12500
68.533,117.25000
68.584,117.12500
68.634,117.00000
68.685,116.75000
68.736,116.87500
68.786,116.75000
68.837,116.62500
68.888,116.50000
68.938,116.25000
68.989,116.25000
69.040,116.25000
69.090,115.87500
69.141,115.87500
69.192,115.75000
69.242,115.62500
69.293,115.50000
69.344,115.37500
69.394,115.37500
69.445,115.25000
69.495,115.12500
69.546,114.87500
69.597,115.00000
69.647,114.75000
69.698,114.75000
69.749,114.62500
69.799,114.50000
69.850,114.50000
69.901,114.25000
69.951,114.25000
70.002,114.12500
70.052,114.00000
70.103,113.75000
70.154,113.62500
70.204,113.50000
70.255,113.50000
70.306,113.25000
70.356,113.25000
70.407,113.12500
70.458,113.00000
70.508,112.87500
70.559,112.75000
70.609,112.75000
70.660,112.62500
70.711,112.62500
70.761,112.37500
70.812,112.25000
70.863,112.12500
70.913,112.00000
70.964,111.87500
71.014,111.75000
71.065,111.62500
71.116,111.50000
71.166,111.37500
71.217,111.25000
71.268,111.25000
71.318,111.12500
71.369,111.00000
71.420,110.87500
71.470,110.87500
71.521,110.75000
71.571,110.62500
71.622,110.62500
71.673,110.50000
71.723,110.50000
71.774,110.25000
71.825,110.25000
71.875,110.12500
71.926,109.87500
71.976,109.87500
72.027,109.75000
72.078,109.62500
72.128,109.50000
72.179,109.37500
72.230,109.25000
72.280,109.00000
72.331,108.87500
72.382,108.87500
72.432,108.87500
72.483,108.75000
72.533,108.50000
72.584,108.37500
72.635,108.50000
72.685,108.37500
72.736,108.37500
72.787,108.12500
72.837,108.12500
72.888,108.00000
72.939,108.12500
72.989,107.87500
73.040,107.75000
73.091,107.62500
73.141,107.62500
73.192,107.25000
73.243,107.25000
73.293,107.00000
73.344,107.00000
73.395,106.87500
73.445,106.87500
73.496,106.75000
73.546,106.75000
73.597,106.75000
73.648,106.62500
73.698,106.62500
73.749,106.37500
73.800,106.37500
73.850,106.00000
73.901,106.00000
73.952,105.87500
74.002,105.87500
74.053,105.62500
74.104,105.50000
74.154,105.37500
74.205,105.25000
74.255,105.12500
74.306,105.12500
74.357,104.87500
74.408,104.87500
74.459,104.62500
74.509,104.62500
74.562,104.37500
74.613,104.37500
74.668,104.25000
74.725,104.25000
74.776,104.00000
74.827,104.00000
74.877,103.75000
74.928,103.75000
74.979,103.62500
75.029,103.37500
75.080,103.50000
75.131,103.37500
75.182,103.25000
75.232,103.12500
75.283,103.12500
75.334,103.12500
75.384,103.12500
75.435,103.12500
75.486,102.87500
75.536,102.62500
75.587,102.62500
75.638,102.50000
75.688,102.50000
75.739,102.37500
75.790,102.25000
75.840,102.12500
75.891,101.87500
75.941,101.87500
75.992,101.87500
76.043,101.75000
76.093,101.62500
76.144,101.62500
76.195,101.37500
76.245,101.50000
76.296,101.37500
76.346,101.37500
76.397,101.25000
76.448,101.25000
76.498,101.12500
76.549,101.12500
76.600,100.87500
76.650,100.75000
76.701,100.75000
76.751,100.62500
76.802,100.50000
76.853,100.25000
76.903,100.25000
76.954,100.12500
77.005,100.12500
77.055,100.00000
77.106,99.87500
77.156,99.62500
77.207,99.62500
77.258,99.62500
77.308,99.62500
77.359,99.37500
77.410,99.50000
77.460,99.25000
77.511,99.25000
77.562,99.12500
77.612,99.00000
77.663,99.00000
77.714,98.75000
77.764,98.87500
77.815,98.62500
77.866,98.50000
77.916,98.37500
77.967,98.25000
78.018,98.12500
78.069,98.12500
78.119,97.87500
78.170,97.75000
78.221,97.62500
78.271,97.50000
78.322,97.50000
78.373,97.50000
78.423,97.37500
78.474,97.25000
78.525,97.12500
78.576,97.00000
78.626,96.75000
78.677,96.87500
78.728,96.75000
78.778,96.50000
78.829,96.37500
78.880,96.25000
78.930,96.25000
78.981,96.00000
79.032,95.87500
79.083,95.62500
79.133,95.62500
79.184,95.50000
79.235,95.62500
79.285,95.50000
79.336,95.37500
79.387,95.25000
79.437,95.25000
79.488,95.12500
79.539,95.00000
79.589,95.12500
79.640,94.87500
79.691,94.87500
79.742,94.75000
79.793,94.50000
79.844,94.37500
79.894,94.37500
79.945,94.37500
79.996,94.25000
80.047,94.00000
80.097,94.00000
80.148,93.87500
80.199,93.87500
80.249,93.75000
80.300,93.87500
80.351,93.75000
80.402,93.62500
80.452,93.50000
80.503,93.50000
80.554,93.37500
80.605,93.25000
80.655,93.25000
80.706,93.00000
80.757,92.87500
80.807,92.87500
80.858,92.75000
80.909,92.62500
80.960,92.62500
81.010,92.37500
81.061,92.37500
81.112,92.25000
81.163,92.25000
81.213,92.12500
81.264,92.00000
81.315,91.87500
81.366,91.75000
81.416,91.62500
81.467,91.62500
81.518,91.50000
81.569,91.37500
81.619,91.12500
81.670,91.00000
81.721,90.87500
81.771,90.87500
81.822,90.75000
81.873,90.62500
81.924,90.62500
81.974,90.50000
82.025,90.25000
82.076,90.25000
82.127,90.12500
82.177,90.12500
82.228,90.12500
82.279,90.00000
82.330,90.00000
82.380,89.75000
82.431,89.62500
82.482,89.50000
82.532,89.37500
82.583,89.25000
82.634,89.12500
82.685,89.12500
82.735,89.00000
82.786,88.87500
82.837,88.75000
82.888,88.75000
82.938,88.50000
82.989,88.62500
83.040,88.37500
83.091,88.25000
83.141,88.25000
83.192,88.37500
83.243,88.12500
83.293,88.12500
83.344,87.87500
83.395,87.75000
83.446,87.75000
83.496,87.62500
83.547,87.37500
83.598,87.50000
83.648,87.25000
83.699,87.12500
83.750,87.00000
83.800,86.87500
83.851,86.87500
83.902,86.62500
83.952,86.62500
84.003,86.50000
84.054,86.50000
84.104,86.50000
84.155,86.37500
84.205,86.25000
84.256,86.12500
84.307,86.12500
84.357,86.00000
84.408,86.00000
84.459,85.75000
84.509,85.75000
84.560,85.62500
84.611,85.62500
84.661,85.50000
84.712,85.37500
84.762,85.25000
84.813,85.12500
84.864,85.12500
84.914,85.12500
84.965,84.87500
85.016,84.87500
85.066,84.75000
85.117,84.75000
85.168,84.62500
85.218,84.50000
85.269,84.50000
85.319,84.37500
85.370,84.25000
85.421,84.25000
85.471,84.12500
85.522,84.00000
85.573,83.87500
85.623,83.75000
85.674,83.75000
85.725,83.62500
85.775,83.50000
85.826,83.37500
85.877,83.37500
85.927,83.25000
85.978,83.25000
86.029,83.12500
86.079,83.12500
86.130,82.87500
86.180,83.00000
86.231,82.87500
86.282,82.87500
86.332,82.87500
86.383,82.62500
86.434,82.62500
86.484,82.37500
86.535,82.25000
86.586,82.12500
86.636,82.12500
86.687,81.87500
86.738,81.75000
86.788,81.62500
86.839,81.62500
86.890,81.50000
86.940,81.25000
86.991,81.12500
87.041,81.25000
87.092,81.12500
87.143,80.87500
87.193,80.87500
87.244,80.87500
87.295,80.75000
87.345,80.50000
87.396,80.50000
87.446,80.50000
87.497,80.50000
87.548,80.25000
87.598,80.25000
87.649,80.12500
87.700,80.12500
87.750,79.87500
87.801,79.75000
87.851,79.62500
87.902,79.62500
87.953,79.50000
88.003,79.50000
88.054,79.62500
88.105,79.37500
88.155,79.50000
88.206,79.37500
88.257,79.12500
88.307,79.00000
88.358,78.87500
88.409,78.75000
88.459,78.62500
88.510,78.50000
88.561,78.50000
88.611,78.25000
88.662,78.37500
88.713,78.25000
88.763,78.00000
88.814,78.00000
88.865,77.87500
88.915,77.62500
88.966,77.62500
89.017,77.50000
89.067,77.50000
89.118,77.37500
89.168,77.25000
89.219,77.25000
89.270,77.25000
89.320,77.12500
89.371,76.87500
89.422,76.75000
89.472,76.62500
89.523,76.62500
89.574,76.50000
89.624,76.37500
89.675,76.25000
89.725,76.12500
89.776,76.00000
89.827,75.87500
89.877,75.87500
89.928,75.75000
89.979,75.62500
90.029,75.62500
90.080,75.50000
90.131,75.50000
90.181,75.50000
90.232,75.37500
90.282,75.25000
90.333,75.12500
90.384,75.00000
90.434,74.75000
90.485,74.62500
90.536,74.50000
90.586,74.37500
90.637,74.37500
90.688,74.25000
90.739,74.12500
90.789,74.12500
90.840,74.00000
90.891,73.87500
90.941,73.87500
90.992,73.87500
91.043,73.75000
91.094,73.50000
91.144,73.62500
91.195,73.37500
91.246,73.37500
91.296,73.25000
91.347,73.12500
91.398,72.87500
91.449,72.87500
91.499,72.75000
91.550,72.75000
91.601,72.50000
91.651,72.37500
91.702,72.37500
91.753,72.25000
91.804,72.00000
91.854,72.00000
91.905,71.75000
91.956,71.87500
92.007,71.75000
92.057,71.75000
92.108,71.62500
92.159,71.62500
92.209,71.62500
92.260,71.62500
92.311,71.50000
92.362,71.25000
92.412,71.25000
92.463,71.12500
92.514,71.12500
92.565,70.87500
92.615,70.87500
92.666,70.75000
92.717,70.62500
92.767,70.50000
92.818,70.37500
92.869,70.25000
92.920,70.25000
92.970,70.25000
93.021,70.12500
93.072,70.00000
93.122,69.75000
93.173,69.75000
93.224,69.62500
93.275,69.62500
93.325,69.50000
93.376,69.37500
93.427,69.12500
93.478,69.12500
93.528,69.00000
93.579,68.87500
93.630,68.87500
93.680,68.75000
93.731,68.75000
93.782,68.37500
93.833,68.37500
93.883,68.37500
93.934,68.12500
93.985,68.12500
94.036,68.00000
94.086,68.00000
94.137,68.00000
94.188,67.87500
94.238,67.75000
94.289,67.62500
94.340,67.62500
94.391,67.62500
94.441,67.37500
94.492,67.25000
94.543,67.12500
94.593,67.12500
94.644,67.00000
94.695,67.00000
94.746,66.87500
94.796,66.75000
94.847,66.75000
94.898,66.62500
94.949,66.62500
94.999,66.62500
95.050,66.50000
95.101,66.37500
95.152,66.25000
95.202,66.12500
95.253,66.00000
95.304,65.87500
95.355,65.87500
95.405,65.75000
95.456,65.62500
95.507,65.50000
95.558,65.37500
95.608,65.12500
95.659,65.00000
95.710,65.00000
95.761,64.87500
95.811,64.75000
95.862,64.75000
95.913,64.62500
95.963,64.75000
96.014,64.62500
96.065,64.50000
96.116,64.37500
96.166,64.25000
96.217,64.12500
96.268,64.00000
96.319,64.00000
96.369,63.87500
96.420,63.75000
96.471,63.62500
96.522,63.50000
96.572,63.50000
96.623,63.37500
96.674,63.25000
96.724,63.12500
96.775,63.00000
96.826,63.00000
96.877,62.87500
96.927,62.75000
96.978,62.75000
97.029,62.75000
97.080,62.50000
97.130,62.50000
97.181,62.37500
97.232,62.37500
97.283,62.12500
97.333,62.12500
97.384,62.00000
97.435,61.87500
97.485,61.75000
97.536,61.62500
97.587,61.50000
97.638,61.37500
97.688,61.25000
97.739,61.25000
97.790,61.12500
97.841,61.00000
97.891,61.00000
97.942,60.87500
97.993,60.87500
98.043,60.75000
98.094,60.62500
98.145,60.50000
98.196,60.37500
98.246,60.25000
98.297,60.25000
98.348,60.12500
98.399,60.00000
98.449,59.87500
98.500,59.75000
98.551,59.62500
98.601,59.62500
98.652,59.50000
98.703,59.37500
98.754,59.25000
98.804,59.25000
98.855,59.25000
98.906,59.12500
98.957,59.00000
99.007,58.87500
99.058,58.87500
99.109,58.75000
99.159,58.50000
99.210,58.62500
99.261,58.50000
99.312,58.37500
99.362,58.25000
99.413,58.12500
99.464,58.12500
99.515,57.87500
99.565,58.00000
99.616,57.87500
99.667,57.75000
99.718,57.62500
99.768,57.50000
99.819,57.37500
99.870,57.37500
99.920,57.37500
99.971,57.37500
100.022,57.12500
100.072,57.00000
100.123,57.00000
100.173,56.87500
100.224,56.75000
100.275,56.50000
100.325,56.62500
100.376,56.37500
100.427,56.37500
100.477,56.25000
100.528,56.12500
100.579,56.12500
100.629,56.00000
100.680,56.00000
100.731,55.75000
100.781,55.75000
100.832,55.62500
100.882,55.62500
100.933,55.37500
100.984,55.37500
101.034,55.12500
101.085,55.12500
101.136,54.87500
101.186,54.87500
101.237,54.75000
101.288,54.62500
101.338,54.50000
101.389,54.37500
101.439,54.25000
101.490,54.12500
101.541,54.00000
101.591,54.00000
101.642,53.87500
101.693,53.75000
101.743,53.62500
101.794,53.62500
101.845,53.62500
101.895,53.25000
101.946,53.25000
101.997,53.00000
102.047,53.12500
102.098,52.87500
102.148,52.87500
102.199,52.62500
102.250,52.62500
102.300,52.37500
102.351,52.37500
102.402,52.37500
102.452,52.37500
102.503,52.12500
102.554,52.12500
102.604,52.00000
102.655,51.87500
102.706,51.87500
102.756,51.75000
102.807,51.75000
102.857,51.75000
102.908,51.62500
102.959,51.50000
103.009,51.50000
103.060,51.37500
103.111,51.25000
103.161,51.12500
103.212,51.12500
103.262,50.87500
103.313,50.87500
103.364,50.75000
103.414,50.62500
103.465,50.50000
103.516,50.25000
103.566,50.37500
103.617,50.25000
103.668,50.25000
103.718,50.12500
103.769,50.00000
103.820,49.75000
103.870,49.87500
103.921,49.62500
103.972,49.50000
104.022,49.50000
104.073,49.50000
104.124,49.25000
104.175,49.12500
104.225,49.00000
104.276,48.87500
104.327,48.75000
104.377,48.75000
104.428,48.62500
104.479,48.62500
104.530,48.50000
104.580,48.50000
104.631,48.37500
104.682,48.37500
104.732,48.25000
104.783,48.12500
104.834,48.00000
104.885,47.75000
104.935,47.75000
104.986,47.62500
105.037,47.62500
105.087,47.37500
105.138,47.37500
105.189,47.12500
105.239,47.12500
105.290,47.12500
105.340,47.00000
105.391,46.87500
105.442,46.75000
105.492,46.75000
105.543,46.62500
105.594,46.62500
105.644,46.50000
105.695,46.50000
105.746,46.37500
105.796,46.37500
105.847,46.25000
105.898,46.12500
105.948,46.00000
105.999,46.00000
106.050,45.87500
106.100,45.62500
106.151,45.62500
106.202,45.62500
106.252,45.37500
106.303,45.37500
106.353,45.25000
106.404,45.25000
106.455,45.12500
106.505,45.00000
106.556,45.00000
106.607,44.87500
106.657,44.75000
106.708,44.62500
106.759,44.62500
106.809,44.37500
106.860,44.37500
106.911,44.25000
106.961,44.12500
107.012,44.00000
107.062,43.87500
107.113,43.75000
107.164,43.75000
107.214,43.50000
107.265,43.37500
107.316,43.25000
107.366,43.25000
107.417,43.12500
107.467,43.00000
107.518,42.87500
107.569,42.87500
107.619,42.75000
107.670,42.75000
107.721,42.62500
107.771,42.50000
107.822,42.50000
107.872,42.37500
107.923,42.12500
107.974,42.12500
108.024,42.00000
108.075,41.87500
108.126,41.87500
108.177,41.75000
108.227,41.50000
108.278,41.50000
108.329,41.37500
108.379,41.37500
108.430,41.25000
108.481,41.25000
108.531,41.12500
108.582,41.00000
108.633,40.87500
108.683,40.75000
108.734,40.62500
108.785,40.50000
108.835,40.50000
108.887,40.25000
108.938,40.25000
108.989,40.12500
109.039,40.00000
109.090,39.87500
109.141,39.75000
109.191,39.62500
109.242,39.50000
109.293,39.25000
109.343,39.25000
109.394,39.25000
109.444,39.12500
109.495,39.12500
109.546,39.12500
109.596,39.00000
109.647,38.87500
109.698,38.75000
109.748,38.75000
109.799,38.50000
109.850,38.62500
109.900,38.25000
109.951,38.37500
110.002,38.12500
110.052,38.00000
110.103,37.87500
110.154,37.87500
110.204,37.87500
110.255,37.62500
110.305,37.50000
110.356,37.50000
110.407,37.37500
110.457,37.37500
110.508,37.12500
110.559,37.00000
110.609,37.00000
110.660,36.75000
110.711,36.62500
110.761,36.50000
110.812,36.37500
110.863,36.25000
110.913,36.12500
110.964,36.00000
111.014,36.00000
111.065,35.75000
111.116,35.75000
111.166,35.75000
111.217,35.62500
111.268,35.62500
111.318,35.62500
111.369,35.50000
111.419,35.50000
111.470,35.50000
111.521,35.37500
111.571,35.37500
111.622,35.00000
111.673,35.00000
111.723,34.75000
111.774,34.75000
111.825,34.50000
111.875,34.37500
111.926,34.37500
111.977,34.25000
112.027,34.12500
112.078,34.00000
112.128,34.00000
112.179,33.75000
112.230,33.75000
112.280,33.50000
112.331,33.50000
112.382,33.50000
112.432,33.37500
112.483,33.12500
112.534,33.12500
112.584,32.87500
112.635,32.87500
112.685,32.87500
112.736,32.62500
112.787,32.62500
112.837,32.50000
112.888,32.37500
112.939,32.25000
112.989,32.12500
113.040,32.00000
113.091,31.87500
113.141,31.75000
113.192,31.62500
113.243,31.50000
113.293,31.50000
113.344,31.37500
113.395,31.25000
113.445,31.12500
113.496,31.12500
113.546,31.12500
113.597,31.12500
113.648,30.75000
113.698,30.75000
113.749,30.62500
113.800,30.62500
113.850,30.37500
113.901,30.25000
113.952,30.37500
114.002,30.00000
114.053,30.00000
114.104,29.87500
114.154,29.75000
114.205,29.50000
114.255,29.62500
114.306,29.37500
114.357,29.37500
114.407,29.37500
114.458,29.25000
114.509,29.00000
114.559,29.00000
114.610,29.00000
114.661,28.75000
114.711,28.62500
114.762,28.62500
114.813,28.62500
114.863,28.62500
114.914,28.50000
114.964,28.25000
115.015,28.25000
115.066,28.25000
115.116,28.12500
115.167,27.87500
115.218,28.00000
115.268,27.87500
115.319,27.87500
115.370,27.87500
115.420,27.75000
115.471,27.62500
115.521,27.62500
115.572,27.50000
115.623,27.50000
115.673,27.25000
115.724,27.12500
115.775,27.12500
115.825,27.00000
115.876,26.87500
115.926,26.75000
115.977,26.75000
116.028,26.62500
116.078,26.50000
116.129,26.25000
116.180,26.25000
116.230,26.25000
116.281,26.25000
116.332,26.00000
116.382,26.00000
116.433,26.00000
116.483,26.00000
116.534,25.75000
116.585,25.75000
116.635,25.62500
116.686,25.37500
116.737,25.25000
116.787,25.25000
116.838,25.12500
116.889,24.87500
116.939,24.87500
116.990,24.75000
117.041,24.87500
117.091,24.75000
117.142,24.62500
117.193,24.62500
117.243,24.37500
117.294,24.37500
117.344,24.25000
117.395,24.12500
117.446,24.00000
117.496,23.87500
117.547,23.87500
117.598,23.62500
117.648,23.62500
117.699,23.50000
117.750,23.37500
117.800,23.25000
117.851,23.12500
117.902,23.12500
117.952,22.87500
118.003,22.87500
118.054,22.75000
118.104,22.75000
118.155,22.62500
118.205,22.62500
118.256,22.50000
118.307,22.50000
118.357,22.37500
118.408,22.37500
118.459,22.25000
118.509,22.00000
118.560,22.00000
118.611,21.87500
118.661,21.75000
118.712,21.62500
118.763,21.62500
118.813,21.37500
118.864,21.37500
118.915,21.12500
118.965,21.12500
119.016,20.87500
119.066,20.87500
119.117,20.75000
119.168,20.87500
119.218,20.62500
119.269,20.62500
119.320,20.50000
119.370,20.37500
119.421,20.25000
119.472,20.12500
119.522,20.00000
119.573,19.87500
119.623,19.75000
119.674,19.62500
119.725,19.50000
119.775,19.50000
119.826,19.37500
119.877,19.25000
119.927,19.25000
119.978,19.12500
120.029,19.00000
120.079,19.00000
120.130,19.00000
120.181,19.00000
120.232,18.87500
120.282,18.75000
120.333,18.62500
120.383,18.62500
120.434,18.50000
120.485,18.37500
120.535,18.25000
120.586,18.12500
120.637,18.00000
120.687,18.00000
120.738,17.87500
120.789,17.75000
120.839,17.62500
120.890,17.62500
120.941,17.62500
120.991,17.50000
121.042,17.50000
121.092,17.50000
121.143,17.37500
121.194,17.37500
121.244,17.25000
121.295,17.00000
121.346,16.87500
121.396,16.75000
121.447,16.62500
121.498,16.50000
121.548,16.50000
121.599,16.37500
121.649,16.25000
121.700,16.00000
121.751,16.00000
121.801,15.87500
121.852,15.87500
121.903,15.75000
121.953,15.75000
122.004,15.50000
122.055,15.50000
122.105,15.50000
122.156,15.37500
122.206,15.25000
122.257,15.25000
122.308,15.00000
122.358,14.75000
122.409,14.87500
122.460,14.75000
122.510,14.50000
122.561,14.50000
122.612,14.25000
122.662,14.25000
122.713,14.12500
122.764,13.87500
122.814,13.87500
122.865,13.87500
122.916,13.75000
122.966,13.50000
123.017,13.62500
123.068,13.37500
123.118,13.37500
123.169,13.37500
123.220,13.37500
123.270,13.25000
123.321,13.12500
123.371,13.00000
123.422,12.87500
123.473,12.87500
123.524,12.75000
123.574,12.62500
123.625,12.37500
123.676,12.50000
123.727,12.37500
123.777,12.25000
123.828,12.12500
123.878,12.12500
123.929,12.00000
123.980,12.00000
124.030,12.00000
124.081,11.87500
124.132,11.87500
124.182,11.75000
124.233,11.75000
124.284,11.50000
124.334,11.37500
124.385,11.37500
124.436,11.25000
124.486,11.12500
124.537,11.00000
124.588,10.75000
124.638,10.75000
124.689,10.62500
124.740,10.50000
124.790,10.50000
124.841,10.37500
124.892,10.37500
124.942,10.25000
124.993,10.12500
125.043,10.25000
125.094,10.00000
125.145,9.87500
125.195,10.00000
125.246,9.87500
125.297,9.75000
125.347,9.62500
125.398,9.50000
125.449,9.25000
125.499,9.25000
125.550,9.12500
125.601,9.12500
125.651,9.00000
125.702,8.87500
125.753,8.75000
125.803,8.75000
125.854,8.62500
125.904,8.50000
125.955,8.50000
126.006,8.37500
126.056,8.25000
126.107,8.25000
126.158,8.12500
126.208,8.00000
126.259,8.00000
126.310,7.75000
126.360,7.75000
126.411,7.62500
126.462,7.62500
126.512,7.50000
126.563,7.25000
126.614,7.12500
126.664,7.12500
126.715,7.00000
126.765,7.00000
126.816,6.75000
126.867,6.87500
126.917,6.75000
126.968,6.62500
127.019,6.50000
127.069,6.62500
127.120,6.62500
127.171,6.37500
127.221,6.37500
127.272,6.37500
127.323,6.25000
127.373,6.00000
127.424,6.00000
127.475,5.75000
127.525,5.75000
127.576,5.62500
127.626,5.50000
127.677,5.50000
127.728,5.25000
127.778,5.37500
127.829,5.37500
127.880,5.25000
127.930,5.00000
127.981,5.12500
128.032,5.00000
128.082,4.75000
128.133,4.62500
128.184,4.50000
128.234,4.37500
128.285,4.25000
128.336,4.12500
128.386,4.12500
128.437,4.00000
128.488,3.87500
128.538,3.75000
128.589,3.75000
128.639,3.50000
128.690,3.50000
128.741,3.50000
128.791,3.37500
128.842,3.37500
128.893,3.25000
128.943,3.25000
128.994,3.12500
129.045,3.12500
129.095,3.12500
129.146,2.87500
129.197,2.87500
129.247,2.75000
129.298,2.75000
129.349,2.75000
129.399,2.50000
129.450,2.50000
129.501,2.37500
129.551,2.37500
129.602,2.25000
129.653,2.12500
129.703,2.00000
129.754,1.87500
129.804,2.00000
129.855,1.87500
129.906,1.75000
129.956,1.62500
130.007,1.75000
130.058,1.50000
130.108,1.50000
130.159,1.50000
130.210,1.25000
130.260,1.25000
130.311,1.12500
130.361,1.12500
130.412,1.00000
130.463,0.87500
130.513,0.87500
130.564,0.75000
130.615,0.62500
130.665,0.62500
130.716,0.50000
130.766,0.50000
130.817,0.37500
130.868,0.25000
130.918,0.25000
130.969,0.12500
131.020,0.00000
131.070,0.00000
131.121,-0.25000
131.171,-0.25000
131.222,-0.37500
131.273,-0.37500
131.323,-0.62500
131.374,-0.62500
131.425,-0.75000
131.475,-0.87500
131.526,-1.00000
131.577,-1.12500
131.627,-1.12500
131.678,-1.12500
131.728,-1.25000
131.779,-1.25000
131.830,-1.25000
131.880,-1.37500
131.931,-1.37500
131.982,-1.50000
132.032,-1.50000
132.083,-1.75000
132.133,-1.75000
132.184,-1.75000
132.235,-1.75000
132.285,-1.87500
132.336,-1.87500
132.387,-2.00000
132.437,-2.00000
132.488,-2.12500
132.539,-2.12500
132.589,-2.37500
132.640,-2.37500
132.690,-2.37500
132.741,-2.37500
132.792,-2.50000
132.842,-2.50000
132.893,-2.50000
132.944,-2.50000
132.994,-2.62500
133.045,-2.87500
133.096,-2.87500
133.146,-3.00000
133.197,-3.12500
133.247,-3.25000
133.298,-3.25000
133.349,-3.37500
133.399,-3.50000
133.450,-3.37500
133.501,-3.62500
133.551,-3.62500
133.602,-3.75000
133.653,-3.75000
133.703,-3.75000
133.754,-3.87500
133.805,-3.87500
133.855,-4.00000
133.906,-4.00000
133.956,-4.12500
134.007,-4.12500
134.058,-4.25000
134.108,-4.37500
134.159,-4.50000
134.210,-4.62500
134.260,-4.62500
134.311,-4.87500
134.362,-4.87500
134.412,-4.87500
134.463,-5.00000
134.514,-5.00000
134.564,-5.00000
134.615,-5.12500
134.665,-5.00000
134.716,-5.25000
134.767,-5.12500
134.817,-5.12500
134.868,-5.37500
134.919,-5.50000
134.969,-5.37500
135.020,-5.62500
135.070,-5.62500
135.121,-5.75000
135.172,-5.87500
135.222,-5.87500
135.273,-5.87500
135.324,-6.12500
135.374,-6.12500
135.425,-6.12500
135.476,-6.12500
135.526,-6.25000
135.577,-6.25000
135.628,-6.25000
135.678,-6.25000
135.729,-6.37500
135.780,-6.37500
135.830,-6.50000
135.881,-6.62500
135.932,-6.62500
135.982,-6.62500
136.033,-6.75000
136.084,-6.75000
136.134,-7.00000
136.185,-7.00000
136.236,-7.00000
136.286,-7.00000
136.337,-7.12500
136.387,-7.12500
136.438,-7.25000
136.489,-7.25000
136.540,-7.25000
136.590,-7.37500
136.641,-7.25000
136.692,-7.50000
136.742,-7.37500
136.793,-7.50000
136.843,-7.50000
136.894,-7.62500
136.945,-7.62500
136.995,-7.62500
137.046,-7.75000
137.097,-7.87500
137.147,-8.00000
137.198,-8.12500
137.249,-8.12500
137.299,-8.12500
137.350,-8.25000
137.400,-8.25000
137.451,-8.25000
137.502,-8.37500
137.552,-8.50000
137.603,-8.37500
137.654,-8.62500
137.704,-8.50000
137.755,-8.62500
137.806,-8.62500
137.856,-8.75000
137.907,-8.62500
137.957,-8.75000
138.008,-8.75000
138.059,-8.87500
138.109,-9.00000
138.160,-9.00000
138.211,-9.12500
138.261,-9.12500
138.312,-9.25000
138.363,-9.12500
138.413,-9.12500
138.464,-9.25000
138.515,-9.37500
138.565,-9.37500
138.616,-9.37500
138.667,-9.50000
138.717,-9.50000
138.768,-9.62500
138.818,-9.75000
138.869,-9.75000
138.920,-9.87500
138.970,-9.75000
139.021,-10.00000
139.072,-10.00000
139.122,-10.00000
139.173,-10.25000
139.223,-10.25000
139.274,-10.37500
139.325,-10.37500
139.375,-10.37500
139.426,-10.37500
139.477,-10.37500
139.527,-10.37500
139.578,-10.37500
139.629,-10.50000
139.680,-10.50000
139.730,-10.50000
139.781,-10.75000
139.832,-10.75000
139.882,-10.87500
139.933,-10.87500
139.984,-10.87500
140.034,-11.00000
140.085,-11.12500
140.136,-11.12500
140.186,-11.12500
140.237,-11.25000
140.288,-11.25000
140.339,-11.25000
140.389,-11.25000
140.440,-11.25000
140.491,-11.25000
140.541,-11.37500
140.592,-11.37500
140.643,-11.37500
140.694,-11.25000
140.744,-11.37500
140.795,-11.50000
140.846,-11.62500
140.896,-11.62500
140.947,-11.62500
140.998,-11.75000
141.048,-11.87500
141.099,-11.87500
141.149,-12.00000
141.200,-12.00000
141.251,-12.12500
141.301,-12.12500
141.352,-12.12500
141.403,-12.00000
141.453,-12.25000
141.504,-12.12500
141.555,-12.25000
141.605,-12.12500
141.656,-12.25000
141.707,-12.37500
141.757,-12.37500
141.808,-12.37500
141.859,-12.37500
141.909,-12.50000
141.960,-12.50000
142.011,-12.50000
142.061,-12.50000
142.112,-12.50000
142.163,-12.62500
142.213,-12.75000
142.264,-12.62500
142.314,-12.87500
142.365,-12.87500
142.416,-12.75000
142.466,-12.75000
142.517,-12.87500
142.568,-12.87500
142.618,-12.75000
142.669,-12.87500
142.719,-13.12500
142.770,-13.12500
142.821,-13.12500
142.871,-13.12500
142.922,-13.12500
142.973,-13.25000
143.023,-13.25000
143.074,-13.37500
143.125,-13.37500
143.176,-13.37500
143.226,-13.50000
143.277,-13.50000
143.328,-13.62500
143.378,-13.50000
143.429,-13.50000
143.480,-13.50000
143.530,-13.50000
143.581,-13.50000
143.632,-13.50000
143.683,-13.62500
143.733,-13.62500
143.784,-13.62500
143.835,-13.75000
143.885,-13.75000
143.936,-13.87500
143.987,-13.87500
144.038,-13.87500
144.088,-14.00000
144.139,-14.00000
144.190,-14.12500
144.240,-14.00000
144.291,-14.00000
144.342,-14.00000
144.393,-14.00000
144.443,-13.87500
144.494,-14.00000
144.545,-14.00000
144.595,-14.25000
144.646,-14.25000
144.697,-14.25000
144.748,-14.25000
144.798,-14.25000
144.849,-14.25000
144.900,-14.37500
144.950,-14.37500
145.001,-14.37500
145.052,-14.37500
145.102,-14.37500
145.153,-14.50000
145.204,-14.50000
145.255,-14.62500
145.305,-14.50000
145.356,-14.50000
145.407,-14.75000
145.457,-14.62500
145.508,-14.62500
145.559,-14.50000
145.610,-14.62500
145.660,-14.75000
145.711,-14.75000
145.762,-14.62500
145.812,-14.62500
145.863,-14.75000
145.914,-14.87500
145.965,-14.87500
146.015,-14.87500
146.066,-14.87500
146.117,-15.00000
146.167,-15.00000
146.218,-15.00000
146.269,-14.87500
146.320,-14.87500
146.370,-14.75000
146.421,-14.87500
146.472,-14.87500
146.522,-15.00000
146.573,-15.00000
146.624,-15.00000
146.675,-15.00000
146.725,-15.12500
146.776,-15.12500
146.827,-15.12500
146.877,-15.12500
146.928,-15.12500
146.979,-15.25000
147.030,-15.12500
147.080,-15.25000
147.131,-15.25000
147.182,-15.25000
147.232,-15.25000
147.283,-15.25000
147.334,-15.25000
147.385,-15.25000
147.435,-15.25000
147.486,-15.25000
147.537,-15.37500
147.588,-15.37500
147.638,-15.37500
147.689,-15.37500
147.740,-15.50000
147.790,-15.62500
147.841,-15.62500
147.892,-15.50000
147.942,-15.62500
147.993,-15.62500
148.044,-15.75000
148.095,-15.62500
148.145,-15.75000
148.196,-15.75000
148.247,-15.75000
148.297,-15.75000
148.348,-15.75000
148.399,-15.75000
148.450,-15.75000
148.500,-15.62500
148.551,-15.87500
148.602,-15.87500
148.652,-15.87500
148.703,-15.87500
148.754,-16.00000
148.805,-16.00000
148.855,-16.00000
148.906,-16.00000
148.957,-16.00000
149.008,-16.00000
149.058,-16.00000
149.109,-16.00000
149.160,-16.00000
149.210,-16.00000
149.261,-16.00000
149.312,-16.00000
149.363,-16.00000
149.413,-16.12500
149.464,-16.00000
149.515,-16.12500
149.565,-16.12500
149.616,-16.12500
149.667,-16.25000
149.718,-16.12500
149.768,-16.25000
149.819,-16.25000
149.870,-16.25000
149.920,-16.25000
149.971,-16.37500
150.022,-16.25000
150.072,-16.25000
150.123,-16.25000
150.174,-16.25000
150.225,-16.25000
150.275,-16.25000
150.326,-16.25000
150.377,-16.12500
150.427,-16.12500
150.478,-16.37500
150.529,-16.25000
150.580,-16.37500
150.630,-16.37500
150.681,-16.37500
150.732,-16.37500
150.782,-16.50000
150.833,-16.62500
150.884,-16.62500
150.934,-16.37500
150.985,-16.37500
151.036,-16.50000
151.087,-16.37500
151.137,-16.37500
151.188,-16.50000
151.239,-16.50000
151.289,-16.37500
151.340,-16.37500
151.391,-16.37500
151.441,-16.50000
151.492,-16.50000
151.543,-16.62500
151.594,-16.50000
151.644,-16.75000
151.695,-16.75000
151.746,-16.62500
151.796,-16.75000
151.847,-16.75000
151.898,-16.75000
151.949,-16.75000
151.999,-16.87500
152.050,-16.87500
152.101,-16.87500
152.151,-16.75000
152.202,-16.62500
152.253,-16.62500
152.303,-16.62500
152.354,-16.75000
152.405,-16.62500
152.456,-16.75000
152.506,-16.75000
152.557,-16.62500
152.608,-16.62500
152.658,-16.75000
152.709,-16.75000
152.760,-16.87500
152.810,-16.75000
152.861,-16.87500
152.912,-16.62500
152.963,-16.75000
153.013,-16.87500
153.064,-16.75000
153.115,-16.87500
153.166,-16.87500
153.216,-16.87500
153.267,-16.87500
153.318,-16.87500
153.368,-16.87500
153.419,-17.00000
153.470,-17.00000
153.520,-16.87500
153.571,-17.00000
153.622,-17.00000
153.673,-17.00000
153.723,-17.12500
153.774,-17.00000
153.825,-17.12500
153.875,-17.12500
153.926,-17.25000
153.977,-17.00000
154.028,-17.25000
154.078,-17.25000
154.129,-17.25000
154.180,-17.12500
154.230,-17.12500
154.281,-17.12500
154.332,-17.25000
154.383,-17.25000
154.433,-17.12500
154.484,-17.25000
154.535,-17.12500
154.585,-17.25000
154.636,-17.12500
154.687,-17.12500
154.737,-17.00000
154.788,-17.12500
154.839,-17.25000
154.890,-17.25000
154.940,-17.12500
154.991,-17.12500
155.042,-17.00000
155.093,-17.12500
155.143,-17.12500
155.194,-17.12500
155.245,-17.12500
155.295,-17.00000
155.346,-17.12500
155.397,-17.12500
155.447,-17.25000
155.498,-17.12500
155.549,-17.12500
155.600,-17.12500
155.650,-17.25000
155.701,-17.25000
155.752,-17.25000
155.802,-17.25000
155.853,-17.25000
155.904,-17.37500
155.955,-17.25000
156.005,-17.25000
156.056,-17.25000
156.107,-17.12500
156.157,-17.25000
156.208,-17.25000
156.259,-17.12500
156.309,-17.12500
156.360,-17.12500
156.411,-17.12500
156.462,-17.25000
156.512,-17.12500
156.563,-17.25000
156.614,-17.25000
156.664,-17.12500
156.715,-17.37500
156.766,-17.25000
156.817,-17.25000
156.867,-17.25000
156.918,-17.50000
156.969,-17.37500
157.019,-17.25000
157.070,-17.25000
157.121,-17.25000
157.172,-17.25000
157.222,-17.12500
157.273,-17.25000
157.324,-17.25000
157.374,-17.25000
157.425,-17.12500
157.476,-17.25000
157.526,-17.25000
157.577,-17.25000
157.628,-17.25000
157.679,-17.37500
157.729,-17.25000
157.780,-17.50000
157.831,-17.50000
157.881,-17.50000
157.932,-17.37500
157.983,-17.50000
158.033,-17.37500
158.084,-17.50000
158.135,-17.50000
158.185,-17.50000
158.236,-17.50000
158.287,-17.50000
158.337,-17.62500
158.388,-17.62500
158.439,-17.62500
158.489,-17.62500
158.540,-17.75000
158.591,-17.87500
158.641,-17.75000
158.692,-17.62500
158.743,-17.75000
158.793,-17.62500
158.844,-17.62500
158.895,-17.62500
158.945,-17.62500
158.996,-17.50000
159.047,-17.50000
159.097,-17.50000
159.148,-17.50000
159.198,-17.50000
159.249,-17.62500
159.300,-17.50000
159.350,-17.62500
159.401,-17.50000
159.452,-17.62500
159.502,-17.62500
159.553,-17.75000
159.604,-17.75000
159.654,-17.62500
159.705,-17.62500
159.756,-17.75000
159.806,-17.87500
159.857,-17.87500
159.908,-17.75000
159.958,-17.87500
160.009,-17.75000
160.060,-17.62500
160.110,-17.75000
160.161,-17.75000
160.212,-17.75000
160.262,-17.62500
160.313,-17.62500
160.363,-17.75000
160.414,-17.62500
160.465,-17.75000
160.515,-17.75000
160.566,-17.75000
160.617,-17.62500
160.667,-17.75000
160.718,-17.75000
160.769,-17.75000
160.819,-17.87500
160.870,-17.75000
160.921,-17.87500
160.971,-17.75000
161.022,-17.75000
161.073,-17.75000
161.123,-17.75000
161.174,-17.87500
161.225,-17.87500
161.275,-17.75000
161.326,-17.87500
161.377,-17.75000
161.427,-17.87500
161.478,-17.75000
161.529,-17.75000
161.579,-17.62500
161.630,-17.75000
161.681,-17.87500
161.731,-17.87500
161.782,-17.75000
161.832,-17.62500
161.883,-17.75000
161.934,-17.75000
161.984,-17.62500
162.035,-17.75000
162.086,-17.87500
162.136,-17.75000
162.187,-17.75000
162.238,-17.87500
162.288,-17.87500
162.339,-17.87500
162.390,-17.87500
162.440,-18.00000
162.491,-18.12500
162.542,-18.12500
162.592,-18.25000
162.643,-18.12500
162.693,-18.25000
162.744,-18.25000
162.795,-18.25000
162.845,-18.12500
162.896,-18.25000
162.947,-18.12500
162.997,-18.00000
163.048,-18.12500
163.099,-18.00000
163.149,-18.12500
163.200,-18.00000
163.251,-18.12500
163.301,-18.12500
163.352,-18.12500
163.403,-18.00000
163.453,-18.12500
163.504,-18.12500
163.554,-18.12500
163.605,-18.12500
163.656,-18.12500
163.706,-18.25000
163.757,-18.12500
163.808,-18.00000
163.858,-18.00000
163.909,-18.00000
163.960,-18.12500
164.010,-18.12500
164.061,-18.12500
164.112,-18.12500
164.162,-18.00000
164.213,-18.12500
164.264,-18.12500
164.314,-18.12500
164.365,-18.12500
164.416,-18.25000
164.466,-18.25000
164.517,-18.25000
164.568,-18.25000
164.618,-18.25000
164.669,-18.25000
164.719,-18.25000
164.770,-18.25000
164.821,-18.25000
164.871,-18.25000
164.922,-18.12500
164.973,-18.12500
165.023,-18.12500
165.074,-18.12500
165.125,-18.12500
165.175,-18.25000
165.226,-18.12500
165.276,-18.12500
165.327,-18.12500
165.378,-18.25000
165.428,-18.25000
165.479,-18.25000
165.530,-18.25000
165.580,-18.25000
165.631,-18.37500
165.682,-18.25000
165.732,-18.37500
165.783,-18.37500
165.834,-18.25000
165.884,-18.25000
165.935,-18.25000
165.986,-18.37500
166.036,-18.37500
166.087,-18.25000
166.138,-18.50000
166.188,-18.37500
166.239,-18.50000
166.289,-18.37500
166.340,-18.37500
166.391,-18.37500
166.441,-18.37500
166.492,-18.50000
166.543,-18.50000
166.593,-18.50000
166.644,-18.50000
166.695,-18.50000
166.745,-18.37500
166.796,-18.50000
166.846,-18.37500
166.897,-18.25000
166.948,-18.25000
166.998,-18.37500
167.049,-18.25000
167.100,-18.37500
167.150,-18.37500
167.201,-18.37500
167.252,-18.37500
167.302,-18.25000
167.353,-18.25000
167.403,-18.37500
167.454,-18.37500
167.505,-18.50000
167.555,-18.37500
167.606,-18.50000
167.657,-18.50000
167.707,-18.37500
167.758,-18.25000
167.808,-18.25000
167.859,-18.25000
167.910,-18.12500
167.960,-18.25000
168.011,-18.12500
168.062,-18.12500
168.112,-18.25000
168.163,-18.25000
168.214,-18.25000
168.264,-18.12500
168.315,-18.12500
168.365,-18.25000
168.416,-18.25000
168.467,-18.25000
168.517,-18.25000
168.568,-18.37500
168.619,-18.37500
168.669,-18.25000
168.720,-18.37500
168.771,-18.25000
168.821,-18.37500
168.872,-18.37500
168.923,-18.25000
168.973,-18.37500
169.024,-18.37500
169.074,-18.25000
169.125,-18.50000
169.176,-18.37500
169.226,-18.50000
169.277,-18.37500
169.328,-18.50000
169.378,-18.50000
169.429,-18.37500
169.480,-18.50000
169.530,-18.50000
169.581,-18.37500
169.631,-18.37500
169.682,-18.37500
169.733,-18.25000
169.783,-18.37500
169.834,-18.37500
169.885,-18.25000
169.935,-18.25000
169.986,-18.37500
170.037,-18.25000
170.087,-18.37500
170.138,-18.25000
170.188,-18.37500
170.239,-18.25000
170.290,-18.25000
170.341,-18.25000
170.391,-18.37500
170.442,-18.37500
170.493,-18.25000
170.543,-18.25000
170.594,-18.25000
170.645,-18.12500
170.696,-18.12500
170.746,-18.12500
170.797,-18.12500
170.848,-18.25000
170.898,-18.25000
170.949,-18.25000
171.000,-18.25000
171.050,-18.37500
171.101,-18.50000
171.152,-18.50000
171.203,-18.50000
171.253,-18.50000
171.304,-18.62500
171.355,-18.62500
171.405,-18.50000
171.456,-18.62500
171.507,-18.62500
171.558,-18.50000
171.608,-18.50000
171.659,-18.50000
171.710,-18.37500
171.760,-18.25000
171.811,-18.37500
171.862,-18.37500
171.913,-18.50000
171.963,-18.50000
172.014,-18.62500
172.065,-18.50000
172.115,-18.62500
172.166,-18.62500
172.217,-18.50000
172.268,-18.62500
172.318,-18.62500
172.369,-18.62500
172.420,-18.75000
172.470,-18.62500
172.521,-18.62500
172.572,-18.50000
172.622,-18.50000
172.673,-18.37500
172.724,-18.50000
172.775,-18.62500
172.825,-18.62500
172.876,-18.75000
172.927,-18.75000
172.977,-18.87500
173.028,-18.75000
173.079,-18.75000
173.130,-18.75000
173.180,-19.00000
173.231,-18.87500
173.282,-19.00000
173.332,-18.87500
173.383,-19.12500
173.434,-18.87500
173.484,-18.87500
173.535,-18.87500
173.586,-18.87500
173.637,-18.87500
173.687,-18.87500
173.738,-18.87500
173.789,-18.87500
173.839,-19.00000
173.890,-18.87500
173.941,-19.00000
173.992,-19.00000
174.042,-19.12500
174.093,-19.12500
174.144,-19.00000
174.194,-19.12500
174.245,-19.12500
174.296,-19.12500
174.347,-19.12500
174.397,-19.12500
174.448,-19.12500
174.499,-19.12500
174.549,-19.12500
174.600,-19.12500
174.651,-19.12500
174.702,-19.12500
174.752,-19.00000
174.803,-19.00000
174.854,-19.12500
174.904,-19.00000
174.955,-19.12500
175.006,-19.12500
175.056,-19.25000
175.107,-19.25000
175.158,-19.25000
175.209,-19.37500
175.259,-19.25000
175.310,-19.12500
175.361,-19.12500
175.411,-19.12500
175.462,-19.12500
175.513,-19.00000
175.564,-19.00000
175.614,-19.12500
175.665,-19.00000
175.716,-18.87500
175.766,-19.00000
175.817,-19.00000
175.868,-19.12500
175.919,-19.00000
175.969,-19.00000
176.020,-19.00000
176.071,-19.00000
176.122,-19.12500
176.172,-19.12500
176.223,-19.12500
176.274,-19.12500
176.324,-19.25000
176.375,-19.12500
176.426,-19.25000
176.477,-19.00000
176.527,-19.12500
176.578,-19.12500
176.629,-19.12500
176.679,-19.00000
176.730,-19.12500
176.781,-19.00000
176.832,-19.12500
176.882,-19.12500
176.933,-19.12500
176.984,-19.12500
177.034,-19.12500
177.085,-19.12500
177.136,-19.25000
177.187,-19.25000
177.237,-19.25000
177.288,-19.25000
177.339,-19.12500
177.389,-19.25000
177.440,-19.12500
177.491,-19.25000
177.541,-19.12500
177.592,-19.25000
177.643,-19.25000
177.694,-19.25000
177.744,-19.25000
177.795,-19.37500
177.846,-19.37500
177.896,-19.50000
177.947,-19.25000
177.998,-19.37500
178.048,-19.37500
178.099,-19.37500
178.150,-19.37500
178.201,-19.37500
178.251,-19.37500
178.302,-19.37500
178.353,-19.37500
178.403,-19.37500
178.454,-19.25000
178.505,-19.25000
178.556,-19.25000
178.606,-19.25000
178.657,-19.25000
178.708,-19.25000
178.758,-19.12500
178.809,-19.12500
178.860,-19.25000
178.911,-19.25000
178.961,-19.25000
179.012,-19.25000
179.063,-19.25000
179.113,-19.37500
179.164,-19.25000
179.215,-19.37500
179.266,-19.25000
179.316,-19.25000
179.367,-19.25000
179.418,-19.25000
179.468,-19.25000
179.519,-19.25000
179.570,-19.25000
179.621,-19.25000
179.671,-19.12500
179.722,-19.25000
179.773,-19.25000
179.823,-19.25000
179.874,-19.12500
179.925,-19.25000
179.976,-19.25000
