time(s),mvs
0.000,-1483.00000
0.051,175.75000
0.101,175.75000
0.152,175.75000
0.203,176.00000
0.253,175.62500
0.304,175.87500
0.354,175.75000
0.405,175.87500
0.456,175.75000
0.506,175.62500
0.557,175.50000
0.608,175.25000
0.658,174.87500
0.709,174.87500
0.760,174.75000
0.810,175.00000
0.861,174.75000
0.912,175.25000
0.962,175.12500
1.013,175.12500
1.064,175.25000
1.114,174.87500
1.165,174.87500
1.215,174.62500
1.266,174.12500
1.317,173.75000
1.367,173.12500
1.418,173.25000
1.469,173.25000
1.519,173.50000
1.570,173.87500
1.621,174.00000
1.738,174.00000
1.789,174.12500
1.840,173.87500
1.890,173.75000
1.941,173.75000
1.992,173.50000
2.042,173.75000
2.093,173.50000
2.144,173.62500
2.194,173.50000
2.245,173.50000
2.295,173.87500
2.346,173.87500
2.397,174.12500
2.447,174.50000
2.498,174.62500
2.549,174.87500
2.599,175.00000
2.650,175.12500
2.701,175.12500
2.751,174.75000
2.802,174.62500
2.852,174.37500
2.903,174.25000
2.954,174.12500
3.004,173.87500
3.055,173.62500
3.106,173.37500
3.156,173.12500
3.207,172.75000
3.257,172.37500
3.308,172.37500
3.359,172.50000
3.409,172.62500
3.460,173.00000
3.511,173.75000
3.561,174.00000
3.612,174.75000
3.663,175.37500
3.713,175.50000
3.764,176.00000
3.815,176.00000
3.865,176.25000
3.916,176.37500
3.967,176.00000
4.017,176.25000
4.068,175.87500
4.119,175.75000
4.169,175.87500
4.220,175.50000
4.271,175.75000
4.321,175.50000
4.372,175.75000
4.422,175.62500
4.473,175.50000
4.524,175.50000
4.574,175.25000
4.625,175.25000
4.676,175.12500
4.726,175.12500
4.777,175.37500
4.828,175.25000
4.878,175.62500
4.929,175.12500
4.980,174.50000
5.030,174.12500
5.081,173.75000
5.132,173.87500
5.182,173.87500
5.233,174.25000
5.283,174.62500
5.334,175.37500
5.385,176.00000
5.435,176.00000
5.486,176.62500
5.537,176.87500
5.587,177.25000
5.638,177.50000
5.689,177.37500
5.739,177.62500
5.790,177.75000
5.841,177.62500
5.891,178.00000
5.942,178.00000
5.993,178.12500
6.043,178.00000
6.094,178.25000
6.144,177.87500
6.195,177.37500
6.246,177.37500
6.296,176.87500
6.347,176.62500
6.398,176.00000
6.448,173.62500
6.499,171.12500
6.549,166.87500
6.600,164.25000
6.651,160.62500
6.701,155.12500
6.752,149.50000
6.803,142.37500
6.853,135.12500
6.904,126.25000
6.955,119.00000
7.005,115.37500
7.056,114.25000
7.107,113.75000
7.157,113.62500
7.208,114.87500
7.259,114.75000
7.309,112.25000
7.360,114.87500
7.411,124.00000
7.461,139.62500
7.512,150.50000
7.563,161.12500
7.613,164.00000
7.664,168.00000
7.715,171.37500
7.765,171.87500
7.816,169.87500
7.867,169.00000
7.917,163.50000
7.968,163.62500
8.019,164.50000
8.069,166.12500
8.120,165.62500
8.170,165.87500
8.221,167.25000
8.272,169.00000
8.322,170.00000
8.373,171.12500
8.424,170.87500
8.474,170.62500
8.525,170.12500
8.576,170.87500
8.626,171.12500
8.677,171.75000
8.728,172.37500
8.778,172.75000
8.829,173.62500
8.880,174.25000
8.930,175.25000
8.981,176.00000
9.032,176.75000
9.082,177.50000
9.133,177.62500
9.183,178.25000
9.234,178.62500
9.285,178.25000
9.335,178.12500
9.386,177.75000
9.437,177.75000
9.487,177.62500
9.538,177.25000
9.589,177.12500
9.639,176.37500
9.690,175.75000
9.741,174.50000
9.791,173.12500
9.842,172.37500
9.892,170.87500
9.943,169.87500
9.994,169.37500
10.044,169.00000
10.095,169.00000
10.146,169.62500
10.196,170.75000
10.247,170.37500
10.298,170.00000
10.348,169.25000
10.399,167.62500
10.450,166.75000
10.500,165.37500
10.551,165.12500
10.601,164.25000
10.652,164.37500
10.703,164.12500
10.753,164.87500
10.804,165.50000
10.855,166.00000
10.905,166.75000
10.956,167.37500
11.007,167.12500
11.057,166.37500
11.108,165.50000
11.159,164.25000
11.209,162.12500
11.260,158.25000
11.311,149.37500
11.361,138.62500
11.412,126.00000
11.463,117.37500
11.513,109.62500
11.564,105.87500
11.614,99.75000
11.665,88.00000
11.716,76.37500
11.766,67.75000
11.817,45.62500
11.868,19.75000
11.918,2.37500
11.969,0.25000
12.020,7.37500
12.070,24.50000
12.121,41.37500
12.172,53.25000
12.223,70.00000
12.273,80.00000
12.324,85.75000
12.375,85.75000
12.425,83.87500
12.476,86.25000
12.527,90.87500
12.578,94.00000
12.628,94.50000
12.679,95.25000
12.730,95.75000
12.780,98.37500
12.831,101.00000
12.882,103.12500
12.933,103.87500
12.983,107.00000
13.034,109.50000
13.085,110.87500
13.136,112.50000
13.186,113.50000
13.237,113.62500
13.288,112.25000
13.338,111.75000
13.389,111.62500
13.440,111.62500
13.491,111.25000
13.541,112.25000
13.592,111.87500
13.643,113.50000
13.693,113.62500
13.744,110.62500
13.795,105.25000
13.845,100.00000
13.896,96.37500
13.947,95.37500
13.997,96.75000
14.048,105.37500
14.099,113.00000
14.149,117.12500
14.200,117.75000
14.251,116.12500
14.301,115.00000
14.352,111.00000
14.403,110.00000
14.453,108.62500
14.504,107.62500
14.554,106.00000
14.605,102.50000
14.656,90.12500
14.706,78.12500
14.757,64.00000
14.808,58.50000
14.858,55.25000
14.909,57.00000
14.960,67.50000
15.010,79.62500
15.061,85.00000
15.112,88.37500
15.162,91.25000
15.213,90.25000
15.263,84.75000
15.314,77.62500
15.365,80.37500
15.415,91.75000
15.466,109.75000
15.517,134.75000
15.567,131.00000
15.618,127.87500
15.669,123.25000
15.720,119.00000
15.770,112.00000
15.821,101.12500
15.872,90.12500
15.922,81.12500
15.973,79.12500
16.024,86.62500
16.075,92.00000
16.126,88.75000
16.176,83.75000
16.227,86.25000
16.278,87.12500
16.328,88.75000
16.379,92.37500
16.430,98.00000
16.481,102.62500
16.531,106.12500
16.582,108.87500
16.632,111.25000
16.683,112.50000
16.734,111.12500
16.784,109.25000
16.835,110.37500
16.886,108.75000
16.936,107.87500
16.987,107.75000
17.038,108.50000
17.088,113.25000
17.139,115.75000
17.190,114.37500
17.240,112.37500
17.291,109.50000
17.342,108.12500
17.392,109.00000
17.443,110.50000
17.494,111.00000
17.544,113.75000
17.595,113.62500
17.646,112.25000
17.696,113.25000
17.747,113.62500
17.798,111.37500
17.848,110.00000
17.899,107.00000
17.949,103.37500
18.000,98.00000
18.051,95.50000
18.102,91.62500
18.152,88.12500
18.203,83.37500
18.254,79.37500
18.304,75.62500
18.355,75.50000
18.406,78.25000
18.457,79.62500
18.507,80.50000
18.558,82.87500
18.609,85.87500
18.659,91.25000
18.710,95.25000
18.761,98.00000
18.812,99.75000
18.862,100.87500
18.913,101.00000
18.964,101.50000
19.014,103.12500
19.065,103.62500
19.116,102.75000
19.167,102.00000
19.217,101.37500
19.268,100.62500
19.319,100.12500
19.369,98.87500
19.420,97.50000
19.471,96.62500
19.522,95.75000
19.572,95.12500
19.623,95.62500
19.674,96.87500
19.724,96.87500
19.775,97.00000
19.826,97.12500
19.877,97.75000
19.927,98.00000
19.978,98.75000
20.029,99.00000
20.079,98.75000
20.130,99.37500
20.181,98.62500
20.232,99.37500
20.282,100.00000
20.333,101.62500
20.384,106.00000
20.434,114.00000
20.485,130.25000
20.536,138.87500
20.586,140.87500
20.637,142.87500
20.688,143.75000
20.738,144.00000
20.789,144.00000
20.840,143.75000
20.890,142.87500
20.941,141.87500
20.992,141.37500
21.042,141.00000
21.093,140.87500
21.144,140.12500
21.194,139.12500
21.245,138.37500
21.296,137.00000
21.346,136.37500
21.397,136.12500
21.448,135.75000
21.498,135.75000
21.549,135.25000
21.600,135.50000
21.650,135.37500
21.701,135.87500
21.751,136.75000
21.802,136.37500
21.853,136.62500
21.903,136.50000
21.954,136.87500
22.005,137.37500
22.055,137.25000
22.106,137.75000
22.157,137.87500
22.207,137.87500
22.258,137.62500
22.309,137.25000
22.359,136.75000
22.410,136.25000
22.460,136.12500
22.511,135.50000
22.562,134.62500
22.612,133.87500
22.663,133.12500
22.714,133.12500
22.764,132.37500
22.815,131.00000
22.866,130.12500
22.916,128.25000
22.967,125.62500
23.017,121.50000
23.068,119.87500
23.119,118.25000
23.169,115.25000
23.220,110.50000
23.271,109.12500
23.321,108.37500
23.372,106.62500
23.423,105.62500
23.473,106.25000
23.524,105.37500
23.575,103.75000
23.625,102.50000
23.676,102.62500
23.726,103.37500
23.777,103.75000
23.828,103.25000
23.878,102.12500
23.929,101.75000
23.980,102.25000
24.030,103.12500
24.081,103.50000
24.132,104.50000
24.182,105.50000
24.233,106.62500
24.284,108.25000
24.335,110.12500
24.385,110.50000
24.436,109.00000
24.487,107.00000
24.537,106.87500
24.588,110.25000
24.639,115.12500
24.689,122.00000
24.740,131.37500
24.791,144.00000
24.841,149.25000
24.892,151.62500
24.942,156.25000
24.993,158.75000
25.044,161.75000
25.094,163.25000
25.145,165.25000
25.196,166.25000
25.246,166.37500
25.297,166.37500
25.348,165.75000
25.398,164.50000
25.449,163.87500
25.500,163.25000
25.550,163.50000
25.601,162.87500
25.652,162.25000
25.702,161.25000
25.753,160.87500
25.804,160.50000
25.854,159.12500
25.905,157.87500
25.956,156.87500
26.006,155.75000
26.057,153.75000
26.107,150.75000
26.158,149.37500
26.209,149.62500
26.259,151.37500
26.310,151.62500
26.361,151.00000
26.411,153.37500
26.462,154.12500
26.513,154.12500
26.563,153.25000
26.614,151.62500
26.665,149.37500
26.715,145.75000
26.766,142.75000
26.816,136.00000
26.867,124.75000
26.918,117.00000
26.968,111.37500
27.019,106.87500
27.070,104.87500
27.120,105.37500
27.171,106.50000
27.222,103.25000
27.272,89.50000
27.323,81.12500
27.374,88.50000
27.424,97.37500
27.475,104.37500
27.526,109.12500
27.576,106.25000
27.627,100.75000
27.678,99.87500
27.728,98.62500
27.779,92.50000
27.830,91.50000
27.880,90.25000
27.931,93.12500
27.982,84.50000
28.033,71.37500
28.083,40.75000
28.134,-2.25000
28.185,-26.50000
28.235,-14.87500
28.286,5.62500
28.337,14.62500
28.388,12.12500
28.438,6.62500
28.489,-3.12500
28.540,-15.12500
28.590,-16.00000
28.641,-12.25000
28.692,-9.00000
28.743,-6.00000
28.793,-5.37500
28.844,-3.12500
28.895,2.50000
28.945,10.50000
28.996,17.75000
29.047,27.50000
29.098,41.25000
29.148,49.87500
29.199,54.25000
29.250,54.87500
29.301,50.62500
29.351,43.62500
29.402,40.87500
29.453,47.12500
29.503,51.37500
29.554,53.25000
29.605,54.12500
29.656,53.25000
29.706,54.75000
29.757,58.50000
29.807,60.87500
29.858,60.37500
29.909,58.87500
29.959,62.75000
30.010,70.00000
30.061,77.75000
30.111,78.62500
30.162,78.37500
30.213,81.62500
30.263,86.25000
30.314,90.37500
30.365,91.62500
30.415,91.75000
30.466,91.87500
30.517,92.62500
30.567,94.75000
30.618,95.75000
30.668,96.12500
30.719,96.75000
30.770,97.00000
30.820,97.87500
30.871,98.00000
30.922,98.12500
30.972,97.87500
31.023,97.75000
31.074,98.50000
31.124,98.00000
31.175,98.00000
31.226,99.00000
31.276,99.25000
31.327,100.50000
31.377,100.87500
31.428,102.00000
31.479,101.25000
31.529,101.25000
31.580,101.00000
31.631,100.75000
31.681,101.37500
31.732,101.37500
31.783,101.25000
31.833,102.00000
31.884,102.00000
31.934,102.00000
31.985,101.87500
32.036,103.25000
32.086,110.50000
32.137,118.87500
32.188,120.50000
32.238,127.50000
32.289,141.87500
32.340,147.00000
32.390,149.00000
32.441,151.12500
32.492,152.87500
32.542,154.00000
32.593,154.12500
32.644,153.75000
32.694,153.25000
32.745,152.50000
32.796,152.00000
32.846,151.50000
32.897,151.12500
32.948,150.87500
32.998,150.37500
33.049,151.00000
33.099,151.25000
33.150,151.37500
33.201,151.00000
33.251,150.87500
33.302,150.75000
33.353,150.12500
33.403,151.75000
33.454,152.50000
33.505,152.87500
33.555,153.25000
33.606,153.37500
33.657,153.87500
33.707,153.50000
33.758,153.37500
33.809,153.12500
33.859,152.75000
33.910,153.25000
33.961,153.37500
34.011,154.12500
34.062,154.37500
34.113,154.87500
34.163,154.87500
34.214,154.62500
34.264,154.75000
34.315,154.62500
34.366,154.50000
34.417,154.37500
34.467,154.25000
34.518,154.50000
34.568,154.00000
34.619,154.37500
34.670,154.62500
34.720,154.87500
34.771,156.37500
34.822,155.00000
34.872,150.87500
34.923,145.00000
34.974,137.25000
35.024,132.75000
35.075,128.00000
35.125,109.75000
35.176,69.50000
35.227,45.12500
35.277,11.12500
35.328,-6.25000
35.379,-13.25000
35.429,-1.37500
35.480,35.62500
35.531,73.50000
35.581,107.62500
35.632,123.87500
35.683,138.62500
35.733,143.87500
35.784,146.25000
35.834,151.25000
35.885,153.87500
35.936,156.25000
35.986,158.37500
36.037,159.50000
36.088,159.62500
36.138,156.87500
36.189,153.12500
36.240,149.87500
36.290,146.25000
36.341,145.12500
36.392,147.75000
36.443,149.37500
36.493,149.00000
36.544,146.62500
36.595,144.62500
36.645,143.62500
36.696,142.00000
36.747,141.00000
36.797,139.12500
36.848,135.37500
36.898,131.75000
36.949,123.25000
37.000,114.25000
37.050,100.87500
37.101,87.00000
37.152,74.12500
37.202,61.37500
37.253,48.00000
37.304,43.62500
37.354,37.62500
37.405,37.37500
37.456,38.25000
37.506,53.50000
37.557,70.62500
37.607,95.00000
37.658,119.50000
37.709,138.12500
37.759,146.25000
37.810,146.25000
37.861,143.87500
37.911,142.25000
37.962,141.62500
38.013,141.75000
38.063,142.25000
38.114,141.37500
38.165,141.00000
38.215,142.12500
38.266,143.00000
38.316,143.75000
38.367,144.87500
38.418,145.00000
38.468,145.75000
38.519,146.25000
38.570,146.75000
38.620,146.37500
38.671,146.50000
38.722,146.62500
38.772,147.00000
38.823,147.25000
38.874,147.87500
38.924,149.00000
38.975,150.37500
39.025,151.00000
39.076,152.12500
39.127,152.00000
39.177,151.37500
39.228,150.87500
39.279,150.37500
39.329,150.12500
39.380,149.12500
39.431,147.62500
39.481,145.75000
39.532,144.50000
39.582,143.62500
39.633,142.37500
39.684,140.37500
39.734,138.25000
39.785,136.37500
39.836,134.87500
39.886,132.62500
39.937,130.75000
39.988,127.62500
40.038,126.25000
40.089,124.25000
40.139,122.62500
40.190,120.50000
40.241,118.37500
40.291,116.12500
40.342,113.25000
40.393,110.50000
40.443,108.00000
40.494,106.62500
40.545,105.75000
40.595,104.12500
40.646,103.50000
40.696,102.00000
40.747,100.12500
40.798,99.37500
40.848,97.37500
40.899,97.00000
40.950,98.12500
41.000,98.50000
41.051,99.12500
41.102,100.12500
41.152,100.25000
41.203,100.00000
41.253,100.25000
41.304,98.87500
41.355,85.12500
41.405,73.37500
41.456,70.50000
41.507,75.25000
41.557,92.50000
41.608,104.37500
41.659,101.37500
41.709,95.75000
41.760,96.00000
41.811,106.87500
41.861,114.37500
41.912,111.75000
41.963,112.12500
42.013,120.37500
42.064,125.50000
42.114,124.62500
42.165,122.75000
42.216,124.00000
42.266,127.75000
42.317,128.50000
42.368,129.00000
42.418,128.75000
42.469,128.75000
42.520,130.00000
42.570,130.25000
42.621,130.00000
42.672,128.50000
42.722,129.75000
42.773,131.37500
42.824,132.37500
42.874,132.75000
42.925,134.12500
42.976,135.12500
43.026,136.37500
43.077,137.75000
43.127,139.75000
43.178,140.12500
43.229,139.12500
43.279,135.00000
43.330,128.50000
43.381,127.87500
43.431,133.00000
43.482,134.75000
43.532,130.50000
43.583,124.25000
43.634,121.87500
43.684,123.25000
43.735,126.87500
43.786,127.37500
43.836,127.00000
43.887,128.62500
43.938,126.75000
43.988,125.00000
44.039,125.12500
44.089,122.87500
44.140,116.50000
44.191,115.37500
44.241,113.50000
44.292,116.37500
44.343,120.25000
44.393,121.00000
44.444,119.25000
44.495,119.87500
44.545,121.75000
44.596,123.00000
44.646,120.37500
44.697,116.00000
44.748,115.12500
44.798,116.62500
44.849,118.12500
44.900,117.25000
44.950,117.37500
45.001,120.87500
45.052,123.75000
45.102,124.62500
45.153,124.12500
45.203,124.50000
45.254,125.75000
45.305,126.37500
45.355,127.87500
45.406,129.37500
45.457,130.50000
45.507,131.62500
45.558,132.75000
45.609,136.25000
45.659,140.50000
45.710,145.75000
45.761,151.25000
45.811,154.00000
45.862,159.12500
45.913,162.75000
45.963,167.00000
46.014,166.50000
46.065,164.37500
46.115,164.50000
46.166,164.12500
46.217,162.50000
46.267,160.50000
46.318,155.62500
46.368,152.37500
46.419,151.50000
46.470,151.12500
46.520,148.12500
46.571,147.62500
46.622,147.87500
46.672,148.87500
46.723,146.00000
46.773,139.50000
46.824,139.00000
46.875,139.25000
46.925,142.87500
46.976,145.50000
47.027,141.50000
47.077,132.75000
47.128,127.75000
47.179,128.12500
47.229,128.12500
47.280,128.37500
47.331,126.75000
47.381,120.87500
47.432,114.87500
47.482,111.00000
47.533,103.75000
47.584,91.75000
47.634,72.87500
47.685,51.12500
47.736,39.75000
47.786,30.62500
47.837,33.37500
47.888,37.00000
47.938,42.12500
47.989,41.50000
48.040,35.50000
48.090,28.75000
48.141,28.62500
48.191,33.12500
48.242,55.12500
48.293,107.87500
48.343,113.37500
48.394,113.50000
48.445,114.12500
48.495,120.50000
48.546,129.62500
48.597,134.62500
48.647,134.12500
48.698,129.62500
48.748,120.62500
48.799,118.25000
48.850,116.37500
48.900,116.12500
48.951,116.87500
49.002,118.12500
49.052,121.12500
49.103,123.12500
49.154,126.62500
49.204,128.50000
49.255,132.62500
49.305,132.25000
49.356,133.00000
49.407,132.62500
49.457,131.12500
49.508,133.75000
49.559,140.62500
49.609,147.75000
49.660,154.12500
49.711,157.87500
49.761,153.00000
49.812,152.25000
49.862,153.50000
49.913,154.87500
49.964,158.87500
50.014,162.50000
50.065,160.37500
50.116,155.37500
50.166,151.62500
50.217,145.75000
50.268,135.25000
50.318,137.62500
50.369,138.25000
50.419,134.50000
50.470,119.25000
50.521,116.87500
50.571,120.50000
50.622,123.37500
50.673,125.25000
50.723,121.37500
50.774,107.87500
50.824,77.62500
50.875,61.87500
50.926,55.00000
50.976,56.75000
51.027,71.75000
51.078,92.00000
51.128,114.87500
51.179,128.37500
51.230,133.50000
51.280,132.25000
51.331,132.87500
51.381,133.75000
51.432,137.50000
51.483,136.87500
51.533,135.62500
51.584,143.25000
51.635,148.12500
51.685,139.12500
51.736,136.00000
51.787,140.25000
51.837,145.87500
51.888,154.50000
51.938,164.12500
51.989,165.87500
52.040,163.00000
52.090,159.25000
52.141,152.00000
52.192,143.87500
52.242,141.00000
52.293,139.00000
52.344,139.62500
52.394,140.87500
52.445,140.00000
52.495,137.12500
52.546,132.12500
52.597,126.75000
52.647,126.12500
52.698,129.50000
52.749,132.00000
52.799,138.62500
52.850,150.75000
52.901,161.75000
52.951,176.25000
53.002,186.87500
53.052,192.00000
53.103,192.12500
53.154,196.75000
53.205,200.12500
53.255,199.75000
53.306,197.75000
53.356,195.87500
53.407,194.37500
53.458,192.87500
53.508,190.12500
53.559,188.00000
53.610,187.37500
53.660,184.87500
53.711,182.25000
53.762,181.00000
53.812,181.12500
53.863,180.62500
53.914,180.00000
53.964,179.62500
54.015,178.75000
54.065,177.37500
54.116,177.12500
54.167,177.50000
54.217,177.62500
54.268,177.62500
54.319,177.37500
54.369,177.50000
54.420,177.25000
54.470,177.12500
54.521,177.12500
54.572,176.50000
54.622,176.50000
54.673,176.12500
54.724,175.75000
54.774,174.87500
54.825,174.75000
54.875,174.87500
54.926,175.25000
54.977,175.12500
55.027,174.87500
55.078,174.87500
55.129,174.37500
55.179,173.37500
55.230,172.25000
55.281,169.87500
55.331,166.37500
55.382,159.62500
55.432,150.62500
55.483,147.87500
55.534,148.50000
55.584,150.62500
55.635,152.50000
55.686,154.75000
55.736,157.50000
55.787,158.75000
55.837,157.87500
55.888,154.12500
55.939,150.00000
55.989,144.37500
56.040,140.75000
56.091,143.37500
56.141,147.37500
56.192,148.12500
56.242,146.87500
56.293,147.87500
56.344,149.75000
56.394,151.00000
56.445,153.87500
56.496,157.50000
56.546,159.62500
56.597,160.62500
56.647,159.87500
56.698,158.75000
56.749,158.37500
56.799,158.00000
56.850,158.12500
56.901,158.50000
56.951,159.50000
57.002,159.50000
57.052,159.50000
57.103,159.12500
57.154,158.62500
57.204,158.75000
57.255,158.75000
57.306,159.25000
57.356,158.12500
57.407,159.00000
57.458,157.75000
57.508,157.12500
57.559,156.62500
57.609,155.25000
57.660,151.37500
57.711,145.37500
57.761,142.50000
57.812,140.87500
57.863,137.12500
57.913,130.00000
57.964,102.00000
58.015,73.00000
58.065,15.12500
58.116,-16.50000
58.167,-9.87500
58.217,11.62500
58.268,30.62500
58.318,42.87500
58.369,53.37500
58.420,56.50000
58.470,61.75000
58.521,43.50000
58.572,40.00000
58.622,68.37500
58.673,126.00000
58.724,165.75000
58.774,170.75000
58.825,174.50000
58.875,177.75000
58.926,178.00000
58.977,176.12500
59.027,178.00000
59.078,178.62500
59.129,175.00000
59.179,167.00000
59.230,159.50000
59.281,159.50000
59.331,165.75000
59.382,170.25000
59.432,174.12500
59.483,174.62500
59.534,175.75000
59.584,176.50000
59.635,176.37500
59.686,175.12500
59.736,173.12500
59.787,171.37500
59.837,171.12500
59.888,171.62500
59.939,173.62500
59.989,175.62500
60.040,177.37500
60.091,179.37500
60.141,181.87500
60.192,183.25000
60.243,183.25000
60.293,183.12500
60.344,182.62500
60.394,181.50000
60.445,180.50000
60.496,180.00000
60.546,180.75000
60.597,181.37500
60.648,182.12500
60.698,182.12500
60.749,181.25000
60.800,179.50000
60.850,176.37500
60.901,167.25000
60.951,154.37500
61.002,144.12500
61.053,136.12500
61.103,118.50000
61.154,132.25000
61.205,171.50000
61.255,178.75000
61.306,178.37500
61.357,175.12500
61.407,168.62500
61.458,162.25000
61.509,159.12500
61.559,157.12500
61.610,160.12500
61.660,156.50000
61.711,148.37500
61.762,155.75000
61.812,162.37500
61.863,165.25000
61.914,171.25000
61.964,175.37500
62.015,181.00000
62.066,181.25000
62.116,180.50000
62.167,180.12500
62.218,177.25000
62.268,175.37500
62.319,173.62500
62.369,174.37500
62.420,177.00000
62.471,179.25000
62.521,179.75000
62.572,179.12500
62.623,179.12500
62.673,177.87500
62.724,175.87500
62.774,174.12500
62.825,173.25000
62.876,172.50000
62.926,171.25000
62.977,168.25000
63.028,165.12500
63.078,164.00000
63.129,165.87500
63.180,165.50000
63.230,163.62500
63.281,162.37500
63.331,161.37500
63.382,161.50000
63.433,161.50000
63.483,160.25000
63.534,158.25000
63.585,155.12500
63.635,153.25000
63.686,153.37500
63.737,154.62500
63.787,156.00000
63.838,156.62500
63.888,157.37500
63.939,157.62500
63.990,157.62500
64.040,157.37500
64.091,157.25000
64.142,157.00000
64.192,156.25000
64.243,155.62500
64.294,155.37500
64.344,155.25000
64.395,155.50000
64.446,155.25000
64.496,155.75000
64.547,156.12500
64.597,157.12500
64.648,157.25000
64.699,157.25000
64.749,156.75000
64.800,156.37500
64.851,156.37500
64.901,156.37500
64.952,156.00000
65.003,156.12500
65.053,156.25000
65.104,157.25000
65.155,157.75000
65.205,158.00000
65.256,158.37500
65.307,157.75000
65.357,157.50000
65.408,156.62500
65.458,156.00000
65.509,155.37500
65.560,154.37500
65.610,153.25000
65.661,152.00000
65.712,150.87500
65.762,150.00000
65.813,148.87500
65.864,147.75000
65.914,146.25000
65.965,143.75000
66.016,142.37500
66.066,141.37500
66.117,140.87500
66.167,140.00000
66.218,139.50000
66.269,138.75000
66.319,137.25000
66.370,136.25000
66.421,135.87500
66.471,135.87500
66.522,135.50000
66.572,136.00000
66.623,136.62500
66.674,138.12500
66.724,139.75000
66.775,140.62500
66.826,141.62500
66.876,143.00000
66.927,143.75000
66.978,143.00000
67.028,142.75000
67.079,144.37500
67.130,145.75000
67.180,146.62500
67.231,146.87500
67.281,147.12500
67.332,147.62500
67.383,147.62500
67.433,147.25000
67.484,147.12500
67.535,147.25000
67.585,147.50000
67.636,147.62500
67.687,147.50000
67.737,147.87500
67.788,148.12500
67.838,148.75000
67.889,148.75000
67.940,148.25000
67.990,148.37500
68.041,148.50000
68.092,148.62500
68.142,148.62500
68.193,149.00000
68.244,148.75000
68.294,148.62500
68.345,148.87500
68.395,148.87500
68.446,149.00000
68.497,148.87500
68.547,148.50000
68.598,148.12500
68.649,148.00000
68.699,148.00000
68.750,147.87500
68.800,147.50000
68.851,147.50000
68.902,146.87500
68.952,146.87500
69.003,146.37500
69.054,146.37500
69.104,146.12500
69.155,146.25000
69.206,146.25000
69.256,145.75000
69.307,146.00000
69.358,146.12500
69.408,146.25000
69.459,146.12500
69.510,145.75000
69.560,145.50000
69.611,145.25000
69.661,144.62500
69.712,144.37500
69.763,143.87500
69.813,143.87500
69.864,143.25000
69.915,142.87500
69.965,143.00000
70.016,143.50000
70.067,143.37500
70.117,143.00000
70.168,143.00000
70.219,143.12500
70.269,143.12500
70.320,142.62500
70.370,142.25000
70.421,142.37500
70.472,142.12500
70.522,141.75000
70.573,141.62500
70.624,141.37500
70.674,141.75000
70.725,141.75000
70.775,142.00000
70.826,141.75000
70.877,141.75000
70.927,142.00000
70.978,142.12500
71.029,142.37500
71.079,142.00000
71.130,142.00000
71.181,141.62500
71.231,141.37500
71.282,141.25000
71.332,141.12500
71.383,141.75000
71.434,142.00000
71.484,142.00000
71.535,142.37500
71.586,142.75000
71.636,142.62500
71.687,142.25000
71.738,142.00000
71.788,142.12500
71.839,141.62500
71.889,141.75000
71.940,141.75000
71.991,141.87500
72.041,141.50000
72.092,141.62500
72.143,141.62500
72.193,141.37500
72.244,141.25000
72.295,141.12500
72.345,141.12500
72.396,141.37500
72.447,141.25000
72.497,141.50000
72.548,141.50000
72.598,141.50000
72.649,141.50000
72.700,141.62500
72.750,142.50000
72.801,142.87500
72.852,143.50000
72.902,143.87500
72.953,144.37500
73.004,144.62500
73.054,144.87500
73.105,145.00000
73.156,144.87500
73.206,144.50000
73.257,144.50000
73.308,144.12500
73.358,144.12500
73.409,144.12500
73.459,143.87500
73.510,144.12500
73.561,144.00000
73.611,144.37500
73.662,144.50000
73.713,144.00000
73.763,144.00000
73.814,143.75000
73.865,143.50000
73.915,143.25000
73.966,143.00000
74.017,142.62500
74.067,142.62500
74.118,142.75000
74.169,142.37500
74.219,142.50000
74.270,142.50000
74.320,142.25000
74.371,142.25000
74.422,141.75000
74.472,141.62500
74.523,141.37500
74.574,141.25000
74.624,141.37500
74.675,141.25000
74.725,141.25000
74.776,141.12500
74.827,140.87500
74.877,140.75000
74.928,140.87500
74.979,140.87500
75.029,140.62500
75.080,140.87500
75.131,140.75000
75.181,140.50000
75.232,140.87500
75.282,140.75000
75.333,140.62500
75.384,140.50000
75.434,140.37500
75.485,140.12500
75.536,139.75000
75.586,139.12500
75.637,138.62500
75.687,137.75000
75.738,137.25000
75.789,136.75000
75.839,136.62500
75.890,136.37500
75.941,136.25000
75.991,136.00000
76.042,136.12500
76.093,136.37500
76.143,136.25000
76.194,136.37500
76.245,136.37500
76.295,136.25000
76.346,136.25000
76.397,136.00000
76.447,135.87500
76.498,135.62500
76.548,135.62500
76.599,135.25000
76.650,134.75000
76.700,134.12500
76.751,132.37500
76.802,128.62500
76.852,124.25000
76.903,118.12500
76.954,115.62500
77.004,113.50000
77.055,114.25000
77.106,118.62500
77.156,127.50000
77.207,133.37500
77.257,135.25000
77.308,134.37500
77.359,133.12500
77.409,133.00000
77.460,133.25000
77.511,133.75000
77.561,134.00000
77.612,133.75000
77.662,133.37500
77.713,133.37500
77.764,133.12500
77.814,133.50000
77.865,133.00000
77.916,132.87500
77.966,132.37500
78.017,132.12500
78.068,131.75000
78.118,131.12500
78.169,131.00000
78.220,130.62500
78.270,130.25000
78.321,130.25000
78.371,130.37500
78.422,130.37500
78.473,130.50000
78.523,130.75000
78.574,130.87500
78.625,130.75000
78.675,130.75000
78.726,132.62500
78.777,135.50000
78.827,138.87500
78.878,139.37500
78.928,134.12500
78.979,126.00000
79.030,118.12500
79.080,119.37500
79.131,122.75000
79.182,130.75000
79.232,136.12500
79.283,129.37500
79.334,125.37500
79.384,120.12500
79.435,126.75000
79.486,124.62500
79.536,128.00000
79.587,128.37500
79.637,128.12500
79.688,128.25000
79.739,125.62500
79.789,120.25000
79.840,115.50000
79.891,120.75000
79.941,122.12500
79.992,123.25000
80.043,125.75000
80.093,127.75000
80.144,123.50000
80.194,120.75000
80.245,121.00000
80.296,123.62500
80.346,126.00000
80.397,125.37500
80.448,121.37500
80.498,116.12500
80.549,113.50000
80.600,114.12500
80.650,119.00000
80.701,122.00000
80.752,124.12500
80.802,122.62500
80.853,119.50000
80.904,117.62500
80.954,115.00000
81.005,113.25000
81.056,112.12500
81.106,112.12500
81.157,113.50000
81.207,113.75000
81.258,114.25000
81.309,114.50000
81.359,114.75000
81.410,114.87500
81.461,113.87500
81.511,113.00000
81.562,113.75000
81.613,114.50000
81.663,117.12500
81.714,119.62500
81.765,120.50000
81.815,120.12500
81.866,119.50000
81.917,118.50000
81.967,118.25000
82.018,118.75000
82.068,119.25000
82.119,120.75000
82.170,121.25000
82.220,122.00000
82.271,122.37500
82.322,122.37500
82.372,123.00000
82.423,122.62500
82.474,122.62500
82.524,122.75000
82.575,123.25000
82.626,124.50000
82.676,125.50000
82.727,126.25000
82.777,126.75000
82.828,127.87500
82.879,128.62500
82.929,129.75000
82.980,130.12500
83.031,129.37500
83.081,126.50000
83.132,126.12500
83.183,126.75000
83.233,126.87500
83.284,126.25000
83.335,125.87500
83.385,125.12500
83.436,124.37500
83.486,124.12500
83.537,123.50000
83.588,123.87500
83.638,123.50000
83.689,122.87500
83.740,123.25000
83.790,123.50000
83.841,123.75000
83.892,123.62500
83.942,123.62500
83.993,123.75000
84.043,123.37500
84.094,122.75000
84.145,122.75000
84.195,123.00000
84.246,123.12500
84.297,123.25000
84.347,123.37500
84.398,123.12500
84.449,123.37500
84.499,123.12500
84.550,122.87500
84.600,123.12500
84.651,123.25000
84.702,122.12500
84.752,120.87500
84.803,120.25000
84.854,120.37500
84.904,119.75000
84.955,120.75000
85.006,121.00000
85.056,121.87500
85.107,121.62500
85.158,121.25000
85.208,121.00000
85.259,121.25000
85.310,122.00000
85.360,122.75000
85.411,123.12500
85.461,123.87500
85.512,123.87500
85.563,124.25000
85.613,124.12500
85.664,124.50000
85.715,124.87500
85.765,125.00000
85.816,125.25000
85.867,125.00000
85.917,125.37500
85.968,125.37500
86.018,125.12500
86.069,125.12500
86.120,124.87500
86.170,124.00000
86.221,123.75000
86.272,123.62500
86.322,123.75000
86.373,123.50000
86.424,123.37500
86.474,122.37500
86.525,122.25000
86.575,121.12500
86.626,121.87500
86.677,122.25000
86.727,122.12500
86.778,122.37500
86.829,122.37500
86.879,122.12500
86.930,121.87500
86.980,121.50000
87.031,121.25000
87.082,120.87500
87.132,119.75000
87.183,119.00000
87.234,119.00000
87.284,119.37500
87.335,118.62500
87.386,115.50000
87.436,114.25000
87.487,112.50000
87.537,111.00000
87.588,109.62500
87.639,109.25000
87.689,109.50000
87.740,108.87500
87.791,108.00000
87.841,108.75000
87.892,110.25000
87.943,111.50000
87.993,111.62500
88.044,111.50000
88.095,110.37500
88.145,109.37500
88.196,108.62500
88.246,108.62500
88.297,109.37500
88.348,109.25000
88.398,109.50000
88.449,109.50000
88.500,109.87500
88.550,110.75000
88.601,111.00000
88.651,111.62500
88.702,112.25000
88.753,112.62500
88.803,113.62500
88.854,114.12500
88.905,114.62500
88.955,114.75000
89.006,115.00000
89.057,115.25000
89.107,114.62500
89.158,115.12500
89.209,114.87500
89.259,115.12500
89.310,114.50000
89.360,113.37500
89.411,112.75000
89.462,112.12500
89.512,112.00000
89.563,112.12500
89.614,112.25000
89.664,112.87500
89.715,111.87500
89.766,109.00000
89.816,105.50000
89.867,104.25000
89.918,102.75000
89.968,100.25000
90.019,99.50000
90.069,100.12500
90.120,101.12500
90.171,101.62500
90.221,101.00000
90.272,101.12500
90.323,100.25000
90.373,100.50000
90.424,102.37500
90.475,103.12500
90.525,103.12500
90.576,100.12500
90.627,98.75000
90.677,98.62500
90.728,98.75000
90.778,98.50000
90.829,97.62500
90.880,96.37500
90.930,97.25000
90.981,100.75000
91.032,109.12500
91.082,116.50000
91.133,120.75000
91.184,118.75000
91.234,115.00000
91.285,114.37500
91.336,115.62500
91.386,117.25000
91.437,119.25000
91.488,120.87500
91.538,122.25000
91.589,121.25000
91.639,120.50000
91.690,121.87500
91.741,125.75000
91.791,127.00000
91.842,127.25000
91.893,124.87500
91.943,123.87500
91.994,124.00000
92.045,122.37500
92.095,121.25000
92.146,120.25000
92.197,119.50000
92.247,121.25000
92.298,119.62500
92.349,111.37500
92.399,111.00000
92.450,114.25000
92.501,120.50000
92.551,123.62500
92.602,115.00000
92.653,108.87500
92.703,101.00000
92.754,99.75000
92.805,110.00000
92.855,108.25000
92.906,97.75000
92.957,91.62500
93.007,93.87500
93.058,111.25000
93.109,118.12500
93.159,116.37500
93.210,110.75000
93.261,102.50000
93.311,103.62500
93.362,120.00000
93.413,123.75000
93.463,118.50000
93.514,113.62500
93.565,110.12500
93.615,116.75000
93.666,121.12500
93.717,118.37500
93.767,114.87500
93.818,111.00000
93.869,114.87500
93.919,117.75000
93.970,114.50000
94.021,110.87500
94.071,112.37500
94.122,119.50000
94.173,121.62500
94.223,118.12500
94.274,115.25000
94.325,116.25000
94.375,113.00000
94.426,106.75000
94.477,104.62500
94.527,107.25000
94.578,109.00000
94.629,108.37500
94.679,109.12500
94.730,111.37500
94.781,113.25000
94.831,115.25000
94.882,116.50000
94.933,116.75000
94.983,112.87500
95.034,110.62500
95.085,113.50000
95.135,118.37500
95.186,122.25000
95.237,119.75000
95.288,116.00000
95.338,115.12500
95.389,116.87500
95.440,120.62500
95.490,119.12500
95.541,115.00000
95.592,116.12500
95.643,117.50000
95.693,120.50000
95.744,122.25000
95.795,118.87500
95.845,111.50000
95.896,108.87500
95.947,111.00000
95.998,114.87500
96.048,116.87500
96.099,117.00000
96.150,116.62500
96.200,116.62500
96.251,118.12500
96.302,119.62500
96.352,121.62500
96.403,123.50000
96.454,124.25000
96.505,124.62500
96.555,122.62500
96.606,119.50000
96.657,119.25000
96.707,118.37500
96.758,117.00000
96.809,116.25000
96.860,117.00000
96.910,117.87500
96.961,118.12500
97.012,117.50000
97.062,117.87500
97.113,118.00000
97.164,118.75000
97.215,118.87500
97.265,119.75000
97.316,119.75000
97.367,119.00000
97.417,118.37500
97.468,118.12500
97.519,118.50000
97.570,119.00000
97.620,118.87500
97.671,118.87500
97.722,118.62500
97.773,118.62500
97.823,118.75000
97.874,119.12500
97.925,119.12500
97.975,119.37500
98.026,119.12500
98.077,118.25000
98.128,117.75000
98.178,116.37500
98.229,115.50000
98.280,115.62500
98.331,115.87500
98.381,116.25000
98.432,116.25000
98.483,117.25000
98.533,117.25000
98.584,117.12500
98.635,117.37500
98.686,117.37500
98.736,117.50000
98.787,117.75000
98.838,117.62500
98.889,117.87500
98.939,117.37500
98.990,117.12500
99.041,116.50000
99.091,116.50000
99.142,116.25000
99.193,116.12500
99.244,116.12500
99.294,116.12500
99.345,116.37500
99.396,116.25000
99.447,116.62500
99.497,117.00000
99.548,116.37500
99.599,116.37500
99.649,116.12500
99.700,115.37500
99.751,114.25000
99.802,114.37500
99.853,115.50000
99.903,115.87500
99.954,116.50000
100.005,117.25000
100.055,118.87500
100.106,119.37500
100.157,119.00000
100.208,119.00000
100.258,119.00000
100.309,119.12500
100.359,119.25000
100.410,118.37500
100.461,118.00000
100.511,117.37500
100.562,117.25000
100.613,116.87500
100.663,116.62500
100.714,117.00000
100.765,117.12500
100.815,117.62500
100.866,117.75000
100.917,117.50000
100.967,117.50000
101.018,116.75000
101.068,116.87500
101.119,116.75000
101.170,116.37500
101.220,116.25000
101.271,116.00000
101.322,116.25000
101.372,115.87500
101.423,116.50000
101.473,116.75000
101.524,117.25000
101.575,117.87500
101.625,118.25000
101.676,119.12500
101.727,119.75000
101.777,120.62500
101.828,121.12500
101.879,121.25000
101.929,121.37500
101.980,119.75000
102.030,115.37500
102.081,110.12500
102.132,99.87500
102.182,90.62500
102.233,93.25000
102.284,95.87500
102.334,101.62500
102.385,101.00000
102.435,106.62500
102.486,108.62500
102.537,108.87500
102.587,107.25000
102.638,101.87500
102.689,97.37500
102.739,90.00000
102.790,75.75000
102.841,59.37500
102.891,42.62500
102.942,32.00000
102.992,26.25000
103.043,25.25000
103.094,25.12500
103.144,24.37500
103.195,19.87500
103.246,11.75000
103.296,-4.25000
103.347,-27.37500
103.398,-55.12500
103.448,-66.50000
103.499,-73.87500
103.549,-73.00000
103.600,-71.87500
103.651,-67.75000
103.701,-63.87500
103.752,-51.37500
103.803,-38.00000
103.853,-36.00000
103.904,-35.87500
103.955,-20.37500
104.005,9.50000
104.056,29.37500
104.106,38.87500
104.157,39.62500
104.208,30.75000
104.258,30.50000
104.309,46.37500
104.360,60.75000
104.410,57.75000
104.461,39.25000
104.511,18.62500
104.562,10.00000
104.613,26.12500
104.663,58.62500
104.714,54.25000
104.765,16.25000
104.815,-53.87500
104.866,-149.50000
104.917,-257.50000
104.967,-362.00000
105.018,-230.62500
105.068,-98.87500
105.119,-54.12500
105.170,-44.25000
105.220,-23.00000
105.271,-6.75000
105.322,-5.75000
105.372,-0.75000
105.423,-1.12500
105.474,-2.25000
105.524,-5.25000
105.575,-10.00000
105.625,-3.62500
105.676,-0.87500
105.727,3.50000
105.777,8.37500
105.828,18.00000
105.879,36.37500
105.929,49.75000
105.980,54.62500
106.031,49.62500
106.081,44.37500
106.132,41.62500
106.182,37.87500
106.233,36.62500
106.284,37.62500
106.334,40.00000
106.385,40.62500
106.436,40.87500
106.486,41.50000
106.537,42.50000
106.588,42.37500
106.638,43.87500
106.689,45.00000
106.739,46.37500
106.790,47.50000
106.841,47.37500
106.891,47.62500
106.942,47.25000
106.993,47.25000
107.043,48.25000
107.094,48.12500
107.145,47.50000
107.195,46.50000
107.246,47.37500
107.296,47.75000
107.347,49.12500
107.398,50.25000
107.448,50.25000
107.499,50.00000
107.550,49.62500
107.600,49.37500
107.651,49.00000
107.701,47.87500
107.752,47.87500
107.803,48.50000
107.853,50.50000
107.904,51.25000
107.955,50.75000
108.005,51.00000
108.056,49.62500
108.107,49.00000
108.157,47.37500
108.208,46.87500
108.258,46.87500
108.309,47.00000
108.360,47.50000
108.410,46.87500
108.461,46.12500
108.512,45.87500
108.562,45.00000
108.613,44.87500
108.663,44.75000
108.714,45.87500
108.765,46.62500
108.815,46.62500
108.866,46.62500
108.917,46.37500
108.967,46.62500
109.018,47.00000
109.069,47.25000
109.119,47.87500
109.170,47.50000
109.221,48.00000
109.271,47.62500
109.322,47.87500
109.372,48.25000
109.423,48.25000
109.474,48.62500
109.524,48.50000
109.575,48.50000
109.626,48.50000
109.676,48.25000
109.727,48.75000
109.778,48.87500
109.828,49.25000
109.879,49.12500
109.929,48.87500
109.980,49.37500
110.031,49.37500
110.081,49.75000
110.132,49.62500
110.183,49.75000
110.233,50.00000
110.284,49.62500
110.335,50.00000
110.385,50.25000
110.436,49.87500
110.486,50.25000
110.537,50.00000
110.588,50.37500
110.638,50.37500
110.689,50.37500
110.740,50.37500
110.790,50.50000
110.841,50.87500
110.891,50.75000
110.942,50.75000
110.993,51.00000
111.043,50.75000
111.094,51.25000
111.145,51.25000
111.195,51.87500
111.246,51.62500
111.297,51.75000
111.347,51.87500
111.399,51.87500
111.449,52.00000
111.500,51.87500
111.551,52.00000
111.601,52.25000
111.652,52.00000
111.703,52.25000
111.753,52.00000
111.804,52.62500
111.855,52.50000
111.905,53.00000
111.956,53.50000
112.007,53.37500
112.057,53.62500
112.108,54.12500
112.158,54.62500
112.209,55.50000
112.260,55.62500
112.310,56.12500
112.361,55.87500
112.412,55.75000
112.462,56.25000
112.513,56.12500
112.563,56.62500
112.614,56.25000
112.665,56.62500
112.715,56.50000
112.766,56.37500
112.817,56.37500
112.867,56.12500
112.918,56.25000
112.968,56.37500
113.019,55.75000
113.070,56.00000
113.120,55.00000
113.171,54.87500
113.222,54.12500
113.272,54.25000
113.323,53.87500
113.374,54.00000
113.424,54.37500
113.475,54.25000
113.526,54.50000
113.576,54.50000
113.627,54.50000
113.677,55.00000
113.728,54.62500
113.779,55.12500
113.829,54.75000
113.880,54.25000
113.931,54.50000
113.981,54.37500
114.032,54.87500
114.083,55.00000
114.133,55.00000
114.184,55.12500
114.234,54.87500
114.285,55.12500
114.336,54.62500
114.386,54.87500
114.437,55.25000
114.488,54.62500
114.538,54.87500
114.589,54.62500
114.639,54.75000
114.690,54.50000
114.741,54.62500
114.791,54.62500
114.842,54.62500
114.893,55.25000
114.943,55.00000
114.994,55.37500
115.045,55.75000
115.095,55.62500
115.146,56.25000
115.197,55.75000
115.247,56.25000
115.298,56.12500
115.349,56.25000
115.399,56.75000
115.450,56.62500
115.500,56.62500
115.551,56.50000
115.602,56.37500
115.652,56.62500
115.703,56.50000
115.754,57.12500
115.804,56.50000
115.855,56.75000
115.905,56.87500
115.956,56.37500
116.007,56.62500
116.057,55.87500
116.108,56.00000
116.159,56.12500
116.209,56.25000
116.260,56.50000
116.311,56.25000
116.361,56.00000
116.412,56.25000
116.462,56.25000
116.513,57.00000
116.564,56.62500
116.614,57.00000
116.665,56.75000
116.716,57.12500
116.766,57.50000
116.817,57.37500
116.868,57.62500
116.918,57.50000
116.969,57.62500
117.020,57.87500
117.070,57.87500
117.121,58.25000
117.172,58.12500
117.222,58.50000
117.273,58.75000
117.323,59.00000
117.374,59.37500
117.425,59.37500
117.475,59.25000
117.526,59.12500
117.577,59.12500
117.627,59.62500
117.678,59.37500
117.729,59.87500
117.779,59.62500
117.830,59.50000
117.880,59.62500
117.931,59.12500
117.982,59.75000
118.032,59.37500
118.083,59.75000
118.134,59.50000
118.184,59.25000
118.235,59.37500
118.286,59.00000
118.336,59.37500
118.387,59.75000
118.438,59.75000
118.488,59.87500
118.539,59.37500
118.589,59.25000
118.640,58.37500
118.691,58.12500
118.741,57.37500
118.792,57.25000
118.843,57.62500
118.893,58.00000
118.944,58.37500
118.994,58.75000
119.045,59.12500
119.096,59.75000
119.146,59.62500
119.197,60.25000
119.248,60.12500
119.298,59.87500
119.349,60.37500
119.400,59.87500
119.450,59.37500
119.501,58.50000
119.551,57.75000
119.602,57.87500
119.653,57.62500
119.703,57.87500
119.754,58.25000
119.805,58.12500
119.855,57.87500
119.906,56.62500
119.957,56.75000
120.007,57.62500
120.058,58.62500
120.108,60.25000
120.159,59.75000
120.210,58.00000
120.260,56.50000
120.311,56.00000
120.362,55.75000
120.412,54.75000
120.463,54.87500
120.513,53.25000
120.564,51.75000
120.615,54.37500
120.665,60.37500
120.716,65.00000
120.767,68.25000
120.817,69.75000
120.868,70.37500
120.919,73.12500
120.969,74.37500
121.020,74.37500
121.071,75.12500
121.121,76.37500
121.172,77.50000
121.222,79.25000
121.273,79.50000
121.324,77.37500
121.374,74.12500
121.425,72.87500
121.476,71.75000
121.526,71.25000
121.577,72.37500
121.628,70.87500
121.678,70.25000
121.729,70.62500
121.779,70.12500
121.830,70.75000
121.881,70.62500
121.931,71.87500
121.982,72.75000
122.033,74.25000
122.083,75.12500
122.134,76.25000
122.185,76.37500
122.235,76.12500
122.286,75.75000
122.337,75.25000
122.387,74.62500
122.438,74.00000
122.488,72.75000
122.539,73.25000
122.590,72.50000
122.640,72.62500
122.691,73.25000
122.742,73.50000
122.792,73.75000
122.843,74.75000
122.894,76.62500
122.944,78.62500
122.995,80.12500
123.046,81.62500
123.096,81.62500
123.147,81.12500
123.198,80.12500
123.248,78.50000
123.299,76.75000
123.349,76.12500
123.400,76.75000
123.451,77.37500
123.501,77.37500
123.552,77.50000
123.603,76.37500
123.653,74.50000
123.704,73.50000
123.755,76.50000
123.805,82.00000
123.856,88.12500
123.907,94.12500
123.957,96.37500
124.008,95.00000
124.059,91.75000
124.109,88.62500
124.160,83.37500
124.210,78.12500
124.261,73.75000
124.312,67.12500
124.362,54.87500
124.413,33.37500
124.464,11.25000
124.514,-9.25000
124.565,-26.12500
124.615,-22.50000
124.666,-14.87500
124.717,-15.87500
124.767,-14.37500
124.818,-6.87500
124.869,5.25000
124.919,9.87500
124.970,11.75000
125.021,9.87500
125.071,3.37500
125.122,-0.87500
125.173,-5.50000
125.223,-8.00000
125.274,-9.87500
125.324,-5.00000
125.375,2.00000
125.426,9.37500
125.476,9.62500
125.527,4.87500
125.578,1.62500
125.628,-1.50000
125.679,-11.00000
125.730,-23.50000
125.780,-37.25000
125.831,-44.37500
125.881,-45.87500
125.932,-43.12500
125.983,-34.12500
126.033,-27.75000
126.084,-27.37500
126.135,-31.87500
126.185,-25.62500
126.236,-17.00000
126.287,-16.62500
126.337,-16.12500
126.388,-17.25000
126.439,-16.37500
126.489,-4.87500
126.540,25.25000
126.590,38.50000
126.641,36.00000
126.692,35.62500
126.743,35.50000
126.793,39.37500
126.844,47.00000
126.894,48.12500
126.945,45.25000
126.996,44.50000
127.046,45.25000
127.097,44.75000
127.148,44.37500
127.198,47.62500
127.249,52.25000
127.300,55.75000
127.350,58.75000
127.401,60.50000
127.452,61.00000
127.502,60.25000
127.553,60.25000
127.603,60.75000
127.654,61.12500
127.705,61.12500
127.755,60.25000
127.807,59.12500
127.857,59.25000
127.908,61.25000
127.959,62.50000
128.009,59.37500
128.060,56.25000
128.111,51.50000
128.161,49.37500
128.212,47.75000
128.262,46.87500
128.313,48.75000
128.364,52.00000
128.414,56.12500
128.465,62.37500
128.516,65.12500
128.566,68.62500
128.617,69.87500
128.667,73.50000
128.718,77.25000
128.769,78.62500
128.819,78.62500
128.870,76.75000
128.921,76.00000
128.971,75.50000
129.022,75.25000
129.073,75.37500
129.123,74.75000
129.174,75.50000
129.225,75.50000
129.275,75.12500
129.326,74.75000
129.376,73.37500
129.427,73.25000
129.478,73.12500
129.528,73.62500
129.579,74.25000
129.630,74.37500
129.680,74.50000
129.731,73.62500
129.782,73.00000
129.832,72.62500
129.883,71.62500
129.933,71.62500
129.984,70.87500
130.035,71.37500
130.085,70.62500
130.136,69.50000
130.187,68.87500
130.237,69.37500
130.288,71.37500
130.339,72.50000
130.390,72.12500
130.440,72.37500
130.491,71.75000
130.542,71.00000
130.592,68.87500
130.643,68.37500
130.694,67.37500
130.744,67.00000
130.795,66.87500
130.846,65.87500
130.896,64.37500
130.947,63.12500
130.998,64.62500
131.049,67.25000
131.099,67.25000
131.150,67.62500
131.201,67.87500
131.251,69.12500
131.302,69.25000
131.353,69.50000
131.404,70.37500
131.454,70.87500
131.505,71.25000
131.556,72.25000
131.606,74.12500
131.657,75.50000
131.708,73.62500
131.759,71.50000
131.809,69.00000
131.860,69.75000
131.911,71.12500
131.961,71.75000
132.012,74.25000
132.063,75.50000
132.114,75.75000
132.164,73.62500
132.215,71.50000
132.266,72.12500
132.316,72.12500
132.367,72.62500
132.418,73.25000
132.469,74.87500
132.519,75.12500
132.570,74.37500
132.621,74.25000
132.671,74.75000
132.722,75.12500
132.773,75.12500
132.824,74.37500
132.874,73.75000
132.925,72.25000
132.976,72.12500
133.026,71.62500
133.077,72.12500
133.128,72.12500
133.179,72.50000
133.229,72.50000
133.280,72.00000
133.331,72.37500
133.381,72.87500
133.432,72.75000
133.483,73.25000
133.534,72.87500
133.584,73.37500
133.635,73.50000
133.686,74.00000
133.736,73.87500
133.787,73.62500
133.838,73.62500
133.889,73.62500
133.939,73.50000
133.990,73.87500
134.041,73.62500
134.091,73.87500
134.142,73.50000
134.193,74.25000
134.244,75.12500
134.294,76.37500
134.345,76.50000
134.396,75.75000
134.446,75.00000
134.497,72.62500
134.548,69.25000
134.598,66.00000
134.649,64.37500
134.700,66.62500
134.751,68.50000
134.801,72.75000
134.852,75.75000
134.903,77.75000
134.953,79.25000
135.004,80.37500
135.055,81.25000
135.106,83.37500
135.156,85.37500
135.207,86.25000
135.258,85.50000
135.308,84.50000
135.359,83.37500
135.410,84.00000
135.460,84.62500
135.511,84.75000
135.562,84.50000
135.613,83.87500
135.663,83.87500
135.714,83.50000
135.765,83.50000
135.815,83.75000
135.866,83.87500
135.917,84.37500
135.968,84.12500
136.018,84.50000
136.069,84.12500
136.120,84.12500
136.170,84.25000
136.221,84.00000
136.272,84.25000
136.323,84.37500
136.373,84.12500
136.424,84.37500
136.475,84.00000
136.525,84.25000
136.576,83.87500
136.627,84.25000
136.677,83.87500
136.728,84.00000
136.779,84.12500
136.830,83.87500
136.880,84.12500
136.931,84.12500
136.982,84.25000
137.032,84.62500
137.083,84.37500
137.134,84.50000
137.185,83.75000
137.235,84.00000
137.286,83.62500
137.337,82.87500
137.387,82.12500
137.438,80.25000
137.489,78.87500
137.540,78.87500
137.590,79.25000
137.641,78.50000
137.692,76.25000
137.742,74.25000
137.793,72.12500
137.844,72.00000
137.894,71.62500
137.945,72.00000
137.996,73.87500
138.047,75.25000
138.097,77.12500
138.148,78.62500
138.199,80.50000
138.249,84.25000
138.300,86.50000
138.351,89.87500
138.402,91.12500
138.452,91.75000
138.503,89.75000
138.554,87.37500
138.604,86.25000
138.655,85.75000
138.706,85.87500
138.757,85.12500
138.807,85.12500
138.858,85.12500
138.909,84.50000
138.959,84.25000
139.010,82.87500
139.061,82.37500
139.112,81.50000
139.162,80.75000
139.213,80.00000
139.264,78.62500
139.314,78.37500
139.365,78.37500
139.416,78.25000
139.466,79.25000
139.517,79.37500
139.568,79.75000
139.619,79.37500
139.669,79.00000
139.720,78.25000
139.771,79.50000
139.821,81.12500
139.872,82.00000
139.923,82.37500
139.974,82.50000
140.024,82.37500
140.075,81.75000
140.126,78.37500
140.176,76.37500
140.227,74.75000
140.278,75.12500
140.329,75.75000
140.379,76.62500
140.430,77.50000
140.481,77.75000
140.531,77.50000
140.582,77.00000
140.633,76.62500
140.684,76.62500
140.734,75.87500
140.785,76.37500
140.836,76.37500
140.886,76.50000
140.937,76.75000
140.988,76.37500
141.038,76.37500
141.089,76.00000
141.140,76.25000
141.191,76.50000
141.241,76.75000
141.292,77.12500
141.343,77.12500
141.393,77.50000
141.444,76.87500
141.495,76.87500
141.546,76.75000
141.596,76.50000
141.647,76.62500
141.698,76.50000
141.748,76.62500
141.799,76.75000
141.850,76.62500
141.901,76.87500
141.951,76.50000
142.002,76.75000
142.053,76.37500
142.103,76.62500
142.154,76.75000
142.205,76.25000
142.256,76.62500
142.306,76.25000
142.357,76.12500
142.408,76.25000
142.458,75.75000
142.509,76.00000
142.560,75.50000
142.610,75.62500
142.661,75.50000
142.712,75.75000
142.763,75.87500
142.813,75.75000
142.864,75.75000
142.915,75.62500
142.965,75.37500
143.016,75.50000
143.067,75.37500
143.118,75.75000
143.168,75.37500
143.219,75.87500
143.270,75.62500
143.320,75.75000
143.371,76.00000
143.422,75.37500
143.473,75.50000
143.523,75.62500
143.574,75.62500
143.625,75.62500
143.675,75.25000
143.726,75.75000
143.777,75.37500
143.828,75.50000
143.878,75.12500
143.929,75.12500
143.980,75.50000
144.030,75.00000
144.081,75.37500
144.132,75.50000
144.182,75.37500
144.233,75.75000
144.285,75.37500
144.335,75.75000
144.386,75.50000
144.437,75.75000
144.487,75.50000
144.538,75.50000
144.589,75.50000
144.639,75.25000
144.690,75.37500
144.741,76.12500
144.791,76.50000
144.842,76.87500
144.893,76.37500
144.943,76.37500
144.994,75.50000
145.045,75.37500
145.095,75.00000
145.146,75.12500
145.197,75.25000
145.248,75.62500
145.298,76.00000
145.349,76.00000
145.400,75.75000
145.450,75.75000
145.501,75.37500
145.552,76.00000
145.603,75.62500
145.653,76.00000
145.704,75.87500
145.755,75.75000
145.805,75.75000
145.856,75.50000
145.907,75.50000
145.958,75.37500
146.008,74.75000
146.059,75.12500
146.110,75.00000
146.160,75.75000
146.211,75.62500
146.262,75.75000
146.312,75.62500
146.363,75.50000
146.414,75.62500
146.465,75.25000
146.515,75.25000
146.566,75.00000
146.617,75.00000
146.667,75.37500
146.718,75.00000
146.769,75.12500
146.820,75.00000
146.870,75.37500
146.921,75.12500
146.972,75.12500
147.022,75.25000
147.073,74.87500
147.124,75.37500
147.175,75.25000
147.225,75.12500
147.276,75.25000
147.327,74.75000
147.377,74.87500
147.428,74.37500
147.479,74.50000
147.529,74.50000
147.580,74.50000
147.631,74.62500
147.682,74.25000
147.732,74.12500
147.783,74.00000
147.834,73.75000
147.884,74.00000
147.935,73.75000
147.986,74.25000
148.036,74.00000
148.087,74.50000
148.138,74.25000
148.188,74.00000
148.239,74.62500
148.290,74.50000
148.340,74.37500
148.391,74.37500
148.441,73.87500
148.492,74.25000
148.543,73.50000
148.593,74.00000
148.644,74.25000
148.695,73.87500
148.745,74.12500
148.796,73.62500
148.847,74.00000
148.897,73.62500
148.948,73.62500
148.999,73.62500
149.049,73.50000
149.100,73.75000
149.150,73.37500
149.201,73.12500
149.252,73.75000
149.302,73.12500
149.353,73.87500
149.404,73.25000
149.454,73.50000
149.505,73.37500
149.556,73.25000
149.606,73.50000
149.657,73.37500
149.708,73.37500
149.758,73.25000
149.809,73.12500
149.860,73.37500
149.910,72.87500
149.961,73.25000
150.012,72.75000
150.062,72.75000
150.113,72.75000
150.164,72.87500
150.214,73.12500
150.265,72.75000
150.315,72.87500
150.366,72.87500
150.417,72.87500
150.467,73.12500
150.518,72.87500
150.569,73.25000
150.619,72.87500
150.670,72.62500
150.721,73.12500
150.771,72.62500
150.822,73.25000
150.873,73.00000
150.923,73.00000
150.974,73.12500
151.025,72.87500
151.075,73.25000
151.126,72.62500
151.177,72.87500
151.227,73.12500
151.278,72.75000
151.328,73.00000
151.379,72.62500
151.430,72.62500
151.480,72.37500
151.531,72.50000
151.582,72.37500
151.632,72.37500
151.683,72.37500
151.734,72.12500
151.784,72.12500
151.835,72.12500
151.886,71.87500
151.936,72.50000
151.987,72.25000
152.038,72.62500
152.088,72.50000
152.139,72.37500
152.190,72.50000
152.240,72.25000
152.291,72.50000
152.341,72.37500
152.392,72.25000
152.443,72.50000
152.493,72.00000
152.544,72.25000
152.595,71.75000
152.645,72.12500
152.696,72.12500
152.747,71.62500
152.797,71.87500
152.848,71.50000
152.899,71.37500
152.949,71.37500
153.000,71.50000
153.051,71.62500
153.101,71.50000
153.152,72.00000
153.203,71.75000
153.253,71.37500
153.304,72.00000
153.354,71.75000
153.405,72.25000
153.456,71.87500
153.506,72.12500
153.557,72.12500
153.608,72.12500
153.658,72.12500
153.709,72.12500
153.760,72.25000
153.810,72.37500
153.861,72.12500
153.912,72.50000
153.962,72.12500
154.013,72.25000
154.064,71.87500
154.115,71.87500
154.165,72.00000
154.216,71.62500
154.267,71.87500
154.317,71.50000
154.368,71.37500
154.419,71.25000
154.469,71.12500
154.520,71.62500
154.571,71.25000
154.622,71.62500
154.672,71.12500
154.723,71.50000
154.774,71.37500
154.824,71.37500
154.875,71.37500
154.926,71.12500
154.976,71.25000
155.027,71.25000
155.078,70.87500
155.129,71.00000
155.179,70.37500
155.230,70.12500
155.281,69.37500
155.331,68.87500
155.382,68.50000
155.433,68.25000
155.483,68.12500
155.534,67.62500
155.585,67.25000
155.636,66.75000
155.686,66.12500
155.737,66.00000
155.788,65.37500
155.838,65.12500
155.889,63.00000
155.940,59.62500
155.990,56.87500
156.041,56.87500
156.092,58.87500
156.143,59.12500
156.193,60.00000
156.244,60.12500
156.295,57.75000
156.345,54.00000
156.396,43.00000
156.447,38.62500
156.497,39.50000
156.548,40.87500
156.599,42.00000
156.650,44.12500
156.700,51.00000
156.751,61.87500
156.802,66.00000
156.852,45.25000
156.903,-7.87500
156.954,-73.75000
157.004,-113.75000
157.055,-134.75000
157.106,-141.50000
157.157,-231.12500
157.207,-317.75000
157.258,-371.00000
157.309,-385.00000
157.359,-406.62500
157.410,-421.37500
157.461,-411.25000
157.512,-393.00000
157.562,-384.62500
157.613,-336.75000
157.664,-285.87500
157.715,-193.62500
157.765,-131.62500
157.816,-64.25000
157.867,2.50000
157.917,36.12500
157.968,61.50000
158.019,84.00000
158.069,96.00000
158.120,100.25000
158.171,100.00000
158.222,97.50000
158.272,96.25000
158.323,94.50000
158.374,89.62500
158.425,89.12500
158.475,92.37500
158.526,98.00000
158.577,97.87500
158.627,94.62500
158.678,92.37500
158.729,94.37500
158.780,95.25000
158.830,93.00000
158.881,86.87500
158.932,76.50000
158.982,67.50000
159.033,62.75000
159.084,53.87500
159.134,40.62500
159.185,33.75000
159.236,27.62500
159.287,23.75000
159.337,30.25000
159.388,28.25000
159.439,24.00000
159.489,24.12500
159.540,24.37500
159.591,26.25000
159.642,27.25000
159.692,29.25000
159.743,30.12500
159.794,31.87500
159.844,21.12500
159.895,21.62500
159.946,37.62500
159.997,48.25000
160.047,59.37500
160.098,65.50000
160.149,64.62500
160.199,58.62500
160.250,59.37500
160.301,62.87500
160.351,65.62500
160.402,68.87500
160.453,71.87500
160.503,73.87500
160.554,73.75000
160.605,74.00000
160.656,73.25000
160.706,74.00000
160.757,74.50000
160.808,73.62500
160.858,72.00000
160.909,68.37500
160.959,64.12500
161.010,62.12500
161.061,59.75000
161.111,58.62500
161.162,57.12500
161.213,57.25000
161.263,57.12500
161.314,57.12500
161.365,57.62500
161.415,56.50000
161.466,55.37500
161.516,53.37500
161.567,50.50000
161.618,45.87500
161.668,43.37500
161.719,41.00000
161.770,33.62500
161.820,25.12500
161.871,14.00000
161.922,6.00000
161.972,2.62500
162.023,1.25000
162.074,-2.62500
162.124,-7.37500
162.175,-8.00000
162.226,-5.50000
162.276,-2.50000
162.327,-0.37500
162.377,-0.25000
162.428,-2.12500
162.479,-0.50000
162.529,1.75000
162.580,4.87500
162.631,7.75000
162.681,11.12500
162.732,14.75000
162.783,17.50000
162.833,18.37500
162.884,18.50000
162.935,20.12500
162.985,21.12500
163.036,21.25000
163.086,21.87500
163.137,21.62500
163.188,22.00000
163.238,21.75000
163.289,22.12500
163.340,23.12500
163.390,23.25000
163.441,23.62500
163.492,24.12500
163.542,24.37500
163.593,24.75000
163.644,24.75000
163.694,25.00000
163.745,25.12500
163.795,25.87500
163.846,27.37500
163.897,28.12500
163.947,28.75000
163.998,28.62500
164.049,29.75000
164.099,30.87500
164.150,31.87500
164.201,33.25000
164.251,33.75000
164.302,34.50000
164.352,35.37500
164.403,36.62500
164.454,39.00000
164.504,40.12500
164.555,41.12500
164.606,40.75000
164.656,40.50000
164.707,40.00000
164.758,39.50000
164.808,40.00000
164.859,40.87500
164.909,41.75000
164.960,41.87500
165.011,41.37500
165.061,41.50000
165.112,41.25000
165.163,41.37500
165.213,41.37500
165.264,41.00000
165.315,41.50000
165.365,41.00000
165.416,41.37500
165.466,41.25000
165.517,41.12500
165.568,41.12500
165.618,41.00000
165.669,41.75000
165.720,41.37500
165.770,41.25000
165.821,41.50000
165.871,41.37500
165.922,42.25000
165.973,42.37500
166.023,42.87500
166.074,42.87500
166.125,42.62500
166.175,43.25000
166.226,43.25000
166.277,43.50000
166.327,43.25000
166.378,42.87500
166.428,42.50000
166.479,41.75000
166.530,42.25000
166.580,42.12500
166.631,42.50000
166.682,42.75000
166.732,42.25000
166.783,42.12500
166.834,42.12500
166.884,42.12500
166.935,42.12500
166.985,42.50000
167.036,44.37500
167.087,44.50000
167.137,45.12500
167.188,46.25000
167.239,46.12500
167.289,45.75000
167.340,45.12500
167.390,44.50000
167.441,43.12500
167.492,41.25000
167.542,40.00000
167.593,37.75000
167.644,37.12500
167.694,36.87500
167.745,36.87500
167.796,37.62500
167.846,39.25000
167.897,40.87500
167.947,41.00000
167.998,41.50000
168.049,42.00000
168.099,42.50000
168.150,43.62500
168.201,43.75000
168.251,43.87500
168.302,44.25000
168.353,44.62500
168.403,45.00000
168.454,44.37500
168.504,44.37500
168.555,44.12500
168.606,43.75000
168.656,44.62500
168.707,44.50000
168.758,44.87500
168.808,44.62500
168.859,44.00000
168.910,43.50000
168.960,42.62500
169.011,42.62500
169.062,42.37500
169.112,43.37500
169.163,44.37500
169.214,45.50000
169.264,49.37500
169.315,55.75000
169.365,61.12500
169.416,64.25000
169.467,67.25000
169.517,71.12500
169.568,73.25000
169.619,74.37500
169.669,75.25000
169.720,75.12500
169.771,75.25000
169.821,75.37500
169.872,76.37500
169.922,76.75000
169.973,77.00000
170.024,76.00000
170.074,74.00000
170.125,71.75000
170.176,70.12500
170.226,69.50000
170.277,68.75000
170.328,65.87500
170.378,63.62500
170.429,62.00000
170.479,61.25000
170.530,59.50000
170.581,57.87500
170.631,57.25000
170.682,56.62500
170.733,56.62500
170.783,56.00000
170.834,56.00000
170.885,56.25000
170.935,56.37500
170.986,57.00000
171.037,57.12500
171.087,57.37500
171.138,58.12500
171.188,56.62500
171.239,56.25000
171.290,56.37500
171.340,56.75000
171.391,57.25000
171.442,57.62500
171.492,58.75000
171.543,59.12500
171.593,59.62500
171.644,59.50000
171.695,59.25000
171.745,59.87500
171.796,60.37500
171.847,61.50000
171.897,62.12500
171.948,62.12500
171.999,61.00000
172.049,59.00000
172.100,57.87500
172.151,57.00000
172.201,56.00000
172.252,54.50000
172.302,53.25000
172.353,53.00000
172.404,52.50000
172.454,52.75000
172.505,52.62500
172.556,53.00000
172.606,54.25000
172.657,54.87500
172.708,56.12500
172.758,56.50000
172.809,56.62500
172.859,56.50000
172.910,56.12500
172.961,56.00000
173.011,55.12500
173.062,55.25000
173.113,54.75000
173.163,54.37500
173.214,54.87500
173.265,54.87500
173.315,55.12500
173.366,55.12500
173.416,55.00000
173.467,55.62500
173.518,55.75000
173.568,56.25000
173.619,56.87500
173.670,57.12500
173.720,58.00000
173.771,57.75000
173.821,57.87500
173.872,57.62500
173.923,57.50000
173.973,57.37500
174.024,57.25000
174.075,57.87500
174.125,58.00000
174.176,58.25000
174.227,58.00000
174.277,57.50000
174.328,57.87500
174.378,57.62500
174.429,57.75000
174.480,57.62500
174.530,57.62500
174.581,57.87500
174.632,57.37500
174.682,57.37500
174.733,56.62500
174.784,56.62500
174.834,56.62500
174.885,56.37500
174.935,56.87500
174.986,56.50000
175.037,55.87500
175.087,56.25000
175.138,55.50000
175.189,55.75000
175.239,55.25000
175.290,55.25000
175.341,54.75000
175.391,54.37500
175.442,54.25000
175.492,53.87500
175.543,54.12500
175.594,54.87500
175.644,55.00000
175.695,55.75000
175.746,55.50000
175.796,55.75000
175.847,55.50000
175.898,55.50000
175.948,55.25000
175.999,54.62500
176.050,55.12500
176.100,55.12500
176.151,55.12500
176.201,55.25000
176.252,54.62500
176.303,55.00000
176.353,54.75000
176.404,54.87500
176.455,54.62500
176.505,54.12500
176.556,54.37500
176.606,53.87500
176.657,53.87500
176.708,53.62500
176.758,53.50000
176.809,53.50000
176.860,53.37500
176.910,53.87500
176.961,53.87500
177.012,53.87500
177.062,54.12500
177.113,53.87500
177.163,54.25000
177.214,54.12500
177.265,54.25000
177.315,54.25000
177.366,54.12500
177.417,54.37500
177.467,54.25000
177.518,54.25000
177.569,54.62500
177.619,54.37500
177.670,54.50000
177.720,54.12500
177.771,53.87500
177.822,53.87500
177.872,54.12500
177.923,54.25000
177.974,54.00000
178.024,53.75000
178.075,53.37500
178.126,53.00000
178.176,53.00000
178.227,53.00000
178.278,53.25000
178.328,52.75000
178.379,52.50000
178.430,52.50000
178.480,52.00000
178.531,52.25000
178.581,51.62500
178.632,51.50000
178.683,51.25000
178.733,51.37500
178.784,51.62500
178.835,51.50000
178.885,51.75000
178.936,51.50000
178.986,51.00000
179.037,51.37500
179.088,51.62500
179.138,52.37500
179.189,52.12500
179.240,52.00000
179.290,51.75000
179.341,51.50000
179.392,51.00000
179.442,50.87500
179.493,50.87500
179.543,50.87500
179.594,50.12500
179.645,50.12500
179.695,49.62500
179.746,50.00000
179.797,50.00000
179.847,50.62500
179.898,51.50000
179.948,51.75000
179.999,52.00000
