time(s),mvs
0.000,326.75000
0.051,326.75000
0.101,326.75000
0.152,326.50000
0.203,326.50000
0.253,326.50000
0.304,326.37500
0.355,326.37500
0.405,326.12500
0.456,326.25000
0.507,326.12500
0.557,326.37500
0.608,326.12500
0.659,326.25000
0.709,326.00000
0.760,326.12500
0.811,326.12500
0.861,329.25000
0.912,335.25000
0.962,344.00000
1.013,350.62500
1.064,357.50000
1.114,362.50000
1.165,367.00000
1.216,372.62500
1.266,378.00000
1.317,382.87500
1.367,386.25000
1.418,389.00000
1.469,391.00000
1.519,392.87500
1.570,393.75000
1.621,394.25000
1.741,394.75000
1.792,394.62500
1.842,394.00000
1.893,393.62500
1.944,393.00000
1.994,392.62500
2.045,391.87500
2.095,391.37500
2.146,390.62500
2.197,390.12500
2.247,389.12500
2.298,388.62500
2.349,387.75000
2.399,387.12500
2.450,386.37500
2.500,385.87500
2.551,385.12500
2.602,384.87500
2.652,384.00000
2.703,383.75000
2.754,382.87500
2.804,382.37500
2.855,381.75000
2.906,381.25000
2.956,380.50000
3.007,380.12500
3.057,379.50000
3.108,379.00000
3.159,378.37500
3.209,378.12500
3.260,377.50000
3.311,377.00000
3.361,376.62500
3.412,376.12500
3.463,375.75000
3.513,375.37500
3.564,374.75000
3.615,374.50000
3.665,374.12500
3.716,373.75000
3.767,373.25000
3.817,372.62500
3.868,372.25000
3.919,371.75000
3.969,371.37500
4.020,371.00000
4.070,370.75000
4.121,370.12500
4.172,369.75000
4.222,369.37500
4.273,369.25000
4.324,368.62500
4.374,368.50000
4.425,367.87500
4.476,367.87500
4.526,367.25000
4.577,367.12500
4.628,366.62500
4.678,366.37500
4.729,365.87500
4.780,365.62500
4.830,365.25000
4.881,365.00000
4.932,364.62500
4.982,364.37500
5.033,364.00000
5.084,363.87500
5.134,363.50000
5.185,363.37500
5.236,362.87500
5.286,362.87500
5.337,362.25000
5.388,362.25000
5.439,361.75000
5.489,361.62500
5.540,361.25000
5.591,361.00000
5.642,360.75000
5.692,360.50000
5.743,360.25000
5.794,360.12500
5.845,359.87500
5.895,359.62500
5.946,359.25000
5.997,359.12500
6.048,358.87500
6.098,358.75000
6.149,358.37500
6.200,358.12500
6.250,357.87500
6.301,357.87500
6.352,357.50000
6.403,357.37500
6.453,357.12500
6.504,356.87500
6.555,356.62500
6.606,356.37500
6.656,356.12500
6.707,355.87500
6.758,355.62500
6.809,355.37500
6.859,355.37500
6.910,355.00000
6.961,354.75000
7.012,354.50000
7.062,354.37500
7.113,354.12500
7.164,353.87500
7.215,353.62500
7.265,353.50000
7.316,353.25000
7.367,353.00000
7.417,352.75000
7.468,352.62500
7.519,352.37500
7.570,352.37500
7.620,352.00000
7.671,352.00000
7.722,351.50000
7.773,351.62500
7.823,351.25000
7.874,351.25000
7.925,350.75000
7.976,350.75000
8.026,350.37500
8.077,350.50000
8.128,350.12500
8.179,350.12500
8.229,349.75000
8.280,349.75000
8.331,349.37500
8.382,349.37500
8.432,348.87500
8.483,348.87500
8.534,348.62500
8.585,348.62500
8.635,348.25000
8.686,348.12500
8.737,347.87500
8.788,347.87500
8.838,347.37500
8.889,347.50000
8.940,347.12500
8.990,347.25000
9.041,346.87500
9.092,346.87500
9.143,346.37500
9.193,346.50000
9.244,346.25000
9.295,346.25000
9.346,346.00000
9.396,346.00000
9.447,345.50000
9.498,345.50000
9.549,345.25000
9.599,345.37500
9.650,345.12500
9.701,345.12500
9.752,344.75000
9.802,344.87500
9.853,344.37500
9.904,344.50000
9.954,344.12500
10.005,344.25000
10.056,343.75000
10.107,343.75000
10.157,343.37500
10.208,343.50000
10.259,343.12500
10.310,343.12500
10.360,342.75000
10.411,342.62500
10.462,342.25000
10.513,342.37500
10.563,342.12500
10.614,342.12500
10.665,341.75000
10.715,341.75000
10.766,341.37500
10.817,341.37500
10.868,341.12500
10.918,341.00000
10.969,340.87500
11.020,340.75000
11.071,340.50000
11.121,340.50000
11.172,340.25000
11.223,340.12500
11.274,339.87500
11.324,339.87500
11.375,339.62500
11.426,339.62500
11.477,339.25000
11.527,339.25000
11.578,339.00000
11.629,338.87500
11.679,338.75000
11.730,338.75000
11.781,338.37500
11.832,338.37500
11.882,338.00000
11.933,337.87500
11.984,337.75000
12.035,337.62500
12.085,337.50000
12.136,337.37500
12.187,337.25000
12.238,336.87500
12.288,336.75000
12.339,336.75000
12.390,336.50000
12.441,336.25000
12.491,336.12500
12.542,336.00000
12.593,336.00000
12.644,335.75000
12.694,335.62500
12.745,335.50000
12.796,335.12500
12.847,335.12500
12.897,335.00000
12.948,334.62500
12.999,334.50000
13.049,334.25000
13.100,334.25000
13.151,334.00000
13.202,333.87500
13.252,333.75000
13.303,333.62500
13.354,333.25000
13.405,333.25000
13.455,333.12500
13.506,333.00000
13.557,332.62500
13.608,332.75000
13.658,332.37500
13.709,332.37500
13.760,332.12500
13.810,332.12500
13.861,331.87500
13.912,331.75000
13.963,331.62500
14.013,331.50000
14.064,331.12500
14.115,331.25000
14.165,331.00000
14.216,331.12500
14.267,330.87500
14.318,330.87500
14.368,330.37500
14.419,330.62500
14.470,330.25000
14.520,330.25000
14.571,330.00000
14.622,330.12500
14.673,329.62500
14.723,329.62500
14.774,329.50000
14.825,329.37500
14.876,329.25000
14.926,329.12500
14.977,328.87500
15.028,328.87500
15.078,328.62500
15.129,328.50000
15.180,328.37500
15.231,328.12500
15.281,328.12500
15.332,327.87500
15.383,327.87500
15.433,327.50000
15.484,327.50000
15.535,327.25000
15.586,327.25000
15.636,327.00000
15.687,327.00000
15.738,326.87500
15.788,326.75000
15.839,326.62500
15.890,326.62500
15.941,326.37500
15.991,326.50000
16.042,326.12500
16.093,326.25000
16.143,325.75000
16.194,325.87500
16.245,325.75000
16.296,325.75000
16.346,325.50000
16.397,325.37500
16.448,325.25000
16.499,325.12500
16.549,324.87500
16.600,325.00000
16.651,324.75000
16.701,324.87500
16.752,324.62500
16.803,324.50000
16.853,324.50000
16.904,324.37500
16.955,324.12500
17.005,324.12500
17.056,324.00000
17.107,323.75000
17.157,323.62500
17.208,323.37500
17.259,323.37500
17.309,323.12500
17.360,323.00000
17.411,322.75000
17.461,322.62500
17.512,322.37500
17.563,322.25000
17.613,322.12500
17.664,322.12500
17.714,321.62500
17.765,322.00000
17.816,321.50000
17.867,321.50000
17.917,321.00000
17.968,321.25000
18.019,320.87500
18.069,321.12500
18.120,320.87500
18.171,321.25000
18.222,320.87500
18.272,320.87500
18.323,320.62500
18.374,320.50000
18.424,320.25000
18.475,320.25000
18.526,320.37500
18.577,320.37500
18.627,320.25000
18.678,320.25000
18.729,320.00000
18.779,319.62500
18.830,319.62500
18.881,319.50000
18.932,319.37500
18.982,319.12500
19.033,319.12500
19.084,319.00000
19.134,318.75000
19.185,318.50000
19.236,318.50000
19.287,318.25000
19.337,318.12500
19.388,317.87500
19.439,317.75000
19.489,317.50000
19.540,317.37500
19.591,317.25000
19.642,317.00000
19.692,316.75000
19.743,316.75000
19.794,316.50000
19.844,316.25000
19.895,316.37500
19.946,316.00000
19.996,316.12500
20.047,315.75000
20.098,315.75000
20.148,315.37500
20.199,315.25000
20.250,315.00000
20.300,315.12500
20.351,314.75000
20.401,314.75000
20.452,314.50000
20.503,314.62500
20.553,314.25000
20.604,314.25000
20.655,314.00000
20.705,314.00000
20.756,313.75000
20.807,313.62500
20.857,313.62500
20.908,313.37500
20.959,313.50000
21.009,313.12500
21.060,313.37500
21.111,313.00000
21.161,313.12500
21.212,312.75000
21.263,312.87500
21.313,312.50000
21.364,312.50000
21.414,312.25000
21.465,312.00000
21.516,312.00000
21.566,311.62500
21.617,311.50000
21.668,311.25000
21.718,311.25000
21.769,310.87500
21.820,310.87500
21.870,310.62500
21.921,310.75000
21.971,310.50000
22.022,310.62500
22.073,310.25000
22.123,310.12500
22.174,310.00000
22.225,309.87500
22.275,309.62500
22.326,309.75000
22.376,309.50000
22.427,309.37500
22.478,309.37500
22.528,309.12500
22.579,309.12500
22.630,308.62500
22.681,308.62500
22.731,308.50000
22.782,308.62500
22.833,308.25000
22.883,308.25000
22.934,308.00000
22.984,307.87500
23.035,307.62500
23.086,307.62500
23.136,307.50000
23.187,307.25000
23.238,307.12500
23.288,307.00000
23.339,306.75000
23.389,306.62500
23.440,306.62500
23.491,306.37500
23.541,306.25000
23.592,306.00000
23.643,306.00000
23.693,305.75000
23.744,305.87500
23.795,305.62500
23.845,305.50000
23.896,305.37500
23.946,305.12500
23.997,305.12500
24.048,304.87500
24.098,305.00000
24.149,304.75000
24.200,304.87500
24.250,304.50000
24.301,304.62500
24.352,304.37500
24.402,304.12500
24.453,304.12500
24.504,303.87500
24.554,303.75000
24.605,303.50000
24.655,303.62500
24.706,303.25000
24.757,303.25000
24.807,303.12500
24.858,303.00000
24.909,302.62500
24.959,302.62500
25.010,302.62500
25.061,302.25000
25.111,302.25000
25.162,302.12500
25.213,301.87500
25.263,301.62500
25.314,301.75000
25.364,301.62500
25.415,301.37500
25.466,301.25000
25.516,301.25000
25.567,301.12500
25.618,301.00000
25.668,300.75000
25.719,300.62500
25.770,300.50000
25.820,300.25000
25.871,300.37500
25.922,300.00000
25.972,300.00000
26.023,299.75000
26.073,299.62500
26.124,299.37500
26.175,299.25000
26.226,299.12500
26.276,299.12500
26.327,299.00000
26.378,298.87500
26.428,298.87500
26.479,298.50000
26.530,298.50000
26.580,298.50000
26.631,298.37500
26.682,298.25000
26.732,298.25000
26.783,298.12500
26.833,298.00000
26.884,297.87500
26.935,297.62500
26.985,297.87500
27.036,297.37500
27.087,297.37500
27.137,297.12500
27.188,297.25000
27.239,296.87500
27.289,296.87500
27.340,296.62500
27.391,296.37500
27.441,296.50000
27.492,296.25000
27.543,296.25000
27.593,296.00000
27.644,296.25000
27.695,295.75000
27.745,295.87500
27.796,295.50000
27.847,295.62500
27.897,295.25000
27.948,295.25000
27.998,295.12500
28.049,294.87500
28.100,294.87500
28.150,294.75000
28.201,294.75000
28.252,294.50000
28.302,294.62500
28.353,294.25000
28.404,294.50000
28.454,294.00000
28.505,294.25000
28.556,293.87500
28.606,293.87500
28.657,293.62500
28.708,293.62500
28.758,293.50000
28.809,293.25000
28.860,293.12500
28.910,293.00000
28.961,293.12500
29.012,292.75000
29.062,292.87500
29.113,292.50000
29.164,292.37500
29.214,292.25000
29.265,292.25000
29.315,292.00000
29.366,292.00000
29.417,291.75000
29.467,291.62500
29.518,291.50000
29.569,291.25000
29.619,291.37500
29.670,291.12500
29.721,291.00000
29.771,290.87500
29.822,290.75000
29.873,290.50000
29.923,290.50000
29.974,290.37500
30.025,290.12500
30.075,290.12500
30.126,289.87500
30.177,290.12500
30.227,289.62500
30.278,289.75000
30.329,289.62500
30.379,289.50000
30.430,289.25000
30.481,289.12500
30.531,289.12500
30.582,288.75000
30.633,289.00000
30.683,288.75000
30.734,288.75000
30.785,288.50000
30.835,288.50000
30.886,288.37500
30.937,288.25000
30.987,288.12500
31.038,287.87500
31.089,288.00000
31.139,287.75000
31.190,287.87500
31.241,287.50000
31.291,287.62500
31.342,287.25000
31.393,287.25000
31.443,287.00000
31.494,287.00000
31.545,287.00000
31.595,286.75000
31.646,286.75000
31.697,286.62500
31.747,286.62500
31.798,286.37500
31.849,286.50000
31.899,286.12500
31.950,286.12500
32.001,285.87500
32.051,285.87500
32.102,285.87500
32.153,285.62500
32.203,285.87500
32.254,285.50000
32.305,285.50000
32.355,285.25000
32.406,285.25000
32.457,285.12500
32.507,285.00000
32.558,285.00000
32.609,284.75000
32.660,284.75000
32.710,284.62500
32.761,284.62500
32.812,284.37500
32.863,284.37500
32.914,284.12500
32.964,284.00000
33.015,284.00000
33.066,283.75000
33.116,283.87500
33.167,283.50000
33.218,283.62500
33.268,283.25000
33.319,283.25000
33.370,283.12500
33.421,283.12500
33.471,283.12500
33.522,282.87500
33.573,282.87500
33.623,282.62500
33.674,282.75000
33.725,282.50000
33.776,282.37500
33.826,282.37500
33.877,282.12500
33.928,282.25000
33.978,282.00000
34.029,282.00000
34.080,281.75000
34.130,281.62500
34.181,281.75000
34.232,281.37500
34.283,281.50000
34.333,281.25000
34.384,281.37500
34.435,281.00000
34.485,281.12500
34.536,281.00000
34.587,280.75000
34.638,280.75000
34.688,280.37500
34.739,280.62500
34.790,280.37500
34.840,280.37500
34.891,280.25000
34.942,280.00000
34.992,280.00000
35.043,279.75000
35.094,279.75000
35.145,279.50000
35.195,279.62500
35.246,279.50000
35.297,279.37500
35.347,279.37500
35.398,279.12500
35.449,279.25000
35.499,278.87500
35.550,278.87500
35.601,278.62500
35.652,278.62500
35.702,278.87500
35.753,278.50000
35.804,278.50000
35.854,278.37500
35.905,278.25000
35.956,278.12500
36.007,278.00000
36.057,277.87500
36.108,277.75000
36.159,277.75000
36.209,277.50000
36.260,277.62500
36.311,277.37500
36.361,277.25000
36.412,277.37500
36.463,277.12500
36.514,277.12500
36.564,276.87500
36.615,277.00000
36.666,276.75000
36.716,276.50000
36.767,276.62500
36.818,276.37500
36.868,276.50000
36.919,276.12500
36.970,276.12500
37.021,276.00000
37.071,275.62500
37.122,275.87500
37.173,275.50000
37.223,275.50000
37.274,275.37500
37.325,275.25000
37.376,275.25000
37.426,275.12500
37.477,275.12500
37.528,274.87500
37.578,274.75000
37.629,274.87500
37.680,274.87500
37.731,274.87500
37.781,274.62500
37.832,274.62500
37.883,274.50000
37.933,274.37500
37.984,274.37500
38.035,274.12500
38.085,274.25000
38.136,274.12500
38.187,274.00000
38.237,274.00000
38.288,273.75000
38.339,273.87500
38.390,273.50000
38.440,273.50000
38.491,273.25000
38.542,273.12500
38.592,273.25000
38.643,273.12500
38.694,273.12500
38.744,272.87500
38.795,272.87500
38.846,272.87500
38.897,272.62500
38.947,272.62500
38.998,272.37500
39.049,272.37500
39.099,272.25000
39.150,272.12500
39.201,272.12500
39.251,271.87500
39.302,271.87500
39.353,271.75000
39.403,271.62500
39.454,271.75000
39.505,271.37500
39.556,271.37500
39.606,271.37500
39.657,271.12500
39.708,271.25000
39.758,271.12500
39.809,271.00000
39.860,270.75000
39.910,270.62500
39.961,270.75000
40.012,270.62500
40.063,270.62500
40.113,270.50000
40.164,270.37500
40.215,270.50000
40.265,270.25000
40.316,270.25000
40.367,270.12500
40.417,270.12500
40.468,270.12500
40.519,269.87500
40.570,269.87500
40.620,269.75000
40.671,269.62500
40.722,269.75000
40.772,269.50000
40.823,269.50000
40.874,269.37500
40.925,269.25000
40.975,269.37500
41.026,269.00000
41.077,269.00000
41.127,269.00000
41.178,268.75000
41.229,268.87500
41.279,268.62500
41.330,268.62500
41.381,268.50000
41.432,268.25000
41.482,268.25000
41.533,268.12500
41.584,268.00000
41.634,268.00000
41.685,267.87500
41.736,267.87500
41.786,267.62500
41.837,267.50000
41.888,267.50000
41.939,267.37500
41.989,267.50000
42.040,267.12500
42.091,267.12500
42.141,267.37500
42.192,267.12500
42.243,267.00000
42.293,266.75000
42.344,266.87500
42.395,267.00000
42.446,266.62500
42.496,266.75000
42.547,266.75000
42.598,266.62500
42.648,266.75000
42.699,266.37500
42.750,266.37500
42.800,266.25000
42.851,266.12500
42.902,266.25000
42.952,266.12500
43.003,266.00000
43.054,265.87500
43.105,265.75000
43.155,265.87500
43.206,265.62500
43.257,265.50000
43.307,265.50000
43.358,265.37500
43.409,265.50000
43.459,265.25000
43.510,265.25000
43.561,265.25000
43.612,264.87500
43.662,265.00000
43.713,264.87500
43.764,264.75000
43.814,264.62500
43.865,264.50000
43.916,264.50000
43.967,264.25000
44.017,264.25000
44.068,264.50000
44.119,264.25000
44.171,264.12500
44.223,264.00000
44.276,263.87500
44.328,263.87500
44.378,263.75000
44.429,263.75000
44.480,263.62500
44.530,263.50000
44.581,263.50000
44.632,263.37500
44.682,263.25000
44.733,263.25000
44.784,263.12500
44.835,263.12500
44.885,263.12500
44.936,263.00000
44.987,263.00000
45.037,262.87500
45.088,263.00000
45.139,262.75000
45.189,262.62500
45.240,262.62500
45.291,262.50000
45.341,262.50000
45.392,262.50000
45.443,262.37500
45.493,262.50000
45.544,262.25000
45.595,262.25000
45.645,262.00000
45.696,262.00000
45.747,262.00000
45.797,261.87500
45.848,261.87500
45.899,261.62500
45.950,261.62500
46.000,261.75000
46.051,261.50000
46.102,261.50000
46.152,261.37500
46.203,261.12500
46.254,261.25000
46.305,261.12500
46.355,261.00000
46.406,261.12500
46.457,260.87500
46.508,261.00000
46.559,260.75000
46.610,260.62500
46.660,260.62500
46.711,260.37500
46.762,260.50000
46.812,260.25000
46.863,260.37500
46.914,260.25000
46.965,260.12500
47.015,260.25000
47.066,259.87500
47.117,259.87500
47.167,260.00000
47.218,259.75000
47.269,259.62500
47.319,259.50000
47.370,259.62500
47.421,259.62500
47.472,259.50000
47.522,259.50000
47.573,259.37500
47.624,259.37500
47.674,259.37500
47.725,259.25000
47.776,259.12500
47.826,259.00000
47.877,259.12500
47.928,259.12500
47.978,258.87500
48.029,258.87500
48.080,258.87500
48.131,258.75000
48.181,258.87500
48.232,258.62500
48.283,258.75000
48.333,258.62500
48.384,258.50000
48.435,258.62500
48.485,258.50000
48.536,258.50000
48.587,258.37500
48.638,258.25000
48.688,258.25000
48.739,258.00000
48.790,258.12500
48.840,258.00000
48.891,257.87500
48.942,258.00000
48.992,257.62500
49.043,257.62500
49.094,257.62500
49.144,257.37500
49.195,257.50000
49.246,257.25000
49.297,257.50000
49.347,257.25000
49.398,257.12500
49.449,257.25000
49.500,256.87500
49.550,257.25000
49.601,256.87500
49.652,256.75000
49.702,256.87500
49.753,256.62500
49.804,256.62500
49.854,256.50000
49.905,256.37500
49.956,256.37500
50.007,256.25000
50.057,256.25000
50.108,256.12500
50.159,256.00000
50.209,256.25000
50.260,255.87500
50.311,256.12500
50.362,255.87500
50.412,255.75000
50.463,256.00000
50.514,255.50000
50.564,255.62500
50.615,255.50000
50.666,255.37500
50.716,255.50000
50.767,255.25000
50.818,255.12500
50.869,255.12500
50.919,255.00000
50.970,255.12500
51.021,255.00000
51.071,255.00000
51.122,254.87500
51.173,254.62500
51.224,254.87500
51.274,254.62500
51.325,254.50000
51.376,254.50000
51.426,254.37500
51.477,254.62500
51.528,254.25000
51.578,254.25000
51.629,254.25000
51.680,254.12500
51.731,254.12500
51.781,254.00000
51.832,253.87500
51.883,254.00000
51.933,253.75000
51.984,253.87500
52.035,253.62500
52.086,253.50000
52.136,253.62500
52.187,253.37500
52.238,253.50000
52.288,253.25000
52.339,253.37500
52.390,253.50000
52.441,253.12500
52.491,253.12500
52.542,253.12500
52.593,252.87500
52.643,253.00000
52.694,252.87500
52.745,252.87500
52.795,252.75000
52.846,252.75000
52.897,252.87500
52.948,252.50000
52.998,252.50000
53.049,252.37500
53.100,252.25000
53.150,252.37500
53.201,252.25000
53.252,252.12500
53.303,252.12500
53.353,252.00000
53.404,252.12500
53.455,252.00000
53.505,251.75000
53.556,251.75000
53.607,251.75000
53.657,251.75000
53.708,251.75000
53.759,251.62500
53.810,251.75000
53.860,251.37500
53.911,251.50000
53.962,251.50000
54.012,251.25000
54.063,251.50000
54.114,251.25000
54.165,251.25000
54.215,251.25000
54.266,251.12500
54.317,251.25000
54.367,251.12500
54.418,251.00000
54.469,251.12500
54.520,250.75000
54.570,250.87500
54.621,250.75000
54.672,250.75000
54.722,250.75000
54.773,250.62500
54.824,250.50000
54.875,250.37500
54.925,250.37500
54.976,250.62500
55.027,250.37500
55.077,250.37500
55.128,250.37500
55.179,250.12500
55.229,250.00000
55.280,250.00000
55.331,250.00000
55.382,250.00000
55.432,249.87500
55.483,249.87500
55.534,249.87500
55.584,249.87500
55.635,249.87500
55.686,249.75000
55.737,249.50000
55.787,249.50000
55.838,249.50000
55.889,249.37500
55.939,249.50000
55.990,249.37500
56.041,249.12500
56.092,249.12500
56.142,249.00000
56.193,249.12500
56.244,249.00000
56.294,248.87500
56.345,249.00000
56.396,248.75000
56.447,248.62500
56.497,248.62500
56.548,248.50000
56.599,248.50000
56.649,248.37500
56.700,248.50000
56.751,248.50000
56.801,248.37500
56.852,248.12500
56.903,248.37500
56.954,248.00000
57.004,248.12500
57.055,248.25000
57.106,248.12500
57.156,248.00000
57.207,248.12500
57.258,247.87500
57.309,247.75000
57.359,248.00000
57.410,247.75000
57.461,247.62500
57.511,247.75000
57.562,247.62500
57.613,247.62500
57.663,247.37500
57.714,247.25000
57.765,247.37500
57.816,247.25000
57.866,247.12500
57.917,247.12500
57.968,246.87500
58.018,246.87500
58.069,246.87500
58.120,246.75000
58.170,246.75000
58.221,246.75000
58.272,246.62500
58.323,246.50000
58.373,246.62500
58.424,246.50000
58.475,246.37500
58.525,246.50000
58.576,246.37500
58.627,246.37500
58.678,246.50000
58.728,246.25000
58.779,246.25000
58.830,246.37500
58.880,246.25000
58.931,246.25000
58.982,246.25000
59.033,246.12500
59.083,246.00000
59.134,246.12500
59.185,246.00000
59.236,245.75000
59.286,246.12500
59.337,245.75000
59.388,245.62500
59.438,245.75000
59.489,245.62500
59.540,245.50000
59.591,245.62500
59.641,245.37500
59.692,245.37500
59.743,245.37500
59.794,245.25000
59.844,245.25000
59.895,245.37500
59.946,245.12500
59.997,245.00000
60.047,245.25000
60.098,245.12500
60.149,244.87500
60.199,245.00000
60.250,244.87500
60.301,244.75000
60.352,244.75000
60.402,244.62500
60.453,244.62500
60.504,244.75000
60.554,244.75000
60.605,244.37500
60.656,244.37500
60.706,244.50000
60.757,244.37500
60.808,244.37500
60.858,244.37500
60.909,244.25000
60.960,244.12500
61.010,244.25000
61.061,244.12500
61.112,244.12500
61.162,244.00000
61.213,244.00000
61.264,244.00000
61.314,244.25000
61.365,244.00000
61.416,243.87500
61.466,244.00000
61.517,243.75000
61.568,243.75000
61.618,243.87500
61.669,243.75000
61.719,243.50000
61.770,243.62500
61.821,243.62500
61.871,243.50000
61.922,243.37500
61.973,243.37500
62.023,243.25000
62.074,243.37500
62.125,243.25000
62.175,243.12500
62.226,243.00000
62.276,243.00000
62.327,242.87500
62.378,242.87500
62.428,243.00000
62.479,242.75000
62.530,242.62500
62.580,242.62500
62.631,242.62500
62.682,242.37500
62.732,242.25000
62.783,242.25000
62.834,242.37500
62.884,242.37500
62.935,242.25000
62.985,242.12500
63.036,242.00000
63.087,242.12500
63.137,242.00000
63.188,242.00000
63.239,242.12500
63.289,242.12500
63.340,242.00000
63.391,241.87500
63.441,241.87500
63.492,241.75000
63.542,241.87500
63.593,242.00000
63.644,241.75000
63.694,241.75000
63.745,241.75000
63.796,241.62500
63.846,241.50000
63.897,241.50000
63.948,241.50000
63.998,241.25000
64.049,241.25000
64.100,241.37500
64.150,241.12500
64.201,241.25000
64.252,241.37500
64.302,241.12500
64.353,240.87500
64.404,241.12500
64.454,241.00000
64.505,241.00000
64.556,241.12500
64.606,241.00000
64.657,240.62500
64.708,240.75000
64.758,240.62500
64.809,240.75000
64.860,240.62500
64.910,240.75000
64.961,240.50000
65.012,240.37500
65.062,240.50000
65.113,240.25000
65.164,240.12500
65.214,240.37500
65.265,240.25000
65.316,240.12500
65.366,240.00000
65.417,240.12500
65.468,240.00000
65.518,239.87500
65.569,239.87500
65.620,239.75000
65.670,239.75000
65.721,239.87500
65.772,239.62500
65.822,239.75000
65.873,239.75000
65.924,239.75000
65.975,239.75000
66.025,239.62500
66.076,239.62500
66.127,239.62500
66.177,239.62500
66.228,239.62500
66.279,239.75000
66.329,239.50000
66.380,239.50000
66.431,239.62500
66.482,239.37500
66.532,239.37500
66.583,239.37500
66.634,239.37500
66.684,239.12500
66.735,239.12500
66.786,238.87500
66.836,238.75000
66.887,238.87500
66.938,239.12500
66.988,238.87500
67.039,238.87500
67.090,238.87500
67.141,238.87500
67.191,238.75000
67.242,239.00000
67.293,238.87500
67.343,238.75000
67.394,238.75000
67.445,238.75000
67.496,238.62500
67.546,238.87500
67.597,238.75000
67.648,238.50000
67.698,238.62500
67.749,238.50000
67.800,238.37500
67.850,238.37500
67.901,238.37500
67.952,238.25000
68.003,238.25000
68.053,238.25000
68.104,238.25000
68.155,238.00000
68.205,238.00000
68.256,237.87500
68.307,238.00000
68.357,238.00000
68.408,237.87500
68.459,237.87500
68.510,237.75000
68.560,237.87500
68.611,237.62500
68.662,237.62500
68.712,237.75000
68.763,237.75000
68.814,237.50000
68.865,237.50000
68.915,237.50000
68.966,237.37500
69.017,237.50000
69.067,237.50000
69.118,237.12500
69.169,237.12500
69.220,237.25000
69.270,237.12500
69.321,236.87500
69.372,237.00000
69.423,236.87500
69.473,236.75000
69.524,236.62500
69.575,236.75000
69.625,236.62500
69.676,236.75000
69.727,236.75000
69.777,236.50000
69.828,236.50000
69.879,236.62500
69.929,236.50000
69.980,236.37500
70.031,236.50000
70.081,236.50000
70.132,236.37500
70.183,236.25000
70.233,236.37500
70.284,236.25000
70.335,236.12500
70.385,236.37500
70.436,236.12500
70.487,236.00000
70.537,236.12500
70.588,236.12500
70.639,236.00000
70.689,236.00000
70.740,236.00000
70.791,235.87500
70.841,235.75000
70.892,235.75000
70.943,235.75000
70.993,235.62500
71.044,235.62500
71.095,235.62500
71.145,235.62500
71.196,235.37500
71.247,235.50000
71.297,235.25000
71.348,235.25000
71.398,235.37500
71.449,235.12500
71.500,235.12500
71.550,235.25000
71.601,235.12500
71.652,235.12500
71.702,235.37500
71.753,235.00000
71.804,235.00000
71.854,235.00000
71.905,235.00000
71.956,234.87500
72.006,235.00000
72.057,235.00000
72.108,235.00000
72.158,234.87500
72.209,235.00000
72.260,235.00000
72.310,234.87500
72.361,234.87500
72.412,235.00000
72.462,234.87500
72.513,234.75000
72.564,234.87500
72.614,234.62500
72.665,234.62500
72.716,234.75000
72.766,234.50000
72.817,234.62500
72.868,234.50000
72.918,234.50000
72.969,234.37500
73.020,234.25000
73.070,234.25000
73.121,234.25000
73.172,234.37500
73.222,234.25000
73.273,234.12500
73.324,234.00000
73.374,234.00000
73.425,234.12500
73.476,233.87500
73.526,234.00000
73.577,233.87500
73.628,233.87500
73.678,233.87500
73.729,233.87500
73.779,233.87500
73.830,233.75000
73.881,233.75000
73.931,233.62500
73.982,233.62500
74.033,233.62500
74.083,233.50000
74.134,233.50000
74.185,233.50000
74.235,233.50000
74.286,233.37500
74.337,233.37500
74.387,233.37500
74.438,233.25000
74.489,233.37500
74.539,233.25000
74.590,233.12500
74.641,233.00000
74.691,233.25000
74.742,233.00000
74.793,233.00000
74.843,233.12500
74.894,232.87500
74.945,232.87500
74.995,232.87500
75.046,232.87500
75.097,232.62500
75.147,232.75000
75.198,232.87500
75.249,232.62500
75.299,232.50000
75.350,232.87500
75.401,232.50000
75.451,232.62500
75.502,232.75000
75.553,232.62500
75.603,232.50000
75.654,232.62500
75.705,232.62500
75.755,232.50000
75.806,232.50000
75.857,232.50000
75.907,232.50000
75.958,232.25000
76.008,232.50000
76.059,232.37500
76.110,232.25000
76.160,232.37500
76.211,232.25000
76.262,232.12500
76.312,232.12500
76.363,232.25000
76.414,232.00000
76.464,231.87500
76.515,232.12500
76.566,232.00000
76.616,232.00000
76.667,231.87500
76.718,231.87500
76.768,231.75000
76.819,231.87500
76.870,231.75000
76.920,231.62500
76.971,231.62500
77.022,231.62500
77.072,231.50000
77.123,231.50000
77.174,231.62500
77.224,231.50000
77.275,231.37500
77.326,231.62500
77.376,231.37500
77.427,231.37500
77.478,231.37500
77.528,231.25000
77.579,231.12500
77.630,231.37500
77.680,231.12500
77.731,231.12500
77.782,231.12500
77.832,231.12500
77.883,230.87500
77.933,230.87500
77.984,231.12500
78.035,230.87500
78.085,230.75000
78.136,231.00000
78.187,230.75000
78.237,230.50000
78.288,230.62500
78.339,230.50000
78.389,230.50000
78.440,230.50000
78.491,230.50000
78.541,230.37500
78.592,230.25000
78.643,230.37500
78.693,230.25000
78.744,230.37500
78.795,230.37500
78.845,230.25000
78.896,230.12500
78.947,230.12500
78.997,230.12500
79.048,230.12500
79.099,230.00000
79.149,230.37500
79.200,230.00000
79.251,229.87500
79.301,230.00000
79.352,229.87500
79.403,229.87500
79.453,229.87500
79.504,229.75000
79.555,229.62500
79.605,229.37500
79.656,229.62500
79.707,229.62500
79.757,229.62500
79.808,229.75000
79.859,229.62500
79.909,229.37500
79.960,229.50000
80.011,229.50000
80.061,229.37500
80.112,229.25000
80.163,229.37500
80.214,229.37500
80.264,229.25000
80.315,229.25000
80.366,229.37500
80.416,229.25000
80.467,229.37500
80.518,229.25000
80.569,229.25000
80.619,229.25000
80.670,229.37500
80.721,229.25000
80.772,229.25000
80.822,229.25000
80.873,229.00000
80.924,229.00000
80.974,229.00000
81.025,229.12500
81.076,229.00000
81.127,228.87500
81.177,229.12500
81.228,229.12500
81.279,229.00000
81.330,229.00000
81.380,228.75000
81.431,228.75000
81.482,228.75000
81.532,228.75000
81.583,228.62500
81.634,228.62500
81.685,228.75000
81.735,228.62500
81.786,228.62500
81.837,228.62500
81.888,228.50000
81.938,228.50000
81.989,228.50000
82.040,228.37500
82.090,228.37500
82.141,228.25000
82.192,228.37500
82.243,228.12500
82.293,228.12500
82.344,228.50000
82.395,228.25000
82.445,228.12500
82.496,228.37500
82.547,228.12500
82.598,228.12500
82.648,228.25000
82.699,228.00000
82.750,227.87500
82.801,228.00000
82.851,228.00000
82.902,227.75000
82.953,227.87500
83.003,227.87500
83.054,227.87500
83.105,227.75000
83.155,227.87500
83.206,227.75000
83.257,227.75000
83.308,227.75000
83.358,227.62500
83.409,227.50000
83.460,227.62500
83.510,227.62500
83.561,227.50000
83.612,227.50000
83.662,227.50000
83.713,227.37500
83.764,227.37500
83.815,227.50000
83.865,227.12500
83.916,227.25000
83.967,227.25000
84.017,227.25000
84.068,227.12500
84.119,227.25000
84.169,227.25000
84.220,227.00000
84.271,227.00000
84.322,227.00000
84.372,226.87500
84.423,226.87500
84.474,227.00000
84.524,226.62500
84.575,226.62500
84.626,226.87500
84.676,226.62500
84.727,226.50000
84.778,226.75000
84.829,226.50000
84.879,226.50000
84.930,226.50000
84.981,226.37500
85.031,226.25000
85.082,226.50000
85.133,226.37500
85.183,226.25000
85.234,226.37500
85.285,226.25000
85.336,226.12500
85.386,226.00000
85.437,226.25000
85.488,226.00000
85.538,225.87500
85.589,226.00000
85.640,225.87500
85.691,225.75000
85.741,226.00000
85.792,225.75000
85.843,225.75000
85.893,225.75000
85.944,225.75000
85.995,225.75000
86.045,225.62500
86.096,225.62500
86.147,225.62500
86.198,225.50000
86.248,225.62500
86.299,225.37500
86.350,225.37500
86.400,225.62500
86.451,225.62500
86.502,225.37500
86.552,225.50000
86.603,225.37500
86.654,225.37500
86.705,225.37500
86.755,225.37500
86.806,225.37500
86.857,225.50000
86.907,225.37500
86.958,225.37500
87.009,225.37500
87.060,225.37500
87.110,225.25000
87.161,225.12500
87.212,225.50000
87.262,225.25000
87.313,225.12500
87.364,225.25000
87.414,225.00000
87.465,225.12500
87.516,225.25000
87.567,225.12500
87.617,224.87500
87.668,224.87500
87.719,224.87500
87.769,224.75000
87.820,224.87500
87.871,225.00000
87.922,224.75000
87.972,224.62500
88.023,224.75000
88.074,224.37500
88.124,224.50000
88.175,224.37500
88.226,224.50000
88.276,224.37500
88.327,224.37500
88.378,224.37500
88.429,224.25000
88.479,224.25000
88.530,224.25000
88.581,224.12500
88.631,223.87500
88.682,224.00000
88.733,224.00000
88.784,224.00000
88.834,224.00000
88.885,223.87500
88.936,223.75000
88.986,223.75000
89.037,224.00000
89.088,223.75000
89.138,223.75000
89.189,223.75000
89.240,223.87500
89.291,223.62500
89.341,223.75000
89.392,223.75000
89.443,223.75000
89.494,223.75000
89.544,223.75000
89.595,223.62500
89.646,223.62500
89.696,223.62500
89.747,223.50000
89.798,223.50000
89.848,223.62500
89.899,223.37500
89.950,223.37500
90.001,223.75000
90.051,223.37500
90.102,223.50000
90.153,223.50000
90.204,223.37500
90.254,223.25000
90.305,223.50000
90.356,223.37500
90.406,223.25000
90.457,223.37500
90.508,223.37500
90.559,223.12500
90.609,223.00000
90.660,223.25000
90.711,223.12500
90.762,222.87500
90.812,223.00000
90.863,223.00000
90.914,222.87500
90.964,222.87500
91.015,222.87500
91.066,222.62500
91.117,222.62500
91.167,222.75000
91.218,222.62500
91.269,222.62500
91.319,222.62500
91.370,222.75000
91.421,222.50000
91.472,222.50000
91.522,222.87500
91.573,222.62500
91.624,222.50000
91.675,222.75000
91.725,222.62500
91.776,222.50000
91.827,222.50000
91.877,222.62500
91.928,222.37500
91.979,222.25000
92.030,222.50000
92.080,222.37500
92.131,222.25000
92.182,222.50000
92.233,222.37500
92.283,222.25000
92.334,222.25000
92.385,222.37500
92.435,222.25000
92.486,222.12500
92.537,222.25000
92.588,222.25000
92.638,222.00000
92.689,222.12500
92.740,222.25000
92.790,222.12500
92.841,222.12500
92.892,222.12500
92.942,222.00000
92.993,221.87500
93.044,221.87500
93.094,221.87500
93.145,221.87500
93.195,221.87500
93.246,222.00000
93.297,221.75000
93.347,221.75000
93.398,221.87500
93.449,222.00000
93.499,221.75000
93.550,221.62500
93.601,221.62500
93.651,221.50000
93.702,221.50000
93.752,221.62500
93.803,221.50000
93.854,221.37500
93.904,221.25000
93.955,221.50000
94.006,221.37500
94.056,221.37500
94.107,221.37500
94.157,221.50000
94.208,221.25000
94.259,221.12500
94.309,221.37500
94.360,221.25000
94.411,221.25000
94.461,221.25000
94.512,221.37500
94.563,221.12500
94.613,221.12500
94.664,221.37500
94.714,221.12500
94.765,221.25000
94.816,221.25000
94.866,221.12500
94.917,221.00000
94.968,221.12500
95.018,221.25000
95.069,221.12500
95.119,221.00000
95.170,221.12500
95.221,220.87500
95.271,221.00000
95.322,220.87500
95.373,220.87500
95.423,220.87500
95.474,220.87500
95.524,221.00000
95.575,220.87500
95.626,220.87500
95.676,220.87500
95.727,221.00000
95.778,220.75000
95.828,220.75000
95.879,220.75000
95.930,220.62500
95.980,220.62500
96.031,220.75000
96.082,220.62500
96.132,220.50000
96.183,220.37500
96.233,220.50000
96.284,220.37500
96.335,220.25000
96.385,220.50000
96.436,220.37500
96.487,220.25000
96.537,220.12500
96.588,220.25000
96.639,220.25000
96.689,220.12500
96.740,220.37500
96.790,220.12500
96.841,220.12500
96.892,220.12500
96.942,220.12500
96.993,220.12500
97.044,220.12500
97.094,220.00000
97.145,219.87500
97.196,220.00000
97.246,220.00000
97.297,219.87500
97.348,219.87500
97.398,220.00000
97.449,219.87500
97.500,219.87500
97.550,219.87500
97.601,219.75000
97.652,219.75000
97.702,219.87500
97.753,219.87500
97.804,219.62500
97.854,219.62500
97.905,219.75000
97.955,219.50000
98.006,219.50000
98.057,219.62500
98.107,219.50000
98.158,219.37500
98.209,219.37500
98.259,219.37500
98.310,219.25000
98.361,219.37500
98.411,219.50000
98.462,219.25000
98.513,219.12500
98.563,219.37500
98.614,219.25000
98.665,219.12500
98.715,219.37500
98.766,219.25000
98.817,219.00000
98.867,219.12500
98.918,219.25000
98.969,219.00000
99.019,218.87500
99.070,219.25000
99.121,219.00000
99.171,219.00000
99.222,219.12500
99.273,219.00000
99.324,218.87500
99.375,219.12500
99.425,219.00000
99.476,218.87500
99.527,218.87500
99.578,219.00000
99.628,218.87500
99.679,218.75000
99.730,218.87500
99.780,218.87500
99.831,218.62500
99.882,218.75000
99.933,218.75000
99.983,218.62500
100.034,218.75000
100.085,218.62500
100.136,218.62500
100.186,218.37500
100.237,218.50000
100.288,218.50000
100.339,218.50000
100.389,218.37500
100.440,218.50000
100.491,218.37500
100.541,218.37500
100.592,218.25000
100.643,218.25000
100.694,218.25000
100.744,218.12500
100.795,218.12500
100.846,218.25000
100.897,218.12500
100.947,218.12500
100.998,218.12500
101.049,218.00000
101.099,218.00000
101.150,218.00000
101.201,218.25000
101.252,218.00000
101.302,217.87500
101.353,218.12500
101.404,218.00000
101.455,218.00000
101.505,218.00000
101.556,217.87500
101.607,217.75000
101.657,217.75000
101.708,217.87500
101.759,217.75000
101.810,217.75000
101.860,218.00000
101.911,217.75000
101.962,217.62500
102.013,217.87500
102.063,217.75000
102.114,217.62500
102.165,217.75000
102.215,217.75000
102.266,217.50000
102.317,217.50000
102.368,217.62500
102.418,217.50000
102.469,217.37500
102.520,217.62500
102.571,217.37500
102.621,217.37500
102.672,217.50000
102.723,217.50000
102.773,217.25000
102.824,217.37500
102.875,217.37500
102.925,217.25000
102.976,217.12500
103.027,217.37500
103.077,217.25000
103.128,217.25000
103.179,217.25000
103.229,217.25000
103.280,217.12500
103.330,217.00000
103.381,217.25000
103.432,217.12500
103.482,217.12500
103.533,217.12500
103.584,217.00000
103.634,216.87500
103.685,216.87500
103.735,217.00000
103.786,217.00000
103.837,216.75000
103.887,216.87500
103.938,216.87500
103.989,216.87500
104.039,216.87500
104.090,216.87500
104.141,216.62500
104.191,216.50000
104.242,216.62500
104.292,216.62500
104.343,216.50000
104.394,216.37500
104.444,216.62500
104.495,216.37500
104.546,216.12500
104.596,216.50000
104.647,216.25000
104.698,216.25000
104.748,216.25000
104.799,216.37500
104.850,216.12500
104.900,216.00000
104.951,216.25000
105.001,216.12500
105.052,216.00000
105.103,216.12500
105.153,216.00000
105.204,215.87500
105.255,215.87500
105.305,216.00000
105.356,215.87500
105.407,215.87500
105.457,215.87500
105.508,215.87500
105.558,215.75000
105.609,216.00000
105.660,215.87500
105.710,215.87500
105.761,216.00000
105.812,215.87500
105.862,215.87500
105.913,215.75000
105.963,215.75000
106.014,215.87500
106.065,215.75000
106.115,215.75000
106.166,215.87500
106.217,215.75000
106.267,215.75000
106.318,215.75000
106.368,215.75000
106.419,215.75000
106.470,215.75000
106.520,215.62500
106.571,215.75000
106.622,215.62500
106.672,215.62500
106.723,215.62500
106.774,215.50000
106.824,215.37500
106.875,215.37500
106.925,215.37500
106.976,215.50000
107.027,215.25000
107.077,215.25000
107.128,215.37500
107.179,215.25000
107.229,215.25000
107.280,215.12500
107.331,215.12500
107.381,215.12500
107.432,215.12500
107.482,215.25000
107.533,215.00000
107.584,214.87500
107.634,214.87500
107.685,214.87500
107.736,214.75000
107.786,214.87500
107.837,214.87500
107.888,214.62500
107.938,214.75000
107.989,214.75000
108.039,214.62500
108.090,214.75000
108.141,214.87500
108.191,214.75000
108.242,214.75000
108.293,214.75000
108.343,214.75000
108.394,214.62500
108.445,214.75000
108.495,214.75000
108.546,214.62500
108.597,214.62500
108.647,214.62500
108.698,214.50000
108.749,214.50000
108.799,214.62500
108.850,214.75000
108.900,214.37500
108.951,214.25000
109.002,214.50000
109.052,214.37500
109.103,214.25000
109.154,214.25000
109.204,214.25000
109.255,214.12500
109.306,214.12500
109.356,214.25000
109.407,214.25000
109.458,214.25000
109.508,214.25000
109.559,214.12500
109.609,214.00000
109.660,214.12500
109.711,214.25000
109.761,214.00000
109.812,214.12500
109.863,214.12500
109.913,214.00000
109.964,214.12500
110.015,214.12500
110.065,214.00000
110.116,214.12500
110.167,214.12500
110.217,214.12500
110.268,214.12500
110.318,214.25000
110.369,214.12500
110.420,214.00000
110.470,214.12500
110.521,214.00000
110.572,213.87500
110.622,214.00000
110.673,214.12500
110.724,214.00000
110.774,213.87500
110.825,213.87500
110.876,213.87500
110.926,213.75000
110.977,213.87500
111.028,213.75000
111.078,213.62500
111.129,213.75000
111.180,213.75000
111.230,213.62500
111.281,213.75000
111.331,213.62500
111.382,213.37500
111.433,213.50000
111.483,213.37500
111.534,213.37500
111.585,213.37500
111.635,213.50000
111.686,213.25000
111.737,213.25000
111.787,213.37500
111.838,213.25000
111.889,213.12500
111.939,213.37500
111.990,213.12500
112.041,213.12500
112.091,213.12500
112.142,213.12500
112.193,213.12500
112.243,213.25000
112.294,213.25000
112.344,213.00000
112.395,213.12500
112.446,213.12500
112.496,213.00000
112.547,213.00000
112.598,213.12500
112.648,212.87500
112.699,212.87500
112.750,212.87500
112.800,212.87500
112.851,212.75000
112.902,212.87500
112.952,212.75000
113.003,212.75000
113.054,212.87500
113.104,212.62500
113.155,212.62500
113.206,212.87500
113.256,212.62500
113.307,212.50000
113.357,212.50000
113.408,212.37500
113.459,212.50000
113.509,212.62500
113.560,212.62500
113.611,212.50000
113.662,212.50000
113.712,212.50000
113.763,212.37500
113.813,212.37500
113.864,212.37500
113.915,212.37500
113.965,212.25000
114.016,212.37500
114.067,212.37500
114.117,212.25000
114.168,212.37500
114.219,212.37500
114.269,212.37500
114.320,212.25000
114.371,212.25000
114.421,212.25000
114.472,212.12500
114.523,212.25000
114.573,212.00000
114.624,212.12500
114.675,212.25000
114.725,212.12500
114.776,212.00000
114.827,212.00000
114.877,212.00000
114.928,211.87500
114.978,212.00000
115.029,212.00000
115.080,211.87500
115.130,211.87500
115.181,211.87500
115.232,211.75000
115.282,211.62500
115.333,211.87500
115.383,211.75000
115.434,211.62500
115.485,211.87500
115.535,211.62500
115.586,211.50000
115.637,211.62500
115.688,211.75000
115.738,211.62500
115.789,211.50000
115.840,211.75000
115.890,211.50000
115.941,211.50000
115.991,211.62500
116.042,211.75000
116.093,211.62500
116.143,211.75000
116.194,211.62500
116.245,211.62500
116.295,211.62500
116.346,211.62500
116.397,211.50000
116.447,211.75000
116.498,211.50000
116.549,211.50000
116.599,211.50000
116.650,211.37500
116.701,211.37500
116.751,211.37500
116.802,211.37500
116.853,211.25000
116.903,211.50000
116.954,211.37500
117.005,211.25000
117.055,211.25000
117.106,211.25000
117.157,211.12500
117.207,211.25000
117.258,211.25000
117.309,211.12500
117.359,211.25000
117.410,211.12500
117.461,211.00000
117.511,211.00000
117.562,211.00000
117.613,211.00000
117.663,211.12500
117.714,211.00000
117.765,211.00000
117.815,211.25000
117.866,211.12500
117.917,210.87500
117.967,210.87500
118.018,210.87500
118.069,210.75000
118.119,211.00000
118.170,210.87500
118.221,210.62500
118.271,211.00000
118.322,210.75000
118.373,210.50000
118.423,210.75000
118.474,210.50000
118.525,210.50000
118.575,210.62500
118.626,210.62500
118.677,210.50000
118.727,210.62500
118.778,210.62500
118.829,210.50000
118.879,210.50000
118.930,210.37500
118.981,210.37500
119.031,210.37500
119.082,210.25000
119.133,210.25000
119.183,210.37500
119.234,210.25000
119.285,210.12500
119.335,210.12500
119.386,210.25000
119.437,210.12500
119.487,210.00000
119.538,210.25000
119.589,210.00000
119.639,210.00000
119.690,210.25000
119.741,210.00000
119.791,210.12500
119.842,210.37500
119.893,210.25000
119.943,210.12500
119.994,210.12500
120.045,210.00000
120.095,210.00000
120.146,210.12500
120.197,210.25000
120.247,210.12500
120.298,210.12500
120.349,210.25000
120.399,210.00000
120.450,210.12500
120.501,210.00000
120.551,209.87500
120.602,209.87500
120.653,210.12500
120.703,209.75000
120.754,210.00000
120.805,209.87500
120.855,209.87500
120.906,209.75000
120.957,209.87500
121.007,209.75000
121.058,209.75000
121.109,209.75000
121.159,209.75000
121.210,209.62500
121.261,209.75000
121.311,209.75000
121.362,209.62500
121.413,209.50000
121.463,209.62500
121.514,209.50000
121.565,209.50000
121.615,209.75000
121.666,209.50000
121.717,209.37500
121.767,209.50000
121.818,209.37500
121.869,209.25000
121.919,209.37500
121.970,209.50000
122.021,209.25000
122.071,209.25000
122.122,209.50000
122.173,209.25000
122.223,209.25000
122.274,209.50000
122.325,209.25000
122.375,209.00000
122.426,209.25000
122.477,209.12500
122.527,209.00000
122.578,209.00000
122.629,209.12500
122.679,209.00000
122.730,209.00000
122.781,209.00000
122.831,209.00000
122.882,209.00000
122.933,209.00000
122.983,209.00000
123.034,208.87500
123.085,209.12500
123.135,209.00000
123.186,208.75000
123.237,208.75000
123.287,208.87500
123.338,208.62500
123.389,208.87500
123.439,208.87500
123.490,208.75000
123.541,208.75000
123.591,208.87500
123.642,208.75000
123.693,208.62500
123.743,208.87500
123.794,208.75000
123.845,208.75000
123.895,208.75000
123.946,208.62500
123.997,208.62500
124.047,208.62500
124.098,208.75000
124.149,208.62500
124.199,208.50000
124.250,208.75000
124.301,208.50000
124.351,208.37500
124.402,208.62500
124.453,208.50000
124.503,208.37500
124.554,208.37500
124.605,208.50000
124.656,208.37500
124.706,208.25000
124.757,208.37500
124.808,208.25000
124.858,208.25000
124.909,208.25000
124.960,208.12500
125.010,208.12500
125.061,208.37500
125.112,208.12500
125.162,208.12500
125.213,208.12500
125.264,208.12500
125.314,208.12500
125.365,208.00000
125.416,208.00000
125.466,208.00000
125.517,208.12500
125.568,208.00000
125.618,207.87500
125.669,208.00000
125.720,208.00000
125.770,207.75000
125.821,207.75000
125.872,207.75000
125.922,207.87500
125.973,207.62500
126.024,207.75000
126.074,207.75000
126.125,207.62500
126.176,207.62500
126.226,207.87500
126.277,207.62500
126.328,207.62500
126.378,207.75000
126.429,207.62500
126.480,207.50000
126.530,207.75000
126.581,207.62500
126.632,207.50000
126.682,207.62500
126.733,207.75000
126.784,207.37500
126.834,207.37500
126.885,207.37500
126.936,207.37500
126.986,207.25000
127.037,207.37500
127.087,207.25000
127.138,207.12500
127.189,207.25000
127.239,207.25000
127.290,207.12500
127.341,207.25000
127.391,207.12500
127.442,207.12500
127.493,207.25000
127.543,207.12500
127.594,207.12500
127.645,207.37500
127.695,207.12500
127.746,207.12500
127.797,207.37500
127.847,207.25000
127.898,207.00000
127.949,207.00000
127.999,207.00000
128.050,207.00000
128.101,207.00000
128.151,207.12500
128.202,206.75000
128.253,206.87500
128.303,207.12500
128.354,206.87500
128.405,206.75000
128.455,206.87500
128.506,206.75000
128.557,206.62500
128.607,206.75000
128.658,206.75000
128.709,206.50000
128.759,206.62500
128.810,206.62500
128.861,206.50000
128.911,206.75000
128.962,206.50000
129.013,206.37500
129.063,206.50000
129.114,206.37500
129.165,206.37500
129.215,206.50000
129.266,206.25000
129.317,206.25000
129.367,206.50000
129.418,206.25000
129.469,206.12500
129.519,206.37500
129.570,206.12500
129.621,206.12500
129.671,206.12500
129.722,206.12500
129.773,206.25000
129.823,206.12500
129.874,206.00000
129.924,206.00000
129.975,206.25000
130.026,206.00000
130.076,205.87500
130.127,206.12500
130.178,206.00000
130.228,206.00000
130.279,206.12500
130.330,206.00000
130.380,205.87500
130.431,206.00000
130.482,206.00000
130.532,206.00000
130.583,206.00000
130.634,206.12500
130.684,206.00000
130.735,206.12500
130.786,206.00000
130.836,206.00000
130.887,205.87500
130.938,205.87500
130.988,205.75000
131.039,205.75000
131.090,205.87500
131.140,205.87500
131.191,205.75000
131.242,205.87500
131.292,205.87500
131.343,205.75000
131.394,205.75000
131.444,205.87500
131.495,205.62500
131.546,205.50000
131.596,205.62500
131.647,205.50000
131.698,205.62500
131.748,205.62500
131.799,205.50000
131.850,205.37500
131.900,205.50000
131.951,205.50000
132.002,205.37500
132.052,205.50000
132.103,205.50000
132.154,205.25000
132.204,205.37500
132.255,205.25000
132.306,205.37500
132.356,205.37500
132.407,205.37500
132.458,205.25000
132.508,205.37500
132.559,205.37500
132.610,205.25000
132.660,205.12500
132.711,205.37500
132.762,205.12500
132.812,205.12500
132.863,205.37500
132.914,205.12500
132.964,205.00000
133.015,205.00000
133.066,205.00000
133.116,205.00000
133.167,205.00000
133.218,204.87500
133.268,204.87500
133.319,204.75000
133.370,204.75000
133.420,204.75000
133.471,204.62500
133.522,204.87500
133.572,204.62500
133.623,204.62500
133.674,204.62500
133.724,204.62500
133.775,204.50000
133.826,204.62500
133.876,204.50000
133.927,204.37500
133.978,204.50000
134.028,204.50000
134.079,204.37500
134.130,204.25000
134.180,204.37500
134.231,204.25000
134.282,204.25000
134.332,204.25000
134.383,204.25000
134.434,204.25000
134.484,204.37500
134.535,204.37500
134.586,204.00000
134.636,204.25000
134.687,204.25000
134.738,204.00000
134.788,204.00000
134.839,204.12500
134.890,204.00000
134.940,204.00000
134.991,204.00000
135.042,203.87500
135.092,203.87500
135.143,203.87500
135.194,203.87500
135.244,203.87500
135.295,203.75000
135.346,203.87500
135.396,203.75000
135.447,203.62500
135.498,203.87500
135.548,203.75000
135.599,203.62500
135.650,203.62500
135.700,203.87500
135.751,203.62500
135.801,203.62500
135.852,203.75000
135.903,203.62500
135.953,203.62500
136.004,203.50000
136.055,203.62500
136.105,203.50000
136.156,203.37500
136.207,203.75000
136.257,203.62500
136.308,203.50000
136.359,203.62500
136.409,203.50000
136.463,203.50000
136.514,203.75000
136.565,203.62500
136.615,203.50000
136.666,203.62500
136.717,203.50000
136.767,203.62500
136.818,203.50000
136.869,203.62500
136.920,203.50000
136.970,203.50000
137.021,203.75000
137.072,203.50000
137.123,203.50000
137.173,203.50000
137.224,203.50000
137.275,203.50000
137.325,203.50000
137.376,203.37500
137.427,203.37500
137.478,203.37500
137.528,203.50000
137.579,203.37500
137.630,203.25000
137.680,203.37500
137.731,203.25000
137.782,203.25000
137.833,203.37500
137.883,203.12500
137.934,203.12500
137.985,203.25000
138.036,203.12500
138.086,203.12500
138.137,203.00000
138.188,203.25000
138.238,203.12500
138.289,203.00000
138.340,203.00000
138.391,202.87500
138.441,202.87500
138.492,203.12500
138.543,203.00000
138.593,202.87500
138.644,202.87500
138.695,202.87500
138.746,202.87500
138.796,203.00000
138.847,202.87500
138.898,202.75000
138.949,202.75000
138.999,202.75000
139.050,202.62500
139.101,202.62500
139.151,202.87500
139.202,202.62500
139.253,202.50000
139.304,202.75000
139.354,202.62500
139.405,202.50000
139.456,202.75000
139.507,202.50000
139.557,202.37500
139.608,202.50000
139.659,202.50000
139.709,202.50000
139.760,202.50000
139.811,202.62500
139.862,202.37500
139.912,202.50000
139.963,202.50000
140.014,202.25000
140.065,202.37500
140.115,202.25000
140.166,202.25000
140.217,202.25000
140.267,202.37500
140.318,202.25000
140.369,202.25000
140.420,202.37500
140.470,202.12500
140.521,202.00000
140.572,202.25000
140.623,202.12500
140.673,202.00000
140.724,202.12500
140.775,202.00000
140.826,202.00000
140.876,202.12500
140.927,202.00000
140.978,202.00000
141.029,202.12500
141.079,202.12500
141.130,201.75000
141.181,201.87500
141.232,202.00000
141.282,201.87500
141.333,201.87500
141.384,201.75000
141.434,201.75000
141.485,201.75000
141.536,201.75000
141.587,201.75000
141.637,201.62500
141.688,201.75000
141.739,201.62500
141.790,201.62500
141.840,201.87500
141.891,201.50000
141.942,201.62500
141.992,201.50000
142.043,201.50000
142.094,201.50000
142.145,201.62500
142.195,201.37500
142.246,201.50000
142.297,201.62500
142.348,201.37500
142.398,201.50000
142.449,201.62500
142.500,201.50000
142.551,201.37500
142.601,201.62500
142.652,201.50000
142.703,201.37500
142.753,201.62500
142.804,201.37500
142.855,201.25000
142.906,201.25000
142.956,201.12500
143.007,201.25000
143.058,201.12500
143.108,201.12500
143.159,201.12500
143.210,201.12500
143.261,201.12500
143.311,201.00000
143.362,201.00000
143.413,201.00000
143.463,201.00000
143.514,201.00000
143.565,201.12500
143.615,201.00000
143.666,200.87500
143.717,201.00000
143.767,200.87500
143.818,200.87500
143.869,201.12500
143.919,201.00000
143.970,200.87500
144.020,200.87500
144.071,201.00000
144.122,200.75000
144.172,200.87500
144.223,200.87500
144.274,200.87500
144.324,201.00000
144.375,200.87500
144.426,200.62500
144.476,200.75000
144.527,200.87500
144.578,200.62500
144.628,200.75000
144.679,200.75000
144.730,200.75000
144.780,200.62500
144.831,200.75000
144.882,200.50000
144.932,200.50000
144.983,200.62500
145.034,200.50000
145.084,200.50000
145.135,200.62500
145.186,200.50000
145.236,200.37500
145.287,200.50000
145.337,200.37500
145.388,200.37500
145.439,200.50000
145.489,200.37500
145.540,200.25000
145.591,200.50000
145.641,200.37500
145.692,200.25000
145.743,200.37500
145.793,200.25000
145.844,200.25000
145.895,200.50000
145.945,200.25000
145.996,200.25000
146.047,200.12500
146.097,200.12500
146.148,200.12500
146.199,200.12500
146.249,200.12500
146.300,200.12500
146.351,200.12500
146.401,200.12500
146.452,200.12500
146.503,200.12500
146.553,200.12500
146.604,199.87500
146.655,200.00000
146.705,200.00000
146.756,200.00000
146.807,199.87500
146.857,200.00000
146.908,200.00000
146.959,199.75000
147.009,199.87500
147.060,199.87500
147.111,199.87500
147.161,199.87500
147.212,200.12500
147.262,199.87500
147.313,199.87500
147.364,199.87500
147.414,199.62500
147.465,199.75000
147.516,200.12500
147.566,199.75000
147.617,199.50000
147.668,199.75000
147.718,199.62500
147.769,199.62500
147.820,199.75000
147.870,199.62500
147.921,199.75000
147.972,199.62500
148.022,199.62500
148.073,199.62500
148.124,199.75000
148.174,199.75000
148.225,199.75000
148.276,199.75000
148.326,199.75000
148.377,199.75000
148.428,199.62500
148.478,199.62500
148.529,199.62500
148.580,199.62500
148.630,199.87500
148.681,199.62500
148.732,199.62500
148.782,199.62500
148.833,199.37500
148.884,199.37500
148.934,199.50000
148.985,199.37500
149.036,199.37500
149.086,199.50000
149.137,199.50000
149.188,199.50000
149.238,199.50000
149.289,199.37500
149.340,199.25000
149.390,199.37500
149.441,199.25000
149.492,199.12500
149.542,199.37500
149.593,199.25000
149.644,199.12500
149.695,199.12500
149.745,198.87500
149.796,199.00000
149.847,199.25000
149.897,199.12500
149.948,199.00000
149.999,199.12500
150.049,199.00000
150.100,199.00000
150.151,199.37500
150.201,199.00000
150.252,199.00000
150.303,199.00000
150.353,199.00000
150.404,198.87500
150.455,198.87500
150.505,198.87500
150.556,198.87500
150.607,198.87500
150.657,198.75000
150.708,198.62500
150.759,198.75000
150.809,198.87500
150.860,198.62500
150.911,198.75000
150.961,198.75000
151.012,198.62500
151.063,198.62500
151.113,198.62500
151.164,198.50000
151.215,198.50000
151.265,198.62500
151.316,198.37500
151.367,198.50000
151.417,198.62500
151.468,198.50000
151.519,198.37500
151.569,198.75000
151.620,198.37500
151.671,198.25000
151.721,198.37500
151.772,198.37500
151.823,198.25000
151.873,198.25000
151.924,198.25000
151.975,198.12500
152.025,198.12500
152.076,198.00000
152.127,198.00000
152.178,198.00000
152.228,198.00000
152.279,197.87500
152.330,198.00000
152.380,198.00000
152.431,197.75000
152.482,197.87500
152.532,197.87500
152.583,197.75000
152.634,197.87500
152.685,197.75000
152.735,197.75000
152.786,197.75000
152.837,197.75000
152.887,197.62500
152.938,197.62500
152.989,197.75000
153.039,197.62500
153.090,197.62500
153.141,197.62500
153.191,197.62500
153.242,197.62500
153.293,197.75000
153.343,197.62500
153.394,197.37500
153.445,197.50000
153.495,197.50000
153.546,197.37500
153.597,197.37500
153.647,197.50000
153.698,197.37500
153.749,197.37500
153.799,197.50000
153.850,197.37500
153.900,197.37500
153.951,197.37500
154.002,197.37500
154.052,197.37500
154.103,197.37500
154.154,197.37500
154.204,197.37500
154.255,197.50000
154.306,197.25000
154.356,197.25000
154.407,197.37500
154.458,197.12500
154.508,197.25000
154.559,197.25000
154.610,197.25000
154.660,197.00000
154.711,197.00000
154.762,197.00000
154.812,197.00000
154.863,197.00000
154.914,196.87500
154.964,196.75000
155.015,197.00000
155.066,197.00000
155.116,196.87500
155.167,196.87500
155.218,197.00000
155.268,196.87500
155.319,196.75000
155.369,196.87500
155.420,196.75000
155.471,196.75000
155.521,196.87500
155.572,196.75000
155.623,196.62500
155.673,196.87500
155.724,196.62500
155.775,196.50000
155.825,196.62500
155.876,196.62500
155.927,196.62500
155.977,196.75000
156.028,196.50000
156.079,196.37500
156.129,196.37500
156.180,196.50000
156.231,196.12500
156.281,196.25000
156.332,196.25000
156.383,196.37500
156.434,196.25000
156.484,196.37500
156.535,196.12500
156.586,196.25000
156.636,196.25000
156.687,196.12500
156.738,196.00000
156.788,196.25000
156.839,196.00000
156.890,196.00000
156.941,196.12500
156.991,196.00000
157.042,196.00000
157.093,196.00000
157.143,196.12500
157.194,195.87500
157.245,196.00000
157.295,196.00000
157.346,195.87500
157.397,196.00000
157.447,195.87500
157.498,195.87500
157.549,196.00000
157.600,195.87500
157.650,195.87500
157.701,196.00000
157.752,195.87500
157.802,195.75000
157.853,195.75000
157.904,195.75000
157.954,195.62500
158.005,195.87500
158.056,195.75000
158.107,195.50000
158.157,195.62500
158.208,195.62500
158.259,195.50000
158.309,195.75000
158.360,195.75000
158.411,195.62500
158.462,195.62500
158.512,195.62500
158.563,195.37500
158.614,195.37500
158.664,195.37500
158.715,195.50000
158.766,195.50000
158.816,195.37500
158.867,195.25000
158.918,195.50000
158.969,195.37500
159.019,195.12500
159.070,195.25000
159.121,195.37500
159.171,195.12500
159.222,195.37500
159.273,195.25000
159.324,195.12500
159.374,195.25000
159.425,195.12500
159.476,195.12500
159.526,195.25000
159.577,195.25000
159.628,195.12500
159.679,195.12500
159.729,195.12500
159.780,195.12500
159.831,195.12500
159.881,195.12500
159.932,195.00000
159.983,195.12500
160.033,195.00000
160.084,195.00000
160.135,195.00000
160.186,194.87500
160.236,194.87500
160.287,194.87500
160.338,194.75000
160.388,194.87500
160.439,195.00000
160.490,194.75000
160.541,194.62500
160.591,194.87500
160.642,194.75000
160.693,194.62500
160.744,194.62500
160.794,194.62500
160.845,194.50000
160.896,194.50000
160.946,194.37500
160.997,194.50000
161.048,194.62500
161.099,194.37500
161.149,194.50000
161.200,194.75000
161.251,194.50000
161.301,194.50000
161.352,194.50000
161.403,194.50000
161.453,194.25000
161.504,194.62500
161.555,194.50000
161.606,194.50000
161.656,194.62500
161.707,194.50000
161.758,194.37500
161.808,194.50000
161.859,194.37500
161.910,194.37500
161.961,194.50000
162.011,194.50000
162.062,194.25000
162.113,194.37500
162.163,194.37500
162.214,194.25000
162.265,194.37500
162.315,194.25000
162.366,194.25000
162.417,194.25000
162.468,194.12500
162.518,194.25000
162.569,194.25000
162.620,194.25000
162.670,194.12500
162.721,194.25000
162.772,194.12500
162.822,194.00000
162.873,194.00000
162.924,194.00000
162.974,193.87500
163.025,194.00000
163.076,193.87500
163.126,193.87500
163.177,194.12500
163.227,193.75000
163.278,193.75000
163.329,193.75000
163.379,193.75000
163.430,193.87500
163.481,193.75000
163.531,193.75000
163.582,193.75000
163.633,193.87500
163.683,193.62500
163.734,193.75000
163.784,193.62500
163.835,193.75000
163.886,193.87500
163.936,193.62500
163.987,193.75000
164.038,193.75000
164.088,193.75000
164.139,193.62500
164.189,193.62500
164.240,193.62500
164.291,193.37500
164.341,193.75000
164.392,193.50000
164.443,193.37500
164.493,193.37500
164.544,193.50000
164.595,193.25000
164.645,193.37500
164.696,193.37500
164.747,193.25000
164.797,193.62500
164.848,193.37500
164.899,193.25000
164.949,193.37500
165.000,193.37500
165.050,193.37500
165.101,193.37500
165.152,193.25000
165.202,193.25000
165.253,193.37500
165.304,193.25000
165.354,193.25000
165.405,193.50000
165.456,193.25000
165.506,193.12500
165.557,193.50000
165.608,193.25000
165.658,193.12500
165.709,193.12500
165.759,193.00000
165.810,193.12500
165.861,193.12500
165.911,193.12500
165.962,193.12500
166.013,193.25000
166.063,192.87500
166.114,193.00000
166.165,192.87500
166.215,192.87500
166.266,193.00000
166.316,192.87500
166.367,192.75000
166.418,192.87500
166.468,192.75000
166.519,192.62500
166.570,192.62500
166.620,192.75000
166.671,192.62500
166.722,192.75000
166.772,192.87500
166.823,192.75000
166.873,192.62500
166.924,192.62500
166.975,192.62500
167.025,192.75000
167.076,192.62500
167.127,192.75000
167.177,192.75000
167.228,192.62500
167.279,192.87500
167.329,192.75000
167.380,192.50000
167.430,192.75000
167.481,192.50000
167.532,192.37500
167.582,192.62500
167.633,192.50000
167.684,192.50000
167.734,192.62500
167.785,192.37500
167.835,192.50000
167.886,192.62500
167.937,192.50000
167.987,192.25000
168.038,192.50000
168.089,192.25000
168.139,192.37500
168.190,192.37500
168.241,192.25000
168.291,192.37500
168.342,192.37500
168.392,192.25000
168.443,192.25000
168.494,192.37500
168.544,192.25000
168.595,192.37500
168.646,192.25000
168.696,192.25000
168.747,192.25000
168.798,192.25000
168.848,192.25000
168.899,192.25000
168.949,192.12500
169.000,192.12500
169.051,192.12500
169.101,192.00000
169.152,192.00000
169.203,192.12500
169.254,192.00000
169.304,192.25000
169.355,192.00000
169.406,192.00000
169.456,192.12500
169.507,192.00000
169.558,191.87500
169.608,192.12500
169.659,191.75000
169.710,191.87500
169.760,191.87500
169.811,191.87500
169.861,192.00000
169.912,192.00000
169.963,191.75000
170.013,192.00000
170.064,192.00000
170.115,191.75000
170.165,191.87500
170.216,191.62500
170.267,191.62500
170.317,191.62500
170.368,191.62500
170.418,191.62500
170.469,191.75000
170.520,191.62500
170.570,191.75000
170.621,191.62500
170.672,191.62500
170.722,191.50000
170.773,191.62500
170.824,191.50000
170.874,191.50000
170.925,191.37500
170.976,191.37500
171.026,191.50000
171.077,191.37500
171.127,191.37500
171.178,191.50000
171.229,191.25000
171.279,191.37500
171.330,191.37500
171.381,191.12500
171.431,191.37500
171.482,191.25000
171.533,191.12500
171.583,191.25000
171.634,191.12500
171.685,191.12500
171.735,191.37500
171.786,191.12500
171.836,191.12500
171.887,191.25000
171.938,191.12500
171.988,190.87500
172.039,191.12500
172.090,191.12500
172.140,191.12500
172.191,191.12500
172.242,191.00000
172.292,191.12500
172.343,191.00000
172.394,191.00000
172.444,191.00000
172.495,190.87500
172.545,191.00000
172.596,191.12500
172.647,191.12500
172.697,191.00000
172.748,191.12500
172.799,190.87500
172.849,190.87500
172.900,191.12500
172.951,190.87500
173.001,190.75000
173.052,190.87500
173.102,190.75000
173.153,190.75000
173.204,190.87500
173.254,190.75000
173.305,190.62500
173.356,190.75000
173.406,190.62500
173.457,190.75000
173.508,190.75000
173.558,190.62500
173.609,190.75000
173.660,190.62500
173.710,190.50000
173.761,190.75000
173.811,190.62500
173.862,190.37500
173.913,190.50000
173.963,190.37500
174.014,190.25000
174.065,190.50000
174.115,190.37500
174.166,190.50000
174.217,190.62500
174.267,190.37500
174.318,190.50000
174.369,190.37500
174.419,190.37500
174.470,190.37500
174.521,190.50000
174.571,190.37500
174.622,190.37500
174.673,190.37500
174.723,190.25000
174.774,190.37500
174.824,190.25000
174.875,190.25000
174.926,190.25000
174.976,190.25000
175.027,190.12500
175.078,190.25000
175.128,190.12500
175.179,190.12500
175.230,190.25000
175.280,190.00000
175.331,190.00000
175.382,190.12500
175.432,190.00000
175.483,189.87500
175.534,190.12500
175.584,190.00000
175.635,189.87500
175.686,189.87500
175.736,189.75000
175.787,189.75000
175.838,190.00000
175.889,189.75000
175.939,189.62500
175.990,189.87500
176.041,189.87500
176.091,189.87500
176.142,189.75000
176.193,189.75000
176.244,189.62500
176.294,189.75000
176.345,189.87500
176.396,189.62500
176.446,189.62500
176.497,189.87500
176.548,189.62500
176.599,189.62500
176.649,189.87500
176.700,189.75000
176.751,189.62500
176.801,189.62500
176.852,189.62500
176.903,189.62500
176.954,189.62500
177.004,189.75000
177.055,189.50000
177.106,189.62500
177.156,189.50000
177.207,189.37500
177.258,189.37500
177.309,189.75000
177.359,189.37500
177.410,189.37500
177.461,189.50000
177.511,189.25000
177.562,189.25000
177.613,189.50000
177.664,189.25000
177.714,189.25000
177.765,189.37500
177.816,189.25000
177.866,189.25000
177.917,189.12500
177.968,189.12500
178.018,189.12500
178.069,189.12500
178.120,189.00000
178.171,189.00000
178.221,189.00000
178.272,188.87500
178.323,188.87500
178.373,189.00000
178.424,188.87500
178.475,188.87500
178.526,189.00000
178.576,189.00000
178.627,188.87500
178.678,188.75000
178.728,188.62500
178.779,188.75000
178.830,188.75000
178.881,188.87500
178.931,188.62500
178.982,188.62500
179.033,188.75000
179.083,188.75000
179.134,188.50000
179.185,188.75000
179.236,188.50000
179.286,188.62500
179.337,188.75000
179.388,188.50000
179.438,188.37500
179.489,188.37500
179.540,188.37500
179.590,188.37500
179.641,188.37500
179.692,188.25000
179.743,188.25000
179.793,188.37500
179.844,188.50000
179.895,188.25000
179.945,188.50000
179.996,188.25000
180.047,188.25000
180.098,188.37500
180.148,188.25000
180.199,188.37500
180.250,188.37500
180.300,188.25000
180.351,188.12500
180.402,188.25000
180.453,188.12500
180.503,188.00000
180.554,188.00000
180.605,188.00000
180.655,188.00000
180.706,188.00000
180.757,188.00000
180.807,188.00000
180.858,187.87500
180.909,188.00000
180.959,187.87500
181.010,187.87500
181.060,188.00000
181.111,187.87500
181.162,187.75000
181.212,187.87500
181.263,187.75000
181.314,187.75000
181.364,187.75000
181.415,187.75000
181.466,187.62500
181.516,187.87500
181.567,187.75000
181.618,187.62500
181.668,187.62500
181.719,187.50000
181.770,187.62500
181.820,187.62500
181.871,187.62500
181.922,187.50000
181.972,187.62500
182.023,187.75000
182.073,187.37500
182.124,187.50000
182.175,187.62500
182.225,187.50000
182.276,187.50000
182.327,187.62500
182.377,187.50000
182.428,187.50000
182.479,187.62500
182.529,187.50000
182.580,187.37500
182.630,187.50000
182.681,187.37500
182.732,187.37500
182.782,187.37500
182.833,187.37500
182.884,187.37500
182.934,187.37500
182.985,187.50000
183.036,187.25000
183.086,187.50000
183.137,187.37500
183.187,187.25000
183.238,187.25000
183.289,187.37500
183.339,187.12500
183.390,187.25000
183.441,187.37500
183.491,187.25000
183.542,187.37500
183.593,187.37500
183.643,187.12500
183.694,187.25000
183.744,187.50000
183.795,187.25000
183.846,187.12500
183.896,187.12500
183.947,187.25000
183.998,187.12500
184.048,187.12500
184.099,187.00000
184.150,187.12500
184.200,187.25000
184.251,187.00000
184.302,186.87500
184.352,187.12500
184.403,186.87500
184.453,186.87500
184.504,187.00000
184.555,186.87500
184.605,186.75000
184.656,186.87500
184.707,186.62500
184.757,186.62500
184.808,186.87500
184.859,186.75000
184.909,186.62500
184.960,186.87500
185.011,186.62500
185.061,186.50000
185.112,186.75000
185.162,186.62500
185.213,186.50000
185.264,186.75000
185.314,186.50000
185.365,186.50000
185.416,186.50000
185.466,186.62500
185.517,186.37500
185.568,186.62500
185.618,186.50000
185.669,186.37500
185.720,186.62500
185.770,186.25000
185.821,186.25000
185.872,186.37500
185.922,186.37500
185.973,186.50000
186.024,186.50000
186.074,186.25000
186.125,186.25000
186.175,186.37500
186.226,186.25000
186.277,186.25000
186.327,186.25000
186.378,186.25000
186.429,186.12500
186.479,186.25000
186.530,186.25000
186.581,186.12500
186.631,186.12500
186.682,186.12500
186.732,186.12500
186.783,186.25000
186.834,186.25000
186.884,186.12500
186.935,186.25000
186.986,186.12500
187.036,186.12500
187.087,186.12500
187.138,186.12500
187.188,186.12500
187.239,186.12500
187.289,186.00000
187.340,186.00000
187.391,186.00000
187.441,186.12500
187.492,185.87500
187.543,186.00000
187.593,185.75000
187.644,185.87500
187.695,185.87500
187.745,185.87500
187.796,185.75000
187.847,185.87500
187.897,185.87500
187.948,185.75000
187.998,185.75000
188.049,185.75000
188.100,185.75000
188.150,185.75000
188.201,185.62500
188.252,185.62500
188.302,185.75000
188.353,185.87500
188.404,185.62500
188.454,185.75000
188.505,185.62500
188.556,185.62500
188.606,185.87500
188.657,185.62500
188.708,185.50000
188.758,185.50000
188.809,185.62500
188.859,185.37500
188.910,185.37500
188.961,185.37500
189.011,185.37500
189.062,185.37500
189.113,185.37500
189.163,185.25000
189.214,185.25000
189.265,185.25000
189.315,185.00000
189.366,185.00000
189.417,185.00000
189.467,185.12500
189.518,185.37500
189.569,185.12500
189.619,185.00000
189.670,185.12500
189.720,185.12500
189.771,185.00000
189.822,185.12500
189.872,185.12500
189.923,184.87500
189.974,185.00000
190.024,185.12500
190.075,184.87500
190.125,185.00000
190.176,184.87500
190.227,184.87500
190.277,185.12500
190.328,184.87500
190.379,184.75000
190.429,185.00000
190.480,184.87500
190.531,184.75000
190.581,185.00000
190.632,184.75000
190.682,184.87500
190.733,184.87500
190.784,184.87500
190.834,184.87500
190.885,184.75000
190.936,184.75000
190.986,184.75000
191.037,184.75000
191.088,184.62500
191.138,184.62500
191.189,184.75000
191.239,184.75000
191.290,184.62500
191.341,184.62500
191.391,184.50000
191.442,184.75000
191.493,184.62500
191.544,184.62500
191.594,184.62500
191.645,184.62500
191.696,184.50000
191.746,184.62500
191.797,184.62500
191.847,184.50000
191.898,184.62500
191.949,184.62500
191.999,184.62500
192.050,184.75000
192.101,184.62500
192.151,184.62500
192.202,184.75000
192.253,184.37500
192.303,184.37500
192.354,184.50000
192.404,184.50000
192.455,184.50000
192.506,184.37500
192.556,184.25000
192.607,184.37500
192.658,184.25000
192.708,184.25000
192.759,184.37500
192.810,184.25000
192.860,184.00000
192.911,184.25000
192.962,184.12500
193.012,184.12500
193.063,184.25000
193.114,184.00000
193.164,184.00000
193.215,184.25000
193.266,183.75000
193.316,183.75000
193.367,183.87500
193.417,184.00000
193.468,183.87500
193.519,183.75000
193.570,183.75000
193.620,184.00000
193.671,183.87500
193.722,183.87500
193.772,183.87500
193.823,183.87500
193.874,183.87500
193.924,184.00000
193.975,184.00000
194.026,184.00000
194.077,184.12500
194.127,183.87500
194.178,183.87500
194.229,183.87500
194.279,184.00000
194.330,184.00000
194.381,184.00000
194.432,184.00000
194.482,184.12500
194.533,184.00000
194.584,184.12500
194.634,184.25000
194.685,184.00000
194.736,184.00000
194.787,184.12500
194.837,183.87500
194.888,184.12500
194.939,183.87500
194.989,183.87500
195.040,184.00000
195.091,183.75000
195.141,183.87500
195.192,183.87500
195.243,183.75000
195.294,183.62500
195.344,183.62500
195.395,183.62500
195.446,183.75000
195.496,183.50000
195.547,183.50000
195.598,183.62500
195.649,183.62500
195.699,183.37500
195.750,183.50000
195.801,183.50000
195.851,183.37500
195.902,183.50000
195.953,183.37500
196.003,183.50000
196.054,183.50000
196.105,183.37500
196.155,183.50000
196.206,183.50000
196.257,183.37500
196.307,183.50000
196.358,183.37500
196.409,183.25000
196.459,183.37500
196.510,183.37500
196.561,183.37500
196.611,183.37500
196.662,183.25000
196.713,183.37500
196.763,183.37500
196.814,183.25000
196.865,183.25000
196.916,183.25000
196.966,183.00000
197.017,183.37500
197.068,183.12500
197.118,183.00000
197.169,183.00000
197.220,183.00000
197.270,183.00000
197.321,183.00000
197.372,182.87500
197.422,182.75000
197.473,182.87500
197.524,182.62500
197.574,182.62500
197.625,182.87500
197.676,182.62500
197.726,182.62500
197.777,182.75000
197.828,182.62500
197.878,182.62500
197.929,182.75000
197.980,182.75000
198.030,182.62500
198.081,182.62500
198.132,182.62500
198.182,182.62500
198.233,182.62500
198.284,182.62500
198.334,182.62500
198.385,182.50000
198.436,182.62500
198.486,182.50000
198.537,182.50000
198.588,182.50000
198.638,182.37500
198.689,182.50000
198.740,182.37500
198.790,182.37500
198.841,182.25000
198.892,182.50000
198.942,182.25000
198.993,182.37500
199.044,182.37500
199.094,182.25000
199.145,182.25000
199.196,182.50000
199.246,182.25000
199.297,182.37500
199.348,182.25000
199.398,182.12500
199.449,182.00000
199.500,182.25000
199.550,182.12500
199.601,181.87500
199.652,182.25000
199.702,182.00000
199.753,181.87500
199.804,182.00000
199.854,182.00000
199.905,181.87500
199.956,182.00000
