time(s),mvs
0.000,-61.87500
0.101,-62.00000
0.152,-62.12500
0.203,-62.00000
0.253,-62.25000
0.304,-62.50000
0.360,-62.62500
0.411,-62.75000
0.462,-62.75000
0.512,-63.00000
0.563,-62.87500
0.614,-63.12500
0.665,-63.50000
0.716,-63.62500
0.767,-63.87500
0.820,-64.00000
0.870,-63.75000
0.921,63.25000
0.972,250.12500
1.023,290.12500
1.074,309.75000
1.125,319.62500
1.175,322.87500
1.226,319.12500
1.277,314.75000
1.328,313.62500
1.378,308.25000
1.429,313.37500
1.480,313.50000
1.530,306.25000
1.581,305.87500
1.632,304.12500
1.682,313.87500
1.733,324.87500
1.784,325.37500
1.835,321.87500
1.887,321.25000
1.938,321.25000
1.989,317.12500
2.040,310.25000
2.090,305.87500
2.141,309.37500
2.192,311.62500
2.243,306.75000
2.294,302.75000
2.344,298.37500
2.395,294.00000
2.446,289.00000
2.497,283.75000
2.547,279.62500
2.598,274.62500
2.650,270.25000
2.701,265.12500
2.753,260.37500
2.804,256.12500
2.855,251.12500
2.905,247.25000
2.956,243.50000
3.007,239.37500
3.058,236.00000
3.109,232.25000
3.160,229.00000
3.210,225.75000
3.261,223.00000
3.312,220.12500
3.362,217.75000
3.413,214.62500
3.464,212.50000
3.515,210.12500
3.566,208.25000
3.617,206.25000
3.667,204.62500
3.720,202.75000
3.771,201.25000
3.821,199.37500
3.872,198.12500
3.923,196.62500
3.974,195.37500
4.025,194.25000
4.076,193.12500
4.127,191.87500
4.178,191.00000
4.228,190.00000
4.279,188.75000
4.330,188.00000
4.381,187.00000
4.432,186.12500
4.485,185.37500
4.536,184.87500
4.586,184.25000
4.637,183.50000
4.688,182.62500
4.740,181.75000
4.791,181.37500
4.842,180.75000
4.892,180.25000
4.943,179.62500
4.994,179.37500
5.045,178.87500
5.095,178.25000
5.146,177.87500
5.197,177.25000
5.248,176.87500
5.299,176.50000
5.351,176.00000
5.402,176.00000
5.453,175.50000
5.503,175.25000
5.554,174.87500
5.605,174.25000
5.655,174.00000
5.706,173.50000
5.757,173.25000
5.808,173.25000
5.859,172.87500
5.910,172.37500
5.960,172.25000
6.011,172.00000
6.062,171.50000
6.113,171.37500
6.163,171.00000
6.214,170.87500
6.265,170.62500
6.316,170.37500
6.369,170.37500
6.420,170.00000
6.471,169.62500
6.521,169.62500
6.572,169.12500
6.623,169.00000
6.674,168.75000
6.724,168.62500
6.775,168.50000
6.826,168.50000
6.877,168.00000
6.927,168.00000
6.978,167.87500
7.029,167.50000
7.079,167.37500
7.130,167.12500
7.181,167.00000
7.232,166.87500
7.285,166.75000
7.335,166.75000
7.386,166.50000
7.437,166.12500
7.488,166.00000
7.539,166.00000
7.589,165.75000
7.640,165.75000
7.691,165.62500
7.741,165.50000
7.792,165.37500
7.843,165.12500
7.894,164.87500
7.944,164.87500
7.995,164.50000
8.046,164.50000
8.097,164.37500
8.148,164.12500
8.198,164.37500
8.251,164.00000
8.302,163.87500
8.352,163.75000
8.403,163.62500
8.454,163.62500
8.505,163.37500
8.556,163.37500
8.606,163.37500
8.657,163.12500
8.708,162.87500
8.758,162.87500
8.809,162.62500
8.860,162.37500
8.911,162.37500
8.961,162.12500
9.012,162.12500
9.063,162.25000
9.114,162.00000
9.166,161.87500
9.217,161.62500
9.268,161.37500
9.319,161.37500
9.369,161.25000
9.420,161.12500
9.471,161.25000
9.522,161.12500
9.572,161.00000
9.623,161.00000
9.674,160.62500
9.725,160.50000
9.775,160.25000
9.826,160.12500
9.877,160.25000
9.927,160.12500
9.978,159.87500
10.029,160.00000
10.080,159.87500
10.131,159.62500
10.184,159.37500
10.235,159.25000
10.285,158.87500
10.336,158.87500
10.387,158.75000
10.438,158.75000
10.488,158.75000
10.539,158.50000
10.590,158.37500
10.641,158.12500
10.691,158.00000
10.742,157.87500
10.793,157.87500
10.844,157.87500
10.894,157.87500
10.945,157.62500
10.996,157.37500
11.047,157.37500
11.098,157.12500
11.150,157.00000
11.201,157.00000
11.252,157.12500
11.302,156.87500
11.353,156.75000
11.404,156.50000
11.455,156.62500
11.505,156.25000
11.556,156.25000
11.607,155.87500
11.658,155.75000
11.708,155.75000
11.759,155.62500
11.810,155.62500
11.861,155.62500
11.913,155.25000
11.964,155.12500
12.016,155.00000
12.067,155.00000
12.118,154.87500
12.169,154.75000
12.219,154.75000
12.270,154.75000
12.321,154.37500
12.372,154.37500
12.423,154.12500
12.474,154.12500
12.524,154.00000
12.575,153.75000
12.626,153.75000
12.676,153.87500
12.727,153.62500
12.778,153.62500
12.830,153.25000
12.883,153.12500
12.934,153.00000
12.985,152.87500
13.036,153.00000
13.086,152.75000
13.138,152.75000
13.188,152.75000
13.239,152.37500
13.290,152.25000
13.340,152.00000
13.391,152.00000
13.442,151.87500
13.493,151.75000
13.543,151.75000
13.596,151.62500
13.648,151.37500
13.699,151.37500
13.749,151.12500
13.801,151.00000
13.851,151.00000
13.902,150.87500
13.953,150.75000
14.004,150.75000
14.054,150.75000
14.105,150.25000
14.156,150.25000
14.207,150.00000
14.258,150.00000
14.308,149.87500
14.359,149.62500
14.410,149.75000
14.461,149.50000
14.512,149.50000
14.563,149.50000
14.615,149.12500
14.666,149.12500
14.717,148.87500
14.767,148.75000
14.818,148.62500
14.869,148.50000
14.920,148.62500
14.971,148.50000
15.021,148.00000
15.072,148.00000
15.123,148.00000
15.173,147.75000
15.224,147.62500
15.275,147.50000
15.326,147.37500
15.376,147.37500
15.427,147.37500
15.478,147.25000
15.529,147.12500
15.581,146.87500
15.632,146.75000
15.683,146.62500
15.734,146.37500
15.784,146.50000
15.835,146.25000
15.886,146.12500
15.937,146.00000
15.987,145.87500
16.038,145.62500
16.089,145.50000
16.139,145.37500
16.190,145.50000
16.245,145.25000
16.296,145.37500
16.348,145.12500
16.399,144.87500
16.449,144.62500
16.500,144.50000
16.551,144.37500
16.602,144.37500
16.652,144.12500
16.703,144.25000
16.754,144.12500
16.805,143.87500
16.855,143.75000
16.906,143.87500
16.957,143.37500
17.008,143.25000
17.058,143.25000
17.109,143.12500
17.160,143.12500
17.211,143.00000
17.262,142.75000
17.314,142.75000
17.365,142.37500
17.415,142.25000
17.466,142.25000
17.517,142.00000
17.568,142.00000
17.619,142.00000
17.669,141.62500
17.720,141.62500
17.771,141.25000
17.822,141.12500
17.873,141.00000
17.923,140.87500
17.974,140.75000
18.025,141.00000
18.076,140.75000
18.127,140.50000
18.177,140.50000
18.228,140.12500
18.280,140.12500
18.331,139.87500
18.382,139.75000
18.433,139.87500
18.484,139.75000
18.535,139.50000
18.586,139.50000
18.637,139.12500
18.687,139.00000
18.738,138.87500
18.789,138.75000
18.840,138.75000
18.891,138.75000
18.942,138.62500
18.993,138.50000
19.047,138.12500
19.099,138.00000
19.150,137.87500
19.200,137.87500
19.251,137.87500
19.302,137.50000
19.353,137.50000
19.404,137.12500
19.455,137.00000
19.506,136.87500
19.562,137.00000
19.613,136.87500
19.665,136.50000
19.715,136.37500
19.766,136.25000
19.817,136.12500
19.868,136.00000
19.919,135.87500
19.969,135.62500
20.020,135.75000
20.071,135.62500
20.122,135.37500
20.172,135.37500
20.223,135.00000
20.274,134.87500
20.325,134.62500
20.375,134.50000
20.426,134.62500
20.480,134.37500
20.530,134.37500
20.581,134.25000
20.632,133.87500
20.682,133.75000
20.733,133.62500
20.784,133.50000
20.835,133.50000
20.885,133.50000
20.937,133.12500
20.987,133.00000
21.038,132.87500
21.089,132.75000
21.139,132.50000
21.190,132.37500
21.241,132.12500
21.292,132.87500
21.343,132.12500
21.394,132.00000
21.446,131.87500
21.498,131.62500
21.549,131.75000
21.600,131.50000
21.651,131.37500
21.701,131.75000
21.752,131.12500
21.803,130.75000
21.854,130.62500
21.904,130.37500
21.955,130.12500
22.006,130.25000
22.056,130.00000
22.107,130.12500
22.158,129.75000
22.209,129.62500
22.260,129.50000
22.312,129.12500
22.363,129.12500
22.414,129.25000
22.466,128.87500
22.517,129.00000
22.569,128.87500
22.620,128.50000
22.670,128.37500
22.721,128.25000
22.772,128.12500
22.823,127.87500
22.874,127.75000
22.926,127.87500
22.978,127.37500
23.029,127.25000
23.080,127.25000
23.130,126.87500
23.181,126.87500
23.232,126.62500
23.283,126.50000
23.334,126.50000
23.384,126.37500
23.435,126.37500
23.486,126.25000
23.537,125.87500
23.589,125.75000
23.640,125.50000
23.691,125.50000
23.742,125.25000
23.795,125.25000
23.846,125.12500
23.897,125.12500
23.948,124.62500
23.998,124.62500
24.049,124.37500
24.100,124.25000
24.151,124.12500
24.201,124.00000
24.252,124.00000
24.303,123.75000
24.354,123.50000
24.404,123.62500
24.455,123.12500
24.506,123.00000
24.557,122.87500
24.610,122.75000
24.661,122.87500
24.712,122.62500
24.762,122.37500
24.813,122.25000
24.864,121.87500
24.915,121.87500
24.965,121.50000
25.016,121.37500
25.067,121.25000
25.118,121.25000
25.168,121.12500
25.219,121.12500
25.270,121.00000
25.321,120.62500
25.371,120.50000
25.422,120.25000
25.473,120.12500
25.524,120.00000
25.576,119.87500
25.627,119.87500
25.678,119.62500
25.729,119.37500
25.779,119.25000
25.830,119.00000
25.882,118.75000
25.932,118.75000
25.983,118.50000
26.034,118.50000
26.085,118.37500
26.135,118.25000
26.186,118.12500
26.237,117.87500
26.288,117.50000
26.338,117.50000
26.389,117.12500
26.440,117.00000
26.491,117.25000
26.543,116.75000
26.593,116.87500
26.644,116.62500
26.695,116.25000
26.745,116.12500
26.796,116.00000
26.847,115.75000
26.898,115.87500
26.949,115.62500
26.999,115.37500
27.050,115.25000
27.101,115.12500
27.152,114.75000
27.202,114.75000
27.253,114.37500
27.306,114.50000
27.357,114.25000
27.410,114.25000
27.461,114.12500
27.514,113.75000
27.566,113.37500
27.616,113.37500
27.667,113.25000
27.718,113.12500
27.768,112.75000
27.819,112.87500
27.870,112.75000
27.920,112.37500
27.972,112.25000
28.023,112.00000
28.075,111.87500
28.126,111.62500
28.177,111.50000
28.228,111.62500
28.278,111.50000
28.329,111.12500
28.381,111.00000
28.432,110.62500
28.482,110.50000
28.533,110.37500
28.584,110.12500
28.634,110.12500
28.685,110.00000
28.736,109.87500
28.786,109.75000
28.838,109.25000
28.889,109.12500
28.942,109.00000
28.993,108.75000
29.044,108.75000
29.095,108.50000
29.145,108.50000
29.196,108.50000
29.247,108.00000
29.301,108.00000
29.351,107.62500
29.402,107.50000
29.453,107.25000
29.504,107.12500
29.555,107.12500
29.605,106.87500
29.656,106.62500
29.709,106.50000
29.759,106.00000
29.810,106.00000
29.861,106.00000
29.912,105.87500
29.963,105.75000
30.014,105.50000
30.064,105.37500
30.115,105.12500
30.166,104.87500
30.217,104.62500
30.267,104.25000
30.318,104.25000
30.369,104.00000
30.420,104.12500
30.472,104.00000
30.523,103.75000
30.575,103.50000
30.625,103.37500
30.676,102.87500
30.727,102.75000
30.778,102.75000
30.828,102.62500
30.879,102.37500
30.930,102.37500
30.982,101.87500
31.033,101.75000
31.084,101.62500
31.134,101.37500
31.185,101.12500
31.236,101.12500
31.287,101.00000
31.340,100.75000
31.391,100.37500
31.442,100.25000
31.493,99.87500
31.543,99.75000
31.594,99.62500
31.645,99.62500
31.696,99.50000
31.747,99.25000
31.798,99.00000
31.849,98.75000
31.899,98.50000
31.950,98.25000
32.001,98.00000
32.053,98.00000
32.106,97.87500
32.157,97.75000
32.208,97.37500
32.259,97.25000
32.310,97.00000
32.361,96.87500
32.411,96.75000
32.462,96.50000
32.513,96.37500
32.564,96.25000
32.615,96.12500
32.665,95.75000
32.716,95.62500
32.767,95.25000
32.818,95.12500
32.870,94.87500
32.921,94.75000
32.974,94.75000
33.025,94.25000
33.076,94.25000
33.126,93.87500
33.177,93.62500
33.228,93.62500
33.279,93.25000
33.330,93.12500
33.380,93.12500
33.431,93.12500
33.482,92.75000
33.533,92.62500
33.584,92.25000
33.634,92.00000
33.685,91.75000
33.736,91.62500
33.787,91.62500
33.839,91.37500
33.890,91.25000
33.941,91.00000
33.991,90.50000
34.042,90.37500
34.093,90.12500
34.144,90.00000
34.195,89.75000
34.245,89.62500
34.297,89.62500
34.348,89.50000
34.398,89.00000
34.449,89.00000
34.500,88.87500
34.551,88.50000
34.602,88.37500
34.654,88.00000
34.705,88.12500
34.756,88.00000
34.807,87.75000
34.858,87.62500
34.908,87.12500
34.959,86.87500
35.010,86.62500
35.061,86.37500
35.112,86.25000
35.162,86.25000
35.213,86.00000
35.264,86.00000
35.315,85.75000
35.366,85.37500
35.417,85.12500
35.470,84.87500
35.520,84.75000
35.572,84.62500
35.622,84.37500
35.673,84.37500
35.724,84.12500
35.775,83.75000
35.826,83.62500
35.878,83.25000
35.933,83.12500
35.984,83.00000
36.034,83.00000
36.085,82.87500
36.138,82.37500
36.189,82.12500
36.239,81.87500
36.290,81.62500
36.341,81.50000
36.392,81.25000
36.443,81.37500
36.493,81.37500
36.545,80.87500
36.596,80.62500
36.646,80.25000
36.697,80.00000
36.748,79.75000
36.799,79.50000
36.849,79.50000
36.900,79.37500
36.951,79.00000
37.002,79.00000
37.053,78.75000
37.105,78.50000
37.157,78.12500
37.208,78.00000
37.259,78.50000
37.309,77.75000
37.360,77.37500
37.411,77.25000
37.462,77.00000
37.513,76.75000
37.563,76.75000
37.614,76.62500
37.665,76.37500
37.715,76.12500
37.766,75.87500
37.818,75.62500
37.871,75.25000
37.921,75.12500
37.972,75.00000
38.023,74.87500
38.074,74.75000
38.124,74.62500
38.175,74.37500
38.226,74.12500
38.277,73.87500
38.328,73.37500
38.378,73.25000
38.429,73.12500
38.480,72.87500
38.531,73.00000
38.582,72.75000
38.634,72.50000
38.684,72.37500
38.738,72.00000
38.790,71.75000
38.842,71.50000
38.893,71.62500
38.944,71.37500
38.995,71.00000
39.046,70.87500
39.096,70.62500
39.147,70.25000
39.198,70.12500
39.249,70.00000
39.299,69.75000
39.350,69.75000
39.403,69.37500
39.454,69.25000
39.505,69.00000
39.555,68.75000
39.606,68.62500
39.657,68.25000
39.708,68.00000
39.758,68.00000
39.809,67.87500
39.860,67.75000
39.911,67.50000
39.961,67.25000
40.012,67.00000
40.063,66.75000
40.113,66.62500
40.164,66.50000
40.215,66.25000
40.266,66.00000
40.317,65.87500
40.368,65.75000
40.418,65.37500
40.470,65.12500
40.521,65.00000
40.572,64.62500
40.623,64.62500
40.673,64.37500
40.724,64.37500
40.775,64.25000
40.826,63.75000
40.877,63.75000
40.927,63.50000
40.978,63.12500
41.029,63.12500
41.079,62.75000
41.130,63.00000
41.181,62.62500
41.232,62.50000
41.283,62.12500
41.336,61.87500
41.386,61.75000
41.437,61.37500
41.488,61.25000
41.539,61.25000
41.589,61.12500
41.640,60.75000
41.691,60.75000
41.742,60.50000
41.793,60.25000
41.843,60.00000
41.894,59.75000
41.945,59.62500
41.995,59.50000
42.046,59.37500
42.097,59.25000
42.148,59.00000
42.198,58.75000
42.249,58.62500
42.302,58.37500
42.353,58.12500
42.403,58.12500
42.454,57.87500
42.505,57.75000
42.556,57.62500
42.607,57.25000
42.658,57.12500
42.708,57.00000
42.759,56.62500
42.810,56.50000
42.861,56.25000
42.911,56.12500
42.962,56.25000
43.013,56.12500
43.064,55.62500
43.115,55.50000
43.166,55.25000
43.217,55.00000
43.268,54.87500
43.319,54.62500
43.370,54.62500
43.420,54.62500
43.471,54.37500
43.522,54.25000
43.573,53.87500
43.624,53.75000
43.675,53.62500
43.726,53.50000
43.776,53.25000
43.827,53.25000
43.878,53.00000
43.929,53.12500
43.979,52.87500
44.030,52.50000
44.081,52.37500
44.134,52.12500
44.185,51.87500
44.236,51.75000
44.287,51.62500
44.337,51.75000
44.388,51.50000
44.439,51.25000
44.490,51.12500
44.541,50.62500
44.591,50.62500
44.642,50.37500
44.693,50.25000
44.743,50.37500
44.794,50.00000
44.845,50.00000
44.895,49.75000
44.946,49.62500
44.997,49.25000
45.048,49.12500
45.100,48.87500
45.151,48.75000
45.202,48.75000
45.252,48.50000
45.303,48.62500
45.354,48.37500
45.404,48.00000
45.455,48.00000
45.506,47.62500
45.557,47.50000
45.607,47.50000
45.658,47.25000
45.709,46.87500
45.759,47.12500
45.810,47.37500
45.861,46.62500
45.912,46.62500
45.963,46.37500
46.014,46.12500
46.066,46.00000
46.117,45.75000
46.168,45.87500
46.219,45.62500
46.269,45.62500
46.320,45.50000
46.371,45.12500
46.422,45.00000
46.473,44.62500
46.523,44.50000
46.574,44.62500
46.625,44.37500
46.675,44.37500
46.726,44.25000
46.777,44.12500
46.828,43.75000
46.878,43.62500
46.929,43.37500
46.980,43.12500
47.033,43.00000
47.083,42.87500
47.134,43.00000
47.185,42.87500
47.235,42.62500
47.286,42.50000
47.337,42.12500
47.388,41.87500
47.439,41.87500
47.490,41.75000
47.540,41.75000
47.591,41.62500
47.642,41.50000
47.692,41.37500
47.743,41.25000
47.794,41.00000
47.845,40.87500
47.896,40.62500
47.947,40.37500
47.999,40.37500
48.050,40.25000
48.100,40.12500
48.151,40.00000
48.202,39.75000
48.253,39.50000
48.304,39.25000
48.354,39.25000
48.405,39.25000
48.456,39.12500
48.507,39.12500
48.557,39.00000
48.608,38.50000
48.659,38.50000
48.709,38.50000
48.760,38.25000
48.811,38.00000
48.862,38.00000
48.912,37.87500
48.965,37.75000
49.016,37.87500
49.066,37.50000
49.117,37.25000
49.168,37.00000
49.219,37.00000
49.269,36.75000
49.320,36.75000
49.371,36.87500
49.422,36.62500
49.472,36.25000
49.523,36.50000
49.574,36.37500
49.624,36.00000
49.675,35.87500
49.726,35.62500
49.776,35.62500
49.827,35.50000
49.878,35.50000
49.929,35.25000
49.980,35.25000
50.032,34.87500
50.083,34.75000
50.133,34.62500
50.184,34.50000
50.235,34.62500
50.286,34.37500
50.336,34.25000
50.387,34.12500
50.438,33.87500
50.489,33.75000
50.539,33.62500
50.590,33.37500
50.641,33.37500
50.692,33.37500
50.742,33.25000
50.793,33.12500
50.844,33.12500
50.894,32.75000
50.945,32.62500
50.998,32.50000
51.049,32.12500
51.100,32.25000
51.150,32.12500
51.201,32.00000
51.252,32.00000
51.303,31.62500
51.354,31.50000
51.405,31.37500
51.455,31.12500
51.506,31.12500
51.557,31.00000
51.608,30.87500
51.658,30.87500
51.709,30.87500
51.760,30.62500
51.811,30.50000
51.864,30.25000
51.915,30.12500
51.966,30.00000
52.017,30.12500
52.067,30.00000
52.118,30.00000
52.169,29.75000
52.219,29.62500
52.270,29.50000
52.321,29.25000
52.374,29.00000
52.425,29.25000
52.476,29.00000
52.527,28.87500
52.578,28.87500
52.630,28.50000
52.681,28.37500
52.732,28.25000
52.783,28.12500
52.834,28.37500
52.886,28.25000
52.937,28.00000
52.988,27.87500
53.038,27.62500
53.089,27.50000
53.140,27.37500
53.191,27.25000
53.241,27.12500
53.294,27.12500
53.345,27.12500
53.398,27.00000
53.449,26.62500
53.499,26.62500
53.550,26.37500
53.601,26.37500
53.652,26.25000
53.702,26.12500
53.753,26.25000
53.804,26.12500
53.855,25.75000
53.905,25.75000
53.956,25.62500
54.007,25.37500
54.058,25.25000
54.108,25.25000
54.159,25.00000
54.210,25.12500
54.263,24.87500
54.314,24.87500
54.365,24.75000
54.415,24.50000
54.466,24.37500
54.517,24.25000
54.568,24.00000
54.619,24.25000
54.669,24.00000
54.720,23.87500
54.771,23.87500
54.821,23.62500
54.872,23.50000
54.923,23.25000
54.974,23.25000
55.024,23.25000
55.077,23.00000
55.130,23.00000
55.180,23.00000
55.231,22.62500
55.282,22.50000
55.333,22.37500
55.383,22.25000
55.434,22.25000
55.485,22.00000
55.536,22.00000
55.586,22.00000
55.637,22.00000
55.688,21.75000
55.739,21.87500
55.790,21.50000
55.840,21.37500
55.893,21.37500
55.943,21.25000
55.996,21.25000
56.047,21.00000
56.097,21.00000
56.149,20.75000
56.199,20.62500
56.250,20.62500
56.301,20.50000
56.352,20.37500
56.403,20.50000
56.453,20.37500
56.504,20.25000
56.555,20.25000
56.605,20.00000
56.656,19.87500
56.707,19.50000
56.758,19.50000
56.810,19.62500
56.862,19.37500
56.913,19.50000
56.964,19.37500
57.016,19.00000
57.067,19.00000
57.118,18.75000
57.170,18.75000
57.221,18.62500
57.272,19.00000
57.322,18.50000
57.373,18.25000
57.425,18.12500
57.476,18.00000
57.530,17.87500
57.581,17.87500
57.631,17.75000
57.682,18.00000
57.733,17.75000
57.784,17.50000
57.834,17.50000
57.885,17.25000
57.936,17.12500
57.987,17.00000
58.037,16.75000
58.088,17.00000
58.139,16.87500
58.190,16.75000
58.241,16.75000
58.292,16.62500
58.343,16.50000
58.395,16.12500
58.445,16.12500
58.496,16.00000
58.547,16.00000
58.598,16.00000
58.649,16.00000
58.699,15.87500
58.750,15.62500
58.801,15.50000
58.852,15.37500
58.903,15.25000
58.954,15.37500
59.005,15.12500
59.056,15.25000
59.106,15.12500
59.158,14.87500
59.208,14.87500
59.261,14.50000
59.312,14.37500
59.363,14.50000
59.413,14.25000
59.464,14.37500
59.515,14.25000
59.566,14.00000
59.616,13.87500
59.667,13.62500
59.718,13.62500
59.768,13.50000
59.819,13.37500
59.870,13.12500
59.921,13.37500
59.971,13.37500
60.022,13.12500
60.073,13.12500
60.124,12.75000
60.175,12.75000
60.227,12.75000
60.278,12.62500
60.329,12.75000
60.379,12.62500
60.430,12.62500
60.481,12.50000
60.532,12.25000
60.583,12.25000
60.633,12.00000
60.684,11.87500
60.735,11.87500
60.786,11.87500
60.837,11.62500
60.888,11.62500
60.939,11.62500
60.989,11.37500
61.040,11.37500
61.093,11.25000
61.144,11.12500
61.195,11.00000
61.245,10.87500
61.296,11.00000
61.347,11.00000
61.398,10.75000
61.449,10.75000
61.500,10.50000
61.550,10.50000
61.601,10.25000
61.652,10.25000
61.703,10.25000
61.753,10.25000
61.804,10.12500
61.855,10.12500
61.906,9.75000
61.959,9.75000
62.010,9.62500
62.061,9.50000
62.112,9.50000
62.162,9.50000
62.213,9.50000
62.264,9.37500
62.315,9.00000
62.366,9.00000
62.416,8.87500
62.467,8.75000
62.518,8.62500
62.568,8.62500
62.619,8.50000
62.670,8.62500
62.721,8.62500
62.772,8.50000
62.822,8.50000
62.873,8.25000
62.926,8.12500
62.976,8.12500
63.027,7.87500
63.078,8.00000
63.129,8.00000
63.180,7.75000
63.231,7.75000
63.281,7.37500
63.332,7.50000
63.383,7.12500
63.433,7.25000
63.484,7.00000
63.535,7.12500
63.585,7.12500
63.636,7.12500
63.687,7.00000
63.738,6.87500
63.789,6.75000
63.839,6.50000
63.892,6.50000
63.960,6.37500
64.011,6.37500
64.062,6.12500
64.113,6.37500
64.163,6.25000
64.214,6.12500
64.265,6.25000
64.316,6.12500
64.366,5.75000
64.417,5.62500
64.468,5.62500
64.518,5.62500
64.569,5.62500
64.620,5.50000
64.671,5.50000
64.721,5.25000
64.773,5.00000
64.825,5.12500
64.876,4.75000
64.926,4.75000
64.977,4.87500
65.028,4.87500
65.079,4.75000
65.130,4.62500
65.180,4.62500
65.231,4.50000
65.282,4.37500
65.332,4.25000
65.383,4.12500
65.434,4.00000
65.485,4.00000
65.535,4.00000
65.586,4.12500
65.637,3.87500
65.688,3.75000
65.739,3.62500
65.791,3.50000
65.842,3.50000
65.892,3.37500
65.943,3.50000
65.994,3.37500
66.045,3.37500
66.096,3.25000
66.147,3.12500
66.198,2.87500
66.248,2.75000
66.299,2.75000
66.351,2.62500
66.402,2.62500
66.453,2.50000
66.506,2.75000
66.558,2.37500
66.609,2.25000
66.661,2.12500
66.712,2.00000
66.763,2.12500
66.816,2.12500
66.867,2.00000
66.918,1.75000
66.969,1.75000
67.020,1.62500
67.071,1.62500
67.121,1.75000
67.172,1.50000
67.224,1.50000
67.275,1.50000
67.326,1.12500
67.377,1.12500
67.427,1.00000
67.478,0.87500
67.529,1.12500
67.580,1.12500
67.631,0.87500
67.681,1.00000
67.734,0.75000
67.785,0.50000
67.836,0.37500
67.887,0.37500
67.938,0.37500
67.991,0.25000
68.042,0.37500
68.092,0.37500
68.143,0.12500
68.194,0.00000
68.245,-0.25000
68.295,-0.25000
68.346,-0.25000
68.397,-0.37500
68.448,-0.50000
68.498,-0.25000
68.549,-0.37500
68.600,-0.50000
68.650,-0.37500
68.701,-0.87500
68.752,-0.75000
68.803,-1.00000
68.854,-1.00000
68.908,-1.00000
68.958,-1.00000
69.009,-1.12500
69.060,-1.12500
69.110,-1.37500
69.161,-1.50000
69.212,-1.62500
69.263,-1.75000
69.314,-1.62500
69.364,-1.75000
69.415,-1.62500
69.466,-1.75000
69.517,-2.00000
69.567,-2.00000
69.618,-2.00000
69.669,-2.12500
69.720,-2.25000
69.771,-2.25000
69.823,-2.12500
69.874,-2.25000
69.924,-2.25000
69.975,-2.50000
70.026,-2.50000
70.077,-2.75000
70.128,-2.87500
70.178,-2.87500
70.229,-3.00000
70.280,-2.75000
70.331,-2.87500
70.381,-3.12500
70.432,-3.00000
70.483,-3.25000
70.533,-3.37500
70.584,-3.37500
70.635,-3.50000
70.686,-3.62500
70.737,-3.50000
70.789,-3.50000
70.840,-3.62500
70.894,-3.87500
70.945,-3.75000
70.996,-4.00000
71.046,-4.00000
71.097,-3.75000
71.148,-4.00000
71.199,-3.87500
71.249,-4.00000
71.300,-4.25000
71.351,-4.37500
71.402,-4.37500
71.453,-4.50000
71.504,-4.62500
71.555,-4.62500
71.606,-4.75000
71.657,-4.62500
71.708,-4.62500
71.759,-5.00000
71.810,-5.00000
71.860,-5.12500
71.911,-5.12500
71.962,-5.25000
72.013,-5.25000
72.063,-5.00000
72.114,-5.12500
72.165,-5.37500
72.216,-5.37500
72.267,-5.50000
72.317,-5.62500
72.370,-5.62500
72.422,-5.75000
72.473,-5.75000
72.523,-5.62500
72.574,-5.87500
72.625,-6.00000
72.676,-6.12500
72.726,-6.25000
72.777,-6.25000
72.828,-6.37500
72.879,-6.12500
72.930,-6.25000
72.980,-6.37500
73.032,-6.37500
73.083,-6.62500
73.135,-6.62500
73.188,-6.87500
73.239,-6.87500
73.290,-6.75000
73.341,-6.87500
73.392,-6.87500
73.442,-7.00000
73.493,-7.12500
73.544,-7.12500
73.595,-7.37500
73.645,-7.50000
73.697,-7.37500
73.748,-7.50000
73.799,-7.12500
73.849,-7.37500
73.900,-7.62500
73.951,-7.62500
74.002,-7.75000
74.055,-7.75000
74.108,-7.87500
74.158,-8.00000
74.209,-7.87500
74.260,-7.87500
74.311,-8.25000
74.362,-8.12500
74.413,-8.25000
74.465,-8.37500
74.516,-8.37500
74.566,-8.50000
74.617,-8.37500
74.668,-8.50000
74.719,-8.37500
74.770,-8.50000
74.821,-8.75000
74.874,-8.87500
74.925,-8.87500
74.976,-8.62500
75.026,-8.87500
75.080,-8.87500
75.131,-8.87500
75.182,-9.12500
75.233,-9.12500
75.284,-9.37500
75.335,-9.37500
75.387,-9.37500
75.438,-9.50000
75.489,-9.37500
75.540,-9.37500
75.590,-9.62500
75.641,-9.75000
75.692,-9.87500
75.743,-10.00000
75.793,-10.00000
75.844,-10.00000
75.895,-9.87500
75.946,-9.87500
75.996,-10.00000
76.047,-10.00000
76.098,-10.12500
76.149,-10.12500
76.200,-10.37500
76.251,-10.50000
76.302,-10.37500
76.354,-10.37500
76.405,-10.50000
76.456,-10.50000
76.506,-10.50000
76.557,-10.75000
76.608,-10.75000
76.659,-10.87500
76.709,-10.87500
76.760,-10.87500
76.811,-11.00000
76.862,-10.87500
76.913,-11.00000
76.964,-11.25000
77.014,-11.25000
77.066,-11.37500
77.117,-11.50000
77.169,-11.50000
77.220,-11.50000
77.271,-11.37500
77.321,-11.50000
77.372,-11.50000
77.423,-11.62500
77.474,-11.87500
77.524,-12.00000
77.575,-11.87500
77.626,-12.00000
77.677,-12.00000
77.730,-11.87500
77.781,-12.00000
77.832,-12.12500
77.883,-12.25000
77.934,-12.37500
77.986,-12.50000
78.037,-12.50000
78.088,-12.25000
78.138,-12.37500
78.189,-12.37500
78.240,-12.50000
78.291,-12.75000
78.342,-12.62500
78.392,-12.87500
78.443,-13.00000
78.494,-13.00000
78.545,-12.87500
78.595,-13.12500
78.646,-13.00000
78.697,-13.12500
78.747,-13.37500
78.798,-13.37500
78.849,-13.50000
78.900,-13.50000
78.952,-13.50000
79.003,-13.62500
79.054,-13.25000
79.105,-13.25000
79.155,-13.62500
79.206,-13.50000
79.257,-13.87500
79.308,-13.87500
79.362,-13.75000
79.413,-13.87500
79.464,-13.62500
79.517,-14.12500
79.567,-14.00000
79.619,-14.12500
79.670,-14.12500
79.720,-14.25000
79.772,-14.25000
79.822,-14.00000
79.873,-14.25000
79.924,-14.37500
79.975,-14.25000
80.025,-14.37500
80.076,-14.62500
80.127,-14.62500
80.178,-14.75000
80.228,-14.87500
80.279,-14.75000
80.332,-14.75000
80.385,-14.75000
80.436,-14.87500
80.487,-14.87500
80.538,-15.12500
80.589,-15.12500
80.642,-15.00000
80.694,-15.12500
80.744,-15.00000
80.795,-15.00000
80.846,-15.25000
80.896,-15.25000
80.947,-15.50000
80.998,-15.50000
81.049,-15.50000
81.100,-15.50000
81.152,-15.37500
81.202,-15.37500
81.254,-15.62500
81.305,-15.62500
81.356,-15.87500
81.407,-15.87500
81.457,-16.12500
81.508,-16.12500
81.561,-16.00000
81.611,-16.00000
81.662,-16.12500
81.714,-16.00000
81.766,-16.37500
81.818,-16.37500
81.868,-16.50000
81.919,-16.37500
81.970,-16.37500
82.021,-16.50000
82.071,-16.50000
82.122,-16.37500
82.173,-16.25000
82.224,-16.50000
82.275,-16.37500
82.325,-16.87500
82.376,-17.12500
82.427,-16.87500
82.477,-17.12500
82.528,-17.12500
82.579,-17.00000
82.630,-17.12500
82.681,-17.25000
82.732,-17.37500
82.784,-17.12500
82.835,-17.25000
82.886,-17.37500
82.936,-17.37500
82.987,-17.37500
83.038,-17.62500
83.089,-17.50000
83.140,-17.62500
83.190,-17.62500
83.241,-17.50000
83.292,-17.75000
83.342,-17.62500
83.393,-17.62500
83.444,-17.87500
83.495,-18.00000
83.545,-18.00000
83.596,-18.12500
83.647,-17.87500
83.698,-18.00000
83.750,-18.00000
83.801,-18.12500
83.852,-18.37500
83.902,-18.37500
83.953,-18.37500
84.004,-18.50000
84.055,-18.50000
84.106,-18.37500
84.156,-18.50000
84.207,-18.50000
84.258,-18.62500
84.309,-18.75000
84.360,-18.75000
84.410,-18.87500
84.461,-18.87500
84.513,-18.37500
84.564,-18.87500
84.617,-19.00000
84.667,-19.00000
84.718,-19.12500
84.769,-19.12500
84.820,-19.37500
84.871,-19.37500
84.922,-19.25000
84.972,-19.37500
85.023,-19.25000
85.074,-19.25000
85.124,-19.50000
85.175,-19.50000
85.226,-19.75000
85.277,-19.62500
85.329,-19.62500
85.380,-19.75000
85.430,-19.75000
85.483,-19.62500
85.534,-19.87500
85.585,-19.87500
85.636,-20.00000
85.686,-20.00000
85.738,-20.00000
85.788,-20.12500
85.839,-19.50000
85.890,-20.00000
85.940,-20.00000
85.991,-20.25000
86.042,-20.25000
86.093,-20.37500
86.143,-20.50000
86.198,-20.50000
86.249,-20.25000
86.300,-20.50000
86.351,-20.50000
86.402,-20.62500
86.452,-20.62500
86.503,-20.75000
86.554,-20.75000
86.605,-20.87500
86.656,-20.62500
86.707,-20.75000
86.758,-20.87500
86.808,-20.87500
86.859,-20.87500
86.910,-21.12500
86.966,-21.12500
87.017,-20.87500
87.068,-21.12500
87.119,-21.12500
87.169,-21.25000
87.220,-21.12500
87.271,-21.37500
87.322,-21.37500
87.373,-21.62500
87.424,-21.50000
87.475,-21.37500
87.526,-21.50000
87.576,-21.37500
87.629,-21.50000
87.681,-21.62500
87.732,-21.75000
87.783,-22.00000
87.833,-21.75000
87.884,-21.87500
87.935,-21.87500
87.986,-21.75000
88.036,-21.75000
88.087,-21.87500
88.138,-22.00000
88.189,-22.12500
88.239,-22.12500
88.290,-22.12500
88.341,-22.25000
88.392,-22.00000
88.443,-22.00000
88.494,-22.25000
88.547,-22.25000
88.598,-22.50000
88.649,-22.37500
88.700,-22.62500
88.751,-22.62500
88.802,-22.37500
88.852,-22.50000
88.903,-22.50000
88.954,-22.50000
89.005,-22.87500
89.058,-22.87500
89.109,-22.87500
89.162,-22.75000
89.214,-22.87500
89.265,-22.87500
89.316,-22.75000
89.367,-23.25000
89.418,-23.25000
89.469,-23.25000
89.519,-23.37500
89.570,-23.25000
89.621,-23.12500
89.671,-23.37500
89.722,-23.37500
89.773,-23.25000
89.824,-23.50000
89.874,-23.50000
89.927,-23.75000
89.978,-23.50000
90.029,-23.50000
90.080,-23.50000
90.131,-23.50000
90.182,-23.62500
90.233,-23.75000
90.284,-23.87500
90.335,-24.00000
90.385,-24.00000
90.436,-24.00000
90.487,-24.00000
90.538,-23.87500
90.588,-23.87500
90.639,-24.00000
90.690,-24.00000
90.741,-24.12500
90.791,-24.25000
90.842,-24.25000
90.893,-24.25000
90.947,-24.00000
90.997,-24.25000
91.048,-24.25000
91.099,-24.25000
91.150,-24.62500
91.200,-24.50000
91.251,-24.62500
91.302,-24.62500
91.353,-24.50000
91.403,-24.50000
91.454,-24.62500
91.505,-24.62500
91.555,-24.50000
91.606,-24.75000
91.657,-24.75000
91.708,-24.87500
91.758,-24.87500
91.809,-24.87500
91.860,-24.87500
91.913,-24.37500
91.963,-24.87500
92.014,-25.00000
92.065,-25.12500
92.116,-25.37500
92.166,-25.25000
92.217,-25.25000
92.268,-25.37500
92.319,-25.12500
92.370,-25.12500
92.420,-25.25000
92.471,-25.50000
92.522,-25.37500
92.572,-25.75000
92.623,-25.62500
92.674,-25.75000
92.725,-25.75000
92.775,-25.50000
92.826,-25.62500
92.879,-25.62500
92.930,-25.75000
92.981,-25.87500
93.032,-25.87500
93.082,-26.00000
93.133,-26.00000
93.184,-25.87500
93.235,-26.12500
93.286,-26.00000
93.337,-26.00000
93.387,-26.25000
93.438,-26.37500
93.489,-26.37500
93.539,-26.50000
93.590,-26.50000
93.641,-26.50000
93.692,-26.62500
93.743,-26.37500
93.793,-26.37500
93.846,-26.37500
93.896,-26.37500
93.947,-26.75000
93.998,-26.75000
94.048,-26.75000
94.099,-26.75000
94.150,-26.75000
94.201,-26.87500
94.252,-26.75000
94.302,-26.75000
94.353,-27.00000
94.404,-27.00000
94.454,-27.00000
94.505,-27.00000
94.556,-27.12500
94.607,-27.12500
94.657,-27.00000
94.708,-26.87500
94.759,-27.00000
94.812,-27.25000
94.863,-27.25000
94.913,-27.25000
94.964,-27.37500
95.015,-27.25000
95.066,-27.50000
95.117,-27.12500
95.167,-27.12500
95.218,-27.37500
95.269,-27.37500
95.319,-27.50000
95.370,-27.50000
95.421,-27.62500
95.471,-27.75000
95.522,-27.75000
95.573,-27.50000
95.624,-27.62500
95.675,-27.87500
95.725,-27.75000
95.779,-28.00000
95.829,-27.87500
95.880,-28.12500
95.931,-28.00000
95.982,-27.87500
96.032,-28.00000
96.083,-28.00000
96.134,-28.00000
96.185,-28.25000
96.235,-28.25000
96.286,-28.25000
96.337,-28.25000
96.389,-28.12500
96.440,-28.25000
96.493,-28.12500
96.544,-28.25000
96.595,-28.50000
96.646,-28.50000
96.696,-28.62500
96.747,-28.50000
96.798,-28.50000
96.848,-28.50000
96.900,-28.37500
96.951,-28.25000
97.002,-28.50000
97.052,-28.62500
97.103,-28.75000
97.154,-28.87500
97.204,-28.87500
97.255,-28.87500
97.306,-28.87500
97.357,-28.75000
97.410,-28.87500
97.461,-28.87500
97.512,-29.00000
97.562,-29.00000
97.613,-29.00000
97.664,-29.12500
97.715,-28.87500
97.766,-28.87500
97.816,-29.00000
97.867,-29.25000
97.918,-29.00000
97.969,-29.25000
98.020,-29.25000
98.071,-29.50000
98.121,-29.50000
98.172,-29.37500
98.223,-29.50000
98.277,-29.25000
98.327,-29.62500
98.378,-29.62500
98.429,-29.62500
98.480,-29.75000
98.531,-29.75000
98.582,-29.87500
98.632,-29.87500
98.683,-29.75000
98.734,-29.75000
98.785,-30.12500
98.835,-29.87500
98.886,-30.00000
98.937,-30.12500
98.988,-30.00000
99.039,-30.12500
99.090,-29.87500
99.143,-30.00000
99.194,-30.12500
99.244,-30.12500
99.295,-30.37500
99.346,-30.37500
99.396,-30.25000
99.447,-30.37500
99.498,-30.25000
99.549,-30.12500
99.600,-30.25000
99.650,-30.37500
99.701,-30.25000
99.752,-30.50000
99.803,-30.50000
99.854,-30.62500
99.904,-30.62500
99.955,-30.62500
100.006,-30.62500
100.057,-30.62500
100.108,-30.50000
100.158,-30.75000
100.210,-30.62500
100.260,-30.87500
100.311,-30.87500
100.362,-30.75000
100.412,-30.75000
100.463,-31.00000
100.514,-30.62500
100.565,-30.62500
100.616,-31.00000
100.667,-31.00000
100.717,-31.12500
100.768,-31.00000
100.820,-31.12500
100.870,-31.00000
100.923,-31.00000
100.974,-31.00000
101.028,-31.12500
101.078,-31.37500
101.129,-31.50000
101.182,-31.37500
101.233,-31.50000
101.284,-31.25000
101.334,-31.25000
101.385,-31.50000
101.436,-31.50000
101.490,-31.62500
101.542,-31.62500
101.593,-31.75000
101.644,-31.50000
101.695,-31.50000
101.746,-31.75000
101.797,-31.62500
101.848,-31.75000
101.899,-31.75000
101.949,-31.87500
102.000,-31.87500
102.051,-31.62500
102.102,-31.75000
102.152,-31.87500
102.203,-31.87500
102.254,-31.87500
102.305,-32.00000
102.356,-32.12500
102.409,-32.12500
102.459,-32.00000
102.510,-32.00000
102.561,-32.00000
102.612,-32.00000
102.663,-32.12500
102.713,-32.25000
102.764,-32.12500
102.815,-32.37500
102.865,-32.37500
102.916,-32.25000
102.967,-32.37500
103.018,-32.25000
103.068,-32.25000
103.119,-32.50000
103.170,-32.37500
103.221,-32.62500
103.272,-32.62500
103.323,-32.62500
103.375,-32.62500
103.426,-32.50000
103.476,-32.50000
103.527,-32.62500
103.578,-32.75000
103.629,-32.75000
103.679,-32.75000
103.730,-32.75000
103.781,-33.00000
103.832,-33.00000
103.883,-32.75000
103.933,-32.87500
103.984,-32.87500
104.035,-32.87500
104.086,-33.00000
104.136,-33.00000
104.187,-33.12500
104.238,-33.12500
104.289,-33.12500
104.341,-33.00000
104.392,-33.00000
104.443,-32.87500
104.493,-33.37500
104.544,-33.25000
104.595,-33.25000
104.646,-33.37500
104.696,-33.37500
104.747,-33.50000
104.798,-33.37500
104.848,-33.25000
104.899,-33.37500
104.950,-33.50000
105.001,-33.62500
105.051,-33.50000
105.102,-33.50000
105.153,-33.62500
105.204,-33.62500
105.255,-33.50000
105.307,-33.37500
105.358,-33.62500
105.409,-33.50000
105.459,-33.75000
105.510,-33.87500
105.561,-33.87500
105.612,-34.00000
105.663,-34.00000
105.713,-33.87500
105.764,-33.87500
105.815,-33.87500
105.865,-33.87500
105.916,-34.00000
105.967,-34.00000
106.017,-34.12500
106.068,-34.25000
106.119,-34.12500
106.170,-34.12500
106.222,-34.12500
106.274,-33.87500
106.325,-34.25000
106.375,-34.37500
106.426,-34.37500
106.477,-34.37500
106.529,-34.25000
106.580,-34.37500
106.630,-34.12500
106.681,-34.12500
106.732,-34.37500
106.782,-34.62500
106.833,-34.62500
106.884,-34.75000
106.934,-34.75000
106.985,-34.75000
107.037,-34.87500
107.087,-34.62500
107.140,-34.75000
107.190,-34.62500
107.241,-34.75000
107.292,-34.87500
107.343,-34.87500
107.394,-35.00000
107.444,-35.00000
107.495,-34.75000
107.546,-34.75000
107.597,-34.75000
107.647,-34.75000
107.698,-35.00000
107.749,-35.00000
107.799,-34.87500
107.850,-35.00000
107.901,-35.00000
107.952,-34.87500
108.002,-35.00000
108.053,-35.00000
108.106,-35.00000
108.157,-35.12500
108.208,-35.12500
108.258,-35.25000
108.309,-35.25000
108.360,-35.25000
108.411,-35.37500
108.461,-35.25000
108.512,-35.12500
108.563,-35.37500
108.614,-35.25000
108.664,-35.75000
108.715,-35.62500
108.766,-35.62500
108.816,-35.62500
108.867,-35.75000
108.918,-35.50000
108.969,-35.37500
109.020,-35.62500
109.073,-35.75000
109.124,-35.62500
109.175,-35.62500
109.225,-35.87500
109.276,-35.87500
109.327,-35.75000
109.378,-35.62500
109.429,-35.87500
109.479,-35.75000
109.530,-35.87500
109.581,-36.00000
109.632,-36.12500
109.682,-36.00000
109.733,-35.75000
109.785,-36.00000
109.835,-36.00000
109.886,-36.00000
109.939,-36.12500
109.989,-36.12500
110.040,-36.25000
110.092,-36.25000
110.143,-36.12500
110.194,-36.12500
110.245,-36.00000
110.295,-36.12500
110.346,-36.25000
110.397,-36.25000
110.448,-36.37500
110.498,-36.37500
110.549,-36.37500
110.601,-36.37500
110.652,-36.25000
110.705,-36.25000
110.756,-36.37500
110.806,-36.50000
110.857,-36.62500
110.908,-36.62500
110.959,-36.50000
111.009,-36.62500
111.060,-36.37500
111.111,-36.50000
111.162,-36.62500
111.213,-36.50000
111.263,-36.62500
111.314,-36.75000
111.365,-36.75000
111.415,-36.87500
111.466,-36.87500
111.517,-36.75000
111.568,-36.87500
111.619,-36.87500
111.671,-36.75000
111.722,-37.00000
111.774,-37.00000
111.825,-37.12500
111.876,-37.12500
111.927,-37.12500
111.977,-37.00000
112.028,-37.00000
112.079,-37.00000
112.130,-37.12500
112.182,-37.12500
112.233,-37.37500
112.284,-37.37500
112.337,-37.25000
112.388,-37.12500
112.439,-37.12500
112.490,-37.25000
112.541,-37.25000
112.591,-37.25000
112.642,-37.50000
112.693,-37.37500
112.744,-37.50000
112.794,-37.50000
112.845,-37.25000
112.896,-37.25000
112.947,-37.62500
112.997,-37.62500
113.050,-37.62500
113.101,-37.75000
113.152,-37.75000
113.204,-37.75000
113.255,-37.62500
113.305,-37.62500
113.356,-37.75000
113.407,-37.75000
113.458,-37.87500
113.508,-38.00000
113.559,-37.87500
113.610,-37.87500
113.661,-37.37500
113.712,-37.87500
113.762,-37.87500
113.813,-37.87500
113.864,-38.00000
113.915,-38.00000
113.966,-38.00000
114.018,-38.00000
114.070,-37.87500
114.121,-38.00000
114.172,-38.00000
114.222,-38.12500
114.273,-38.25000
114.324,-38.37500
114.375,-38.37500
114.425,-38.50000
114.476,-38.50000
114.527,-38.12500
114.578,-38.25000
114.628,-38.37500
114.679,-38.37500
114.730,-38.50000
114.782,-38.50000
114.833,-38.62500
114.884,-38.62500
114.937,-38.62500
114.988,-38.50000
115.039,-38.37500
115.089,-38.62500
115.140,-38.62500
115.191,-38.62500
115.242,-38.75000
115.293,-38.75000
115.343,-38.75000
115.394,-38.87500
115.445,-38.62500
115.495,-38.62500
115.546,-38.75000
115.597,-38.75000
115.648,-38.87500
115.699,-39.00000
115.750,-39.00000
115.803,-39.00000
115.854,-38.87500
115.904,-38.87500
115.955,-39.00000
116.006,-39.00000
116.057,-39.12500
116.107,-39.12500
116.158,-39.00000
116.209,-39.25000
116.260,-38.87500
116.310,-39.00000
116.361,-39.00000
116.412,-39.12500
116.463,-39.12500
116.513,-39.12500
116.564,-39.12500
116.615,-39.37500
116.666,-39.37500
116.717,-39.12500
116.770,-39.25000
116.821,-39.12500
116.871,-39.12500
116.922,-39.25000
116.973,-39.25000
117.024,-39.37500
117.075,-39.37500
117.125,-39.25000
117.176,-39.62500
117.227,-39.37500
117.278,-39.25000
117.328,-39.50000
117.379,-39.50000
117.430,-39.62500
117.481,-39.62500
117.532,-39.75000
117.583,-39.50000
117.635,-39.50000
117.686,-39.50000
117.737,-39.75000
117.787,-39.87500
117.838,-39.75000
117.889,-39.87500
117.940,-39.87500
117.991,-39.75000
118.042,-39.87500
118.092,-39.62500
118.143,-39.62500
118.194,-40.00000
118.245,-40.00000
118.296,-40.12500
118.349,-40.00000
118.402,-39.87500
118.452,-40.00000
118.503,-40.00000
118.554,-40.12500
118.605,-40.12500
118.655,-40.25000
118.706,-40.25000
118.757,-40.25000
118.808,-40.12500
118.858,-40.25000
118.909,-40.12500
118.960,-40.25000
119.011,-40.25000
119.061,-40.25000
119.112,-40.50000
119.163,-40.50000
119.213,-40.37500
119.264,-40.37500
119.315,-40.25000
119.368,-40.25000
119.419,-40.50000
119.469,-40.37500
119.520,-40.62500
119.571,-40.75000
119.622,-40.75000
119.672,-40.75000
119.723,-40.75000
119.774,-40.50000
119.825,-40.75000
119.875,-40.75000
119.926,-40.62500
119.977,-40.75000
120.028,-40.62500
120.078,-40.87500
120.129,-40.87500
120.180,-40.87500
120.231,-41.00000
120.282,-40.75000
120.334,-40.75000
120.385,-41.00000
120.436,-41.00000
120.486,-41.00000
120.537,-41.00000
120.588,-41.00000
120.639,-41.00000
120.689,-41.12500
120.740,-40.87500
120.791,-41.00000
120.842,-41.00000
120.892,-41.00000
120.943,-41.12500
120.994,-41.25000
121.045,-41.25000
121.096,-41.25000
121.147,-41.12500
121.200,-41.12500
121.251,-41.00000
121.302,-41.12500
121.352,-41.37500
121.403,-41.25000
121.454,-41.50000
121.505,-41.50000
121.556,-41.25000
121.607,-41.37500
121.657,-41.25000
121.708,-41.37500
121.759,-41.50000
121.810,-41.37500
121.861,-41.62500
121.913,-41.62500
121.967,-41.50000
122.017,-41.50000
122.068,-41.37500
122.119,-41.37500
122.169,-41.62500
122.220,-41.62500
122.271,-41.75000
122.322,-41.75000
122.373,-41.75000
122.424,-41.75000
122.475,-41.50000
122.526,-41.62500
122.576,-41.75000
122.627,-41.75000
122.678,-41.87500
122.729,-41.87500
122.780,-41.87500
122.833,-42.00000
122.884,-41.75000
122.934,-41.75000
122.985,-41.87500
123.036,-41.87500
123.087,-42.12500
123.138,-42.12500
123.189,-42.25000
123.240,-42.25000
123.291,-42.12500
123.341,-42.12500
123.392,-42.00000
123.443,-42.00000
123.493,-42.12500
123.544,-42.25000
123.595,-42.12500
123.646,-42.25000
123.699,-42.25000
123.750,-42.25000
123.801,-42.12500
123.851,-42.12500
123.902,-42.25000
123.953,-42.25000
124.004,-42.37500
124.054,-42.50000
124.105,-42.50000
124.156,-42.50000
124.207,-42.62500
124.258,-42.50000
124.310,-42.50000
124.362,-42.62500
124.414,-42.62500
124.467,-42.62500
124.517,-42.75000
124.568,-42.87500
124.619,-42.62500
124.669,-42.62500
124.720,-42.75000
124.771,-42.62500
124.822,-42.87500
124.874,-42.75000
124.925,-42.87500
124.976,-42.87500
125.026,-42.87500
125.077,-42.75000
125.128,-42.62500
125.182,-42.75000
125.234,-43.00000
125.284,-43.00000
125.335,-43.00000
125.386,-43.12500
125.437,-43.00000
125.487,-43.00000
125.538,-42.87500
125.589,-42.87500
125.640,-43.12500
125.691,-43.12500
125.742,-43.12500
125.792,-43.12500
125.845,-43.12500
125.898,-43.00000
125.949,-43.00000
126.000,-43.25000
126.050,-43.25000
126.101,-43.25000
126.152,-43.37500
126.203,-43.25000
126.254,-43.37500
126.304,-43.50000
126.355,-43.12500
126.406,-43.25000
126.457,-43.25000
126.508,-43.25000
126.558,-43.50000
126.609,-43.50000
126.660,-43.50000
126.711,-43.62500
126.762,-43.37500
126.815,-43.25000
126.866,-43.37500
126.917,-43.25000
126.969,-43.50000
127.019,-43.50000
127.070,-43.50000
127.121,-43.62500
127.172,-43.50000
127.222,-43.62500
127.274,-43.50000
127.325,-43.62500
127.375,-43.75000
127.426,-43.62500
127.477,-43.75000
127.530,-43.75000
127.581,-43.75000
127.632,-43.75000
127.683,-43.50000
127.733,-43.62500
127.784,-43.75000
127.835,-43.75000
127.886,-44.00000
127.936,-44.00000
127.987,-43.87500
128.038,-44.00000
128.088,-44.00000
128.139,-43.87500
128.190,-43.87500
128.240,-44.00000
128.291,-43.87500
128.342,-44.00000
128.393,-44.00000
128.444,-44.12500
128.495,-44.25000
128.546,-44.25000
128.596,-44.12500
128.647,-44.00000
128.698,-44.12500
128.749,-44.25000
128.799,-44.25000
128.851,-44.25000
128.902,-44.25000
128.953,-44.37500
129.003,-44.37500
129.054,-44.37500
129.105,-44.12500
129.156,-44.25000
129.206,-44.50000
129.257,-44.37500
129.309,-44.50000
129.359,-44.62500
129.410,-44.50000
129.463,-44.62500
129.514,-44.50000
129.564,-44.62500
129.615,-44.37500
129.666,-44.50000
129.717,-44.62500
129.768,-44.62500
129.818,-44.62500
129.869,-44.75000
129.920,-44.50000
129.970,-44.75000
130.021,-44.62500
130.072,-44.62500
130.123,-44.62500
130.173,-44.75000
130.226,-44.87500
130.277,-44.87500
130.329,-44.87500
130.380,-44.75000
130.430,-44.62500
130.481,-44.62500
130.532,-44.87500
130.583,-44.87500
130.633,-44.87500
130.684,-44.87500
130.735,-44.87500
130.786,-45.00000
130.837,-45.00000
130.887,-44.87500
130.938,-44.87500
130.989,-44.87500
131.040,-45.00000
131.090,-45.00000
131.141,-45.00000
131.192,-45.25000
131.243,-45.25000
131.295,-45.25000
131.346,-45.25000
131.397,-45.12500
131.448,-45.00000
131.498,-45.12500
131.549,-45.12500
131.600,-45.25000
131.651,-45.25000
131.702,-45.25000
131.752,-45.25000
131.803,-45.37500
131.854,-45.12500
131.905,-45.12500
131.956,-45.25000
132.006,-45.25000
132.058,-45.50000
132.109,-45.37500
132.160,-45.50000
132.214,-45.25000
132.264,-45.37500
132.315,-45.37500
132.366,-45.37500
132.417,-45.62500
132.468,-45.50000
132.521,-45.75000
132.572,-45.62500
132.623,-45.50000
132.675,-45.62500
132.728,-45.62500
132.779,-45.75000
132.830,-45.75000
132.881,-45.75000
132.931,-45.87500
132.982,-45.62500
133.033,-45.75000
133.084,-45.87500
133.134,-45.75000
133.185,-45.75000
133.236,-45.87500
133.287,-45.87500
133.337,-46.12500
133.388,-46.12500
133.439,-46.00000
133.490,-46.00000
133.541,-45.75000
133.592,-46.00000
133.643,-46.12500
133.695,-46.12500
133.745,-46.25000
133.796,-46.25000
133.847,-46.00000
133.898,-46.12500
133.948,-46.12500
133.999,-46.12500
134.050,-46.12500
134.101,-46.25000
134.152,-46.25000
134.203,-46.25000
134.254,-46.37500
134.305,-46.25000
134.356,-46.25000
134.406,-46.12500
134.457,-46.25000
134.508,-46.37500
134.561,-46.62500
134.612,-46.50000
134.663,-46.37500
134.714,-46.50000
134.765,-46.50000
134.816,-46.25000
134.867,-46.25000
134.917,-46.50000
134.968,-46.37500
135.019,-46.62500
135.070,-46.62500
135.120,-46.62500
135.171,-46.75000
135.222,-46.50000
135.274,-46.50000
135.325,-46.62500
135.378,-46.87500
135.429,-46.75000
135.480,-46.87500
135.531,-46.87500
135.582,-46.75000
135.632,-46.62500
135.683,-46.75000
135.734,-46.62500
135.785,-46.62500
135.835,-46.75000
135.886,-46.87500
135.937,-47.00000
135.988,-47.00000
136.040,-46.75000
136.094,-46.87500
136.145,-46.37500
136.195,-47.00000
136.246,-47.00000
136.297,-47.25000
136.348,-47.12500
136.398,-47.12500
136.449,-46.87500
136.500,-47.00000
136.551,-46.87500
136.602,-46.87500
136.652,-47.12500
136.703,-47.12500
136.754,-47.12500
136.805,-47.25000
136.855,-47.25000
136.906,-47.25000
136.957,-47.00000
137.011,-47.00000
137.061,-47.25000
137.112,-47.12500
137.163,-47.25000
137.214,-47.37500
137.264,-47.25000
137.315,-47.37500
137.366,-47.12500
137.417,-47.12500
137.467,-47.37500
137.518,-47.25000
137.569,-47.37500
137.620,-47.62500
137.671,-47.50000
137.721,-47.50000
137.772,-47.50000
137.823,-47.37500
137.874,-47.37500
137.926,-47.50000
137.977,-47.50000
138.027,-47.62500
138.078,-47.62500
138.129,-47.75000
138.180,-47.75000
138.231,-47.50000
138.281,-47.50000
138.332,-47.62500
138.383,-47.62500
138.433,-47.75000
138.484,-47.75000
138.535,-47.75000
138.586,-47.87500
138.636,-47.87500
138.687,-47.75000
138.738,-47.75000
138.789,-47.87500
138.840,-47.75000
138.892,-48.00000
138.943,-47.87500
138.994,-48.12500
139.045,-48.12500
139.095,-48.00000
139.147,-48.00000
139.198,-47.87500
139.248,-47.87500
139.299,-48.12500
139.350,-48.00000
139.401,-48.25000
139.452,-48.25000
139.502,-48.12500
139.553,-48.12500
139.604,-47.87500
139.655,-48.00000
139.706,-48.12500
139.759,-48.25000
139.809,-48.37500
139.860,-48.37500
139.911,-48.25000
139.962,-48.37500
140.012,-48.12500
140.063,-48.12500
140.114,-48.12500
140.165,-48.50000
140.215,-48.37500
140.266,-48.37500
140.317,-48.50000
140.368,-48.50000
140.419,-48.50000
140.470,-48.37500
140.520,-48.25000
140.571,-48.62500
140.622,-48.37500
140.673,-48.62500
140.725,-48.62500
140.776,-48.62500
140.826,-48.62500
140.877,-48.37500
140.928,-48.37500
140.978,-48.50000
141.029,-48.62500
141.080,-48.50000
141.131,-48.62500
141.181,-48.87500
141.232,-48.87500
141.283,-48.75000
141.334,-48.50000
141.384,-48.62500
141.435,-48.62500
141.486,-48.75000
141.537,-48.87500
141.587,-48.87500
141.638,-48.87500
141.691,-48.87500
141.742,-48.62500
141.793,-48.75000
141.846,-48.75000
141.897,-48.62500
141.948,-48.87500
142.001,-49.00000
142.052,-48.87500
142.102,-48.75000
142.153,-49.00000
142.204,-49.00000
142.255,-48.87500
142.308,-49.12500
142.359,-49.00000
142.410,-49.25000
142.461,-49.25000
142.512,-49.00000
142.563,-49.12500
142.613,-49.00000
142.664,-49.00000
142.715,-49.37500
142.766,-49.37500
142.816,-49.37500
142.867,-49.37500
142.918,-49.37500
142.969,-49.50000
143.020,-49.37500
143.071,-49.12500
143.124,-49.37500
143.175,-49.25000
143.225,-49.37500
143.276,-49.37500
143.327,-49.50000
143.378,-49.50000
143.428,-49.50000
143.479,-49.25000
143.530,-49.50000
143.581,-49.25000
143.631,-49.37500
143.682,-49.50000
143.733,-49.62500
143.783,-49.62500
143.834,-49.62500
143.886,-49.50000
143.937,-49.50000
143.990,-49.50000
144.040,-49.37500
144.091,-49.62500
144.142,-49.62500
144.193,-49.75000
144.244,-49.75000
144.294,-49.62500
144.345,-49.75000
144.396,-49.50000
144.447,-49.50000
144.498,-49.75000
144.548,-49.62500
144.601,-49.75000
144.652,-49.87500
144.703,-49.75000
144.756,-49.75000
144.807,-49.62500
144.857,-49.62500
144.908,-49.75000
144.959,-49.75000
145.010,-49.87500
145.061,-49.87500
145.113,-50.12500
145.163,-50.12500
145.214,-49.75000
145.265,-49.75000
145.315,-49.87500
145.366,-50.00000
145.417,-50.00000
145.468,-50.12500
145.518,-50.12500
145.569,-50.25000
145.620,-50.25000
145.671,-50.00000
145.722,-50.12500
145.773,-49.87500
145.824,-50.00000
145.874,-50.12500
145.925,-50.25000
145.976,-50.37500
146.027,-50.37500
146.077,-49.87500
146.128,-50.25000
146.179,-50.25000
146.230,-50.12500
146.280,-50.37500
146.331,-50.37500
146.382,-50.50000
146.432,-50.37500
146.483,-50.37500
146.534,-50.25000
146.585,-50.37500
146.636,-50.37500
146.689,-50.62500
146.739,-50.62500
146.790,-50.50000
146.841,-50.62500
146.891,-50.62500
146.942,-50.50000
146.993,-50.62500
147.044,-50.50000
147.094,-50.62500
147.145,-50.75000
147.196,-50.75000
147.247,-50.87500
147.297,-50.87500
147.348,-50.87500
147.399,-50.75000
147.449,-50.87500
147.500,-50.62500
147.551,-50.62500
147.602,-50.75000
147.655,-50.87500
147.705,-51.00000
147.756,-51.00000
147.807,-51.12500
147.858,-51.00000
147.909,-50.75000
147.959,-50.87500
148.010,-51.00000
148.061,-50.87500
148.111,-51.12500
148.162,-51.00000
148.213,-51.00000
148.263,-51.12500
148.314,-51.00000
148.365,-50.75000
148.416,-50.87500
148.467,-50.75000
148.517,-51.00000
148.568,-51.12500
148.622,-51.12500
148.672,-51.12500
148.724,-51.25000
148.774,-51.25000
148.825,-50.87500
148.876,-50.87500
148.927,-51.12500
148.978,-51.12500
149.029,-51.12500
149.079,-51.25000
149.130,-51.37500
149.181,-51.25000
149.232,-51.37500
149.283,-51.12500
149.334,-51.25000
149.385,-51.37500
149.435,-51.12500
149.488,-51.50000
149.538,-51.37500
149.589,-51.50000
149.640,-51.50000
149.691,-51.37500
149.742,-51.25000
149.792,-51.37500
149.843,-51.37500
149.894,-51.50000
149.945,-51.50000
149.995,-51.62500
150.046,-51.62500
150.097,-51.75000
150.148,-51.50000
150.198,-51.62500
150.249,-51.62500
150.300,-51.37500
150.351,-51.75000
150.405,-51.75000
150.456,-51.75000
150.506,-51.75000
150.557,-51.62500
150.608,-51.75000
150.659,-51.50000
150.709,-51.50000
150.760,-51.75000
150.811,-51.62500
150.861,-51.75000
150.912,-51.75000
150.963,-51.87500
151.014,-51.87500
151.064,-51.62500
151.115,-51.50000
151.166,-51.87500
151.217,-51.62500
151.268,-52.00000
151.322,-52.00000
151.373,-52.00000
151.424,-52.12500
151.476,-51.87500
151.527,-51.87500
151.578,-52.00000
151.629,-51.87500
151.680,-52.00000
151.734,-52.12500
151.787,-51.87500
151.838,-51.87500
151.888,-51.87500
151.941,-51.37500
151.991,-52.25000
152.042,-52.25000
152.093,-52.25000
152.144,-52.25000
152.196,-52.00000
152.247,-52.00000
152.297,-52.25000
152.348,-52.12500
152.399,-52.25000
152.450,-52.25000
152.501,-52.37500
152.553,-52.25000
152.604,-52.12500
152.655,-52.25000
152.706,-52.12500
152.756,-52.25000
152.807,-52.37500
152.858,-52.50000
152.909,-52.37500
152.959,-52.37500
153.011,-52.50000
153.061,-52.25000
153.112,-52.12500
153.163,-52.37500
153.214,-52.37500
153.264,-52.50000
153.315,-52.50000
153.366,-52.50000
153.419,-52.50000
153.470,-52.25000
153.521,-52.37500
153.571,-52.37500
153.622,-52.37500
153.673,-52.62500
153.724,-52.62500
153.774,-52.75000
153.825,-52.75000
153.876,-52.37500
153.926,-52.75000
153.977,-52.62500
154.028,-52.50000
154.079,-52.50000
154.129,-52.75000
154.180,-52.75000
154.231,-52.87500
154.282,-53.00000
154.333,-52.75000
154.386,-52.87500
154.436,-52.75000
154.487,-52.75000
154.538,-53.00000
154.589,-52.87500
154.640,-53.00000
154.690,-52.87500
154.741,-52.87500
154.792,-52.87500
154.842,-52.75000
154.894,-52.87500
154.945,-53.00000
154.996,-52.87500
155.046,-52.87500
155.097,-53.00000
155.148,-53.00000
155.199,-53.00000
155.252,-52.87500
155.302,-52.87500
155.353,-53.12500
155.404,-53.12500
155.455,-53.12500
155.505,-53.25000
155.556,-53.12500
155.607,-53.12500
155.658,-53.25000
155.709,-53.00000
155.760,-53.12500
155.810,-53.00000
155.861,-53.25000
155.912,-53.37500
155.962,-53.37500
156.013,-53.25000
156.064,-53.37500
156.115,-53.12500
156.166,-53.25000
156.218,-53.25000
156.269,-53.25000
156.320,-53.50000
156.370,-53.50000
156.421,-53.62500
156.472,-53.50000
156.523,-53.37500
156.574,-53.37500
156.624,-53.50000
156.675,-53.37500
156.726,-53.37500
156.777,-53.50000
156.828,-53.50000
156.878,-53.62500
156.929,-53.62500
156.980,-53.50000
157.031,-53.62500
157.084,-53.37500
157.135,-53.50000
157.186,-53.50000
157.237,-53.62500
157.288,-53.75000
157.339,-53.75000
157.389,-53.87500
157.440,-53.75000
157.491,-53.62500
157.542,-53.62500
157.592,-53.62500
157.643,-53.62500
157.694,-53.87500
157.745,-53.87500
157.795,-54.00000
157.846,-54.00000
157.897,-53.87500
157.948,-53.87500
158.001,-53.75000
158.052,-53.75000
158.103,-53.87500
158.154,-54.00000
158.204,-54.00000
158.255,-54.12500
158.306,-54.00000
158.357,-54.12500
158.408,-53.87500
158.458,-54.00000
158.509,-54.00000
158.560,-54.00000
158.610,-54.00000
158.661,-54.00000
158.714,-54.12500
158.765,-54.25000
158.817,-54.12500
158.868,-54.00000
158.919,-54.12500
158.969,-54.00000
159.020,-54.12500
159.071,-54.37500
159.122,-54.25000
159.172,-54.37500
159.223,-54.37500
159.274,-54.25000
159.325,-54.37500
159.375,-54.25000
159.426,-54.25000
159.477,-54.37500
159.528,-54.37500
159.578,-54.50000
159.629,-54.37500
159.680,-54.37500
159.731,-54.37500
159.783,-54.12500
159.834,-54.12500
159.885,-54.37500
159.936,-54.50000
159.986,-54.62500
160.037,-54.50000
160.088,-54.62500
160.139,-54.62500
160.190,-54.62500
160.241,-54.50000
160.291,-54.62500
160.342,-54.50000
160.393,-54.50000
160.443,-54.75000
160.494,-54.75000
160.545,-54.75000
160.596,-54.75000
160.649,-54.50000
160.700,-54.50000
160.750,-54.50000
160.801,-54.50000
160.852,-54.87500
160.903,-54.62500
160.953,-54.87500
161.004,-54.75000
161.055,-54.62500
161.106,-54.75000
161.156,-54.75000
161.207,-54.62500
161.258,-54.62500
161.309,-54.87500
161.360,-54.87500
161.410,-55.00000
161.462,-55.00000
161.515,-55.00000
161.566,-54.87500
161.617,-54.87500
161.668,-55.12500
161.718,-55.00000
161.769,-55.12500
161.820,-55.12500
161.870,-55.12500
161.921,-55.12500
161.972,-55.12500
162.023,-55.00000
162.073,-55.00000
162.124,-55.12500
162.175,-55.12500
162.226,-55.25000
162.277,-55.37500
162.328,-55.37500
162.379,-55.37500
162.429,-55.00000
162.481,-55.25000
162.532,-55.25000
162.583,-55.12500
162.633,-55.37500
162.684,-55.37500
162.735,-55.37500
162.786,-55.37500
162.837,-55.50000
162.887,-55.25000
162.938,-55.25000
162.989,-55.25000
163.039,-55.00000
163.090,-55.25000
163.141,-55.25000
163.191,-55.50000
163.242,-55.50000
163.293,-55.50000
163.344,-55.50000
163.395,-55.62500
163.448,-55.25000
163.499,-55.50000
163.550,-55.37500
163.601,-55.62500
163.651,-55.62500
163.702,-55.62500
163.753,-55.62500
163.804,-55.75000
163.854,-55.37500
163.905,-55.50000
163.956,-55.62500
164.006,-55.50000
164.057,-55.75000
164.108,-55.62500
164.159,-55.75000
164.209,-55.75000
164.260,-55.62500
164.311,-55.75000
164.362,-55.62500
164.414,-55.62500
164.465,-55.75000
164.515,-55.75000
164.566,-55.87500
164.617,-56.00000
164.668,-55.87500
164.719,-56.00000
164.771,-55.87500
164.821,-55.75000
164.872,-56.00000
164.923,-56.00000
164.974,-56.00000
165.024,-56.00000
165.075,-56.12500
165.126,-56.00000
165.178,-56.00000
165.229,-55.75000
165.281,-56.00000
165.332,-55.87500
165.382,-55.87500
165.433,-56.12500
165.484,-56.12500
165.535,-56.12500
165.585,-56.12500
165.636,-56.00000
165.687,-56.00000
165.741,-55.87500
165.792,-56.25000
165.842,-56.25000
165.894,-56.25000
165.944,-56.25000
165.995,-56.00000
166.047,-56.12500
166.098,-56.12500
166.149,-56.12500
166.200,-56.37500
166.250,-56.25000
166.301,-56.37500
166.352,-56.37500
166.403,-56.50000
166.454,-56.25000
166.504,-56.25000
166.555,-56.25000
166.606,-56.25000
166.657,-56.50000
166.708,-56.50000
166.759,-56.62500
166.810,-56.37500
166.861,-56.37500
166.913,-56.50000
166.964,-56.37500
167.015,-56.37500
167.066,-56.50000
167.117,-56.50000
167.168,-56.62500
167.218,-56.62500
167.269,-56.62500
167.320,-56.62500
167.370,-56.25000
167.421,-56.37500
167.472,-56.62500
167.523,-56.62500
167.573,-56.50000
167.624,-56.75000
167.675,-56.62500
167.726,-56.87500
167.777,-56.87500
167.828,-56.62500
167.880,-56.75000
167.931,-56.50000
167.981,-56.62500
168.032,-56.87500
168.083,-56.75000
168.134,-56.87500
168.184,-56.87500
168.235,-56.87500
168.286,-56.87500
168.336,-56.75000
168.387,-56.87500
168.438,-56.75000
168.489,-57.00000
168.539,-57.00000
168.590,-57.00000
168.641,-57.12500
168.692,-56.87500
168.742,-57.00000
168.793,-56.87500
168.846,-56.87500
168.897,-57.00000
168.947,-57.00000
168.998,-57.12500
169.049,-57.12500
169.099,-57.12500
169.150,-57.12500
169.201,-56.87500
169.252,-56.87500
169.302,-57.00000
169.353,-57.00000
169.404,-56.87500
169.455,-57.25000
169.505,-57.12500
169.556,-57.12500
169.609,-57.12500
169.660,-57.00000
169.713,-57.25000
169.764,-57.12500
169.815,-57.25000
169.866,-57.25000
169.916,-57.25000
169.967,-57.25000
170.018,-57.12500
170.069,-57.00000
170.120,-57.37500
170.170,-57.25000
170.221,-57.37500
170.272,-57.37500
170.323,-57.37500
170.375,-57.37500
170.426,-57.12500
170.479,-57.37500
170.529,-57.37500
170.580,-57.37500
170.631,-57.37500
170.682,-57.50000
170.733,-57.62500
170.783,-57.62500
170.834,-57.37500
170.885,-57.50000
170.936,-57.50000
170.986,-57.37500
171.037,-57.25000
171.088,-57.62500
171.138,-57.62500
171.189,-57.62500
171.240,-57.62500
171.291,-57.62500
171.341,-57.62500
171.392,-57.50000
171.444,-57.50000
171.495,-57.75000
171.546,-57.62500
171.596,-57.87500
171.647,-57.75000
171.698,-57.75000
171.749,-57.87500
171.800,-57.87500
171.850,-57.62500
171.901,-57.62500
171.952,-57.75000
172.002,-57.75000
172.053,-58.00000
172.104,-57.75000
172.154,-57.87500
172.205,-58.00000
172.256,-57.75000
172.307,-57.75000
172.358,-57.75000
172.410,-57.75000
172.461,-57.87500
172.512,-57.87500
172.562,-58.00000
172.613,-58.12500
172.664,-57.87500
172.715,-58.00000
172.766,-58.00000
172.816,-57.87500
172.867,-57.87500
172.918,-58.12500
172.969,-58.00000
173.019,-58.12500
173.070,-58.12500
173.121,-58.12500
173.171,-58.12500
173.222,-58.00000
173.273,-58.00000
173.324,-58.12500
173.375,-58.12500
173.425,-58.00000
173.478,-58.25000
173.529,-58.25000
173.579,-58.37500
173.630,-58.00000
173.681,-58.12500
173.732,-58.25000
173.782,-58.12500
173.833,-58.00000
173.884,-58.25000
173.934,-58.25000
173.985,-58.25000
174.036,-58.37500
174.087,-58.25000
174.137,-58.25000
174.188,-58.12500
174.239,-58.12500
174.289,-58.00000
174.340,-58.37500
174.391,-58.25000
174.444,-58.50000
174.495,-58.50000
174.545,-58.50000
174.596,-58.25000
174.647,-58.37500
174.698,-58.37500
174.748,-58.50000
174.799,-58.50000
174.850,-58.62500
174.900,-58.62500
174.951,-58.50000
175.002,-58.62500
175.053,-58.50000
175.103,-58.50000
175.156,-58.50000
175.209,-58.75000
175.260,-58.75000
175.311,-58.75000
175.362,-58.75000
175.412,-58.75000
175.463,-58.62500
175.514,-58.75000
175.565,-58.50000
175.616,-58.62500
175.666,-58.62500
175.717,-58.75000
175.768,-58.75000
175.818,-58.87500
175.869,-58.75000
175.920,-58.75000
175.973,-58.62500
176.024,-58.62500
176.076,-58.87500
176.127,-58.75000
176.177,-58.87500
176.228,-58.87500
176.279,-59.00000
176.330,-59.12500
176.381,-58.75000
176.431,-58.75000
176.482,-58.87500
176.533,-58.87500
176.584,-58.87500
176.634,-59.00000
176.685,-59.00000
176.736,-59.25000
176.786,-59.25000
176.838,-59.00000
176.889,-58.87500
176.942,-58.87500
176.992,-59.25000
177.043,-59.25000
177.094,-59.25000
177.145,-59.25000
177.196,-59.25000
177.247,-58.87500
177.297,-59.25000
177.348,-59.00000
177.399,-58.87500
177.449,-59.25000
177.500,-59.25000
177.551,-59.37500
177.602,-59.37500
177.652,-59.37500
177.703,-59.37500
177.754,-59.12500
177.805,-59.12500
177.855,-59.25000
177.908,-59.25000
177.959,-59.37500
178.009,-59.37500
178.060,-59.50000
178.111,-59.37500
178.162,-59.50000
178.212,-59.12500
178.263,-59.37500
178.314,-59.25000
178.364,-59.25000
178.415,-59.25000
178.466,-59.37500
178.518,-59.50000
178.569,-59.50000
178.620,-59.37500
178.672,-59.62500
178.723,-59.25000
178.775,-59.50000
178.826,-59.50000
178.877,-59.50000
178.927,-59.62500
178.978,-59.62500
179.029,-59.75000
179.080,-59.75000
179.131,-59.37500
179.181,-59.50000
179.232,-59.50000
179.283,-59.50000
179.333,-59.87500
179.384,-59.75000
179.435,-59.75000
179.486,-59.75000
179.537,-59.62500
179.588,-59.62500
179.641,-59.62500
179.691,-59.50000
179.742,-59.75000
179.796,-59.87500
179.847,-59.87500
179.898,-59.87500
179.948,-59.75000
179.999,-59.87500
