time(s),mvs
0.000,-1483.00000
0.051,238.00000
0.101,237.87500
0.152,237.62500
0.203,237.50000
0.253,237.25000
0.304,237.37500
0.355,237.25000
0.405,237.00000
0.456,237.25000
0.507,237.25000
0.557,237.00000
0.608,236.87500
0.659,237.00000
0.709,236.75000
0.760,236.87500
0.811,236.75000
0.861,236.87500
0.912,236.87500
0.963,236.87500
1.013,236.62500
1.064,236.50000
1.115,236.37500
1.166,236.25000
1.216,236.25000
1.267,236.25000
1.318,236.12500
1.368,236.12500
1.419,236.12500
1.470,235.87500
1.520,235.87500
1.571,235.75000
1.622,235.62500
1.737,235.37500
1.787,235.25000
1.838,235.12500
1.889,235.00000
1.939,235.12500
1.990,234.87500
2.041,234.87500
2.092,234.87500
2.142,234.75000
2.193,234.62500
2.244,234.50000
2.294,234.50000
2.345,234.25000
2.396,234.50000
2.446,234.37500
2.497,234.37500
2.548,234.37500
2.598,234.37500
2.649,234.00000
2.700,234.00000
2.751,233.87500
2.801,233.87500
2.852,234.00000
2.903,233.87500
2.953,233.87500
3.004,234.37500
3.055,236.12500
3.105,238.50000
3.156,240.75000
3.207,243.87500
3.258,247.62500
3.308,252.62500
3.359,256.87500
3.410,262.12500
3.460,266.62500
3.511,271.00000
3.562,274.25000
3.612,277.87500
3.663,280.50000
3.714,283.12500
3.764,286.00000
3.815,287.87500
3.866,290.00000
3.917,292.00000
3.967,293.50000
4.018,295.00000
4.069,296.37500
4.119,297.75000
4.170,299.37500
4.221,300.50000
4.271,301.50000
4.322,302.75000
4.373,303.75000
4.423,304.50000
4.474,305.37500
4.525,306.25000
4.575,307.00000
4.626,307.75000
4.677,308.50000
4.727,309.12500
4.778,309.75000
4.829,310.50000
4.879,311.00000
4.930,311.50000
4.981,312.25000
5.031,312.87500
5.082,313.75000
5.133,314.25000
5.183,314.87500
5.234,315.25000
5.285,315.75000
5.336,316.12500
5.386,316.75000
5.437,317.00000
5.488,317.37500
5.539,318.00000
5.589,318.37500
5.640,318.62500
5.691,318.87500
5.741,319.12500
5.792,319.37500
5.843,319.50000
5.893,319.75000
5.944,320.12500
5.995,320.12500
6.045,320.25000
6.096,320.37500
6.147,320.62500
6.197,320.50000
6.248,320.62500
6.299,320.75000
6.349,320.62500
6.400,321.12500
6.451,321.00000
6.501,321.00000
6.552,321.12500
6.603,321.12500
6.653,320.87500
6.704,321.12500
6.755,321.12500
6.805,321.25000
6.856,321.25000
6.907,321.37500
6.957,321.25000
7.008,321.37500
7.059,321.50000
7.110,321.37500
7.160,321.37500
7.211,321.25000
7.262,321.37500
7.312,321.62500
7.363,321.62500
7.414,321.37500
7.464,321.50000
7.515,321.25000
7.566,321.37500
7.616,321.50000
7.667,321.62500
7.718,321.37500
7.768,321.50000
7.819,321.37500
7.870,321.37500
7.920,321.50000
7.971,321.25000
8.022,321.37500
8.072,321.00000
8.123,320.87500
8.174,321.00000
8.224,321.25000
8.275,321.25000
8.326,321.12500
8.376,321.00000
8.427,320.75000
8.478,320.87500
8.529,321.00000
8.579,320.87500
8.630,321.12500
8.681,320.87500
8.731,320.87500
8.782,320.75000
8.833,320.75000
8.883,320.62500
8.934,320.50000
8.985,320.12500
9.035,319.87500
9.086,320.12500
9.137,320.00000
9.187,320.00000
9.238,319.75000
9.289,319.75000
9.339,319.37500
9.390,319.25000
9.441,319.37500
9.491,319.25000
9.542,319.25000
9.593,319.12500
9.643,318.87500
9.694,318.87500
9.745,318.62500
9.795,318.50000
9.846,318.50000
9.897,318.62500
9.947,318.75000
9.998,318.87500
10.049,318.62500
10.100,318.75000
10.150,318.62500
10.201,318.25000
10.252,318.00000
10.302,317.87500
10.353,317.62500
10.404,317.37500
10.454,317.37500
10.505,317.25000
10.556,316.75000
10.606,316.50000
10.657,316.12500
10.708,316.00000
10.758,315.75000
10.809,315.50000
10.860,315.37500
10.910,315.00000
10.961,314.87500
11.012,314.37500
11.062,314.37500
11.113,314.00000
11.164,314.00000
11.214,313.87500
11.265,313.50000
11.316,313.37500
11.366,313.25000
11.417,312.75000
11.468,312.75000
11.519,312.62500
11.569,312.37500
11.620,312.25000
11.671,312.37500
11.721,312.25000
11.772,312.00000
11.823,311.87500
11.873,311.62500
11.924,311.50000
11.975,311.12500
12.025,311.12500
12.076,310.87500
12.127,310.75000
12.177,310.75000
12.228,310.62500
12.279,310.50000
12.329,310.12500
12.380,310.00000
12.431,309.75000
12.481,309.37500
12.532,309.25000
12.583,309.25000
12.633,309.00000
12.684,308.87500
12.735,309.00000
12.785,308.37500
12.836,308.12500
12.887,307.87500
12.937,307.75000
12.988,307.75000
13.039,307.62500
13.089,307.25000
13.140,307.12500
13.191,307.00000
13.241,306.62500
13.292,306.62500
13.343,306.25000
13.393,306.12500
13.444,306.25000
13.495,306.12500
13.546,306.00000
13.596,306.12500
13.647,305.87500
13.698,305.50000
13.749,305.37500
13.799,305.25000
13.850,305.12500
13.901,305.12500
13.951,305.12500
14.002,304.75000
14.053,304.62500
14.104,304.25000
14.154,304.00000
14.205,303.75000
14.256,303.62500
14.307,303.50000
14.357,303.50000
14.408,303.25000
14.459,303.12500
14.509,303.12500
14.560,302.87500
14.611,302.87500
14.662,302.62500
14.712,302.37500
14.763,302.37500
14.814,302.25000
14.864,302.12500
14.915,302.00000
14.966,301.87500
15.017,301.87500
15.067,301.75000
15.118,301.50000
15.169,301.50000
15.220,301.50000
15.270,301.12500
15.321,301.00000
15.372,300.50000
15.422,299.87500
15.473,299.75000
15.524,299.25000
15.575,299.00000
15.625,298.87500
15.676,298.75000
15.727,298.37500
15.778,298.12500
15.828,297.87500
15.879,297.50000
15.930,297.25000
15.980,296.87500
16.031,296.62500
16.082,296.75000
16.133,296.37500
16.183,296.25000
16.234,295.87500
16.285,295.75000
16.336,295.37500
16.386,295.25000
16.437,294.87500
16.488,294.62500
16.538,294.62500
16.589,294.50000
16.640,294.12500
16.691,294.00000
16.741,293.75000
16.792,293.37500
16.843,293.37500
16.893,293.12500
16.944,293.00000
16.995,292.87500
17.046,292.75000
17.096,292.50000
17.147,292.37500
17.198,292.00000
17.248,291.87500
17.299,291.87500
17.350,291.62500
17.401,291.75000
17.451,291.50000
17.502,291.37500
17.553,291.00000
17.603,290.87500
17.654,290.62500
17.705,291.25000
17.756,290.50000
17.806,290.37500
17.857,289.87500
17.908,289.75000
17.958,289.87500
18.009,289.62500
18.060,290.37500
18.111,289.50000
18.161,289.00000
18.212,289.00000
18.263,288.62500
18.314,288.75000
18.364,288.50000
18.415,288.87500
18.466,288.50000
18.516,288.00000
18.567,288.00000
18.618,287.50000
18.668,287.50000
18.719,287.62500
18.770,287.25000
18.821,287.50000
18.871,287.75000
18.922,287.25000
18.973,286.75000
19.024,286.25000
19.074,286.12500
19.125,286.25000
19.176,286.12500
19.226,286.87500
19.277,285.75000
19.328,285.87500
19.379,285.62500
19.429,285.87500
19.480,285.62500
19.531,285.12500
19.581,285.12500
19.632,285.12500
19.683,285.12500
19.734,284.75000
19.784,284.50000
19.835,284.37500
19.886,284.37500
19.936,284.25000
19.987,284.25000
20.038,284.12500
20.089,283.75000
20.139,283.62500
20.190,283.50000
20.241,283.37500
20.291,283.50000
20.342,283.37500
20.393,283.00000
20.444,282.87500
20.494,282.75000
20.545,282.50000
20.596,282.25000
20.646,282.25000
20.697,282.12500
20.748,282.00000
20.799,281.87500
20.849,281.50000
20.900,281.25000
20.951,281.25000
21.001,281.00000
21.052,281.00000
21.103,280.87500
21.154,280.62500
21.204,280.50000
21.255,280.37500
21.306,280.00000
21.357,279.75000
21.407,279.62500
21.459,279.50000
21.509,279.50000
21.560,279.37500
21.611,279.00000
21.661,278.75000
21.712,278.62500
21.763,278.37500
21.813,278.12500
21.864,278.12500
21.915,278.00000
21.965,277.87500
22.016,277.75000
22.066,277.25000
22.117,277.12500
22.168,276.87500
22.218,276.75000
22.269,276.50000
22.320,276.50000
22.370,276.25000
22.421,276.25000
22.471,276.25000
22.522,276.00000
22.573,275.87500
22.623,275.50000
22.674,275.50000
22.725,275.50000
22.776,275.50000
22.826,275.25000
22.877,275.25000
22.928,275.00000
22.978,274.75000
23.029,274.75000
23.080,274.62500
23.131,274.62500
23.181,274.50000
23.232,274.37500
23.283,274.37500
23.333,274.25000
23.384,274.00000
23.435,273.87500
23.486,273.75000
23.536,273.50000
23.587,273.50000
23.638,273.50000
23.688,273.37500
23.739,273.50000
23.790,273.12500
23.841,272.87500
23.891,272.75000
23.942,272.62500
23.993,272.50000
24.043,272.37500
24.094,272.50000
24.145,272.50000
24.196,272.50000
24.246,272.25000
24.297,272.25000
24.348,272.00000
24.398,271.75000
24.449,271.62500
24.500,271.87500
24.551,271.50000
24.601,271.37500
24.652,271.25000
24.703,271.12500
24.753,270.75000
24.804,270.75000
24.855,270.37500
24.906,270.37500
24.956,270.37500
25.007,270.12500
25.058,270.00000
25.108,269.87500
25.159,269.50000
25.210,269.37500
25.261,269.12500
25.311,269.00000
25.362,268.87500
25.413,268.87500
25.463,268.75000
25.514,268.62500
25.565,268.50000
25.615,268.12500
25.666,268.00000
25.717,267.87500
25.768,267.62500
25.818,267.37500
25.869,267.62500
25.920,267.25000
25.970,267.12500
26.021,267.00000
26.072,266.62500
26.123,266.62500
26.173,266.50000
26.224,266.50000
26.275,266.37500
26.325,266.25000
26.376,266.12500
26.427,266.12500
26.478,266.25000
26.528,265.87500
26.579,265.87500
26.630,265.75000
26.680,265.87500
26.731,265.87500
26.782,265.75000
26.833,265.37500
26.883,265.50000
26.934,265.12500
26.985,265.00000
27.035,264.87500
27.086,264.75000
27.137,264.62500
27.188,264.75000
27.238,264.62500
27.289,264.50000
27.340,264.37500
27.390,264.12500
27.441,263.87500
27.492,263.75000
27.543,263.62500
27.593,263.62500
27.644,263.62500
27.695,263.37500
27.745,263.25000
27.796,263.12500
27.847,262.62500
27.897,262.37500
27.948,262.25000
27.999,262.37500
28.050,262.37500
28.100,262.12500
28.151,261.87500
28.202,261.87500
28.253,261.62500
28.303,261.37500
28.354,261.25000
28.405,261.00000
28.455,260.75000
28.506,260.87500
28.557,260.75000
28.608,260.50000
28.658,260.50000
28.709,260.00000
28.760,260.00000
28.810,259.87500
28.861,259.62500
28.912,259.50000
28.963,259.50000
29.013,259.25000
29.064,259.12500
29.115,259.00000
29.165,258.87500
29.216,258.75000
29.267,258.50000
29.317,258.50000
29.368,258.62500
29.419,258.50000
29.470,258.25000
29.520,258.12500
29.571,258.12500
29.622,257.75000
29.672,257.62500
29.723,257.62500
29.774,257.37500
29.825,257.50000
29.875,257.50000
29.926,257.12500
29.977,257.12500
30.027,256.87500
30.078,256.87500
30.129,256.62500
30.180,256.75000
30.230,256.62500
30.281,256.50000
30.332,256.50000
30.382,256.00000
30.433,256.00000
30.484,255.75000
30.535,255.75000
30.585,255.62500
30.636,255.62500
30.687,255.37500
30.737,255.62500
30.788,255.50000
30.839,255.12500
30.890,255.12500
30.940,255.00000
30.991,254.87500
31.042,254.75000
31.092,254.62500
31.143,254.62500
31.194,254.50000
31.245,254.25000
31.295,254.25000
31.346,254.00000
31.397,253.75000
31.447,253.87500
31.498,254.00000
31.549,253.87500
31.600,254.00000
31.650,253.87500
31.701,253.62500
31.752,253.62500
31.802,253.62500
31.853,253.62500
31.904,253.50000
31.955,253.75000
32.005,253.62500
32.056,253.37500
32.107,253.37500
32.157,253.25000
32.208,253.25000
32.259,253.00000
32.310,252.75000
32.360,252.75000
32.411,252.75000
32.462,252.50000
32.512,252.37500
32.563,252.25000
32.614,252.00000
32.665,251.87500
32.715,252.00000
32.766,252.00000
32.817,252.00000
32.867,251.75000
32.918,251.50000
32.969,251.50000
33.020,251.50000
33.070,251.25000
33.121,251.25000
33.172,251.25000
33.222,251.12500
33.273,251.12500
33.324,251.12500
33.375,250.75000
33.425,250.75000
33.476,250.37500
33.527,250.25000
33.577,250.50000
33.628,250.37500
33.679,250.12500
33.730,250.37500
33.780,250.12500
33.831,249.75000
33.882,249.62500
33.932,249.50000
33.983,249.50000
34.034,249.50000
34.085,249.50000
34.135,249.50000
34.186,249.50000
34.236,249.25000
34.287,249.00000
34.338,248.87500
34.388,248.62500
34.439,248.50000
34.490,248.62500
34.540,248.62500
34.591,248.50000
34.642,248.37500
34.692,248.12500
34.743,247.87500
34.794,247.75000
34.844,247.87500
34.895,247.62500
34.946,248.00000
34.996,247.87500
35.047,247.62500
35.098,247.50000
35.148,247.50000
35.199,247.50000
35.250,247.37500
35.300,247.37500
35.351,247.37500
35.402,247.50000
35.452,247.50000
35.503,247.37500
35.553,247.37500
35.604,247.12500
35.655,247.12500
35.705,247.25000
35.756,247.00000
35.807,247.25000
35.857,247.00000
35.908,247.00000
35.959,246.75000
36.009,246.62500
36.060,246.50000
36.111,246.50000
36.161,246.37500
36.212,246.37500
36.263,246.37500
36.313,246.12500
36.364,246.00000
36.415,245.75000
36.465,245.75000
36.516,245.37500
36.567,245.37500
36.617,245.37500
36.668,245.12500
36.719,245.25000
36.769,245.25000
36.820,244.87500
36.871,244.87500
36.921,245.00000
36.972,244.87500
37.022,244.62500
37.073,244.75000
37.124,244.62500
37.174,244.62500
37.225,244.50000
37.276,244.37500
37.326,244.25000
37.377,244.37500
37.428,244.25000
37.478,244.00000
37.529,244.00000
37.580,243.75000
37.630,243.75000
37.681,243.62500
37.732,243.37500
37.782,243.25000
37.833,243.00000
37.884,242.75000
37.935,242.75000
37.985,242.75000
38.036,242.62500
38.087,242.50000
38.137,242.50000
38.188,242.25000
38.238,242.00000
38.289,241.87500
38.340,241.75000
38.390,241.75000
38.441,241.62500
38.492,241.62500
38.542,241.62500
38.593,241.62500
38.644,241.50000
38.694,241.37500
38.745,241.12500
38.796,241.00000
38.846,241.25000
38.897,241.00000
38.948,241.12500
38.998,241.00000
39.049,241.12500
39.100,240.87500
39.150,240.87500
39.201,240.87500
39.252,240.87500
39.302,241.00000
39.353,240.87500
39.404,241.00000
39.454,240.87500
39.505,240.75000
39.556,240.50000
39.606,240.50000
39.657,240.25000
39.708,240.12500
39.758,240.12500
39.809,240.12500
39.859,240.00000
39.910,239.87500
39.961,239.50000
40.011,239.62500
40.062,239.50000
40.113,239.37500
40.163,239.25000
40.214,239.25000
40.265,239.00000
40.315,239.12500
40.366,238.87500
40.417,238.62500
40.467,238.50000
40.518,238.50000
40.569,238.25000
40.619,238.25000
40.670,238.00000
40.721,238.00000
40.771,238.00000
40.822,237.87500
40.873,237.62500
40.923,237.50000
40.974,237.25000
41.025,237.12500
41.075,237.12500
41.126,237.25000
41.176,237.25000
41.227,237.25000
41.278,237.12500
41.328,237.00000
41.379,236.87500
41.430,236.87500
41.480,236.75000
41.531,236.50000
41.582,236.50000
41.632,236.37500
41.683,236.50000
41.734,236.37500
41.784,236.25000
41.835,236.00000
41.886,235.87500
41.936,235.75000
41.987,235.87500
42.038,235.62500
42.088,235.62500
42.139,235.62500
42.190,235.62500
42.240,235.25000
42.291,235.12500
42.342,235.12500
42.392,234.87500
42.443,235.00000
42.493,234.87500
42.544,234.87500
42.595,234.87500
42.645,234.75000
42.696,234.50000
42.747,234.37500
42.797,234.12500
42.848,234.12500
42.899,234.12500
42.949,234.00000
43.000,234.12500
43.051,233.87500
43.101,233.87500
43.152,233.62500
43.203,233.50000
43.253,233.25000
43.304,233.25000
43.355,233.37500
43.405,233.25000
43.456,233.37500
43.507,233.37500
43.557,233.25000
43.608,233.12500
43.659,233.12500
43.709,233.00000
43.760,233.00000
43.811,233.12500
43.861,232.87500
43.912,233.00000
43.963,233.12500
44.013,232.87500
44.064,232.87500
44.115,232.75000
44.165,232.87500
44.216,232.62500
44.267,232.75000
44.317,232.62500
44.368,232.62500
44.419,232.62500
44.469,232.50000
44.520,232.37500
44.571,232.25000
44.621,232.37500
44.672,232.12500
44.722,232.25000
44.773,232.12500
44.824,232.37500
44.874,232.25000
44.925,232.00000
44.976,232.12500
45.026,231.87500
45.077,231.87500
45.128,231.87500
45.178,231.75000
45.229,231.75000
45.280,231.75000
45.330,231.75000
45.381,231.50000
45.432,231.50000
45.482,231.25000
45.533,231.25000
45.583,231.37500
45.634,231.25000
45.685,231.12500
45.735,231.37500
45.786,231.25000
45.837,231.00000
45.887,231.00000
45.938,230.75000
45.989,230.75000
46.039,230.75000
46.090,230.62500
46.141,230.62500
46.191,230.62500
46.242,230.62500
46.293,230.25000
46.343,230.25000
46.394,230.12500
46.445,230.00000
46.495,230.00000
46.546,230.00000
46.596,230.00000
46.647,230.00000
46.698,230.00000
46.749,229.75000
46.799,229.62500
46.850,229.50000
46.901,229.37500
46.951,229.37500
47.002,229.25000
47.053,229.12500
47.104,229.00000
47.154,228.62500
47.205,228.50000
47.256,228.37500
47.306,228.25000
47.357,228.25000
47.408,228.25000
47.459,228.12500
47.509,228.12500
47.560,228.00000
47.611,227.75000
47.661,227.62500
47.712,227.50000
47.763,227.37500
47.814,227.62500
47.864,227.37500
47.915,227.37500
47.966,227.37500
48.016,227.25000
48.067,227.00000
48.118,227.00000
48.169,226.75000
48.219,226.62500
48.270,226.87500
48.321,226.50000
48.371,226.75000
48.422,226.50000
48.473,226.50000
48.524,226.25000
48.574,226.00000
48.625,226.12500
48.676,226.00000
48.726,226.00000
48.777,225.87500
48.828,225.75000
48.879,225.75000
48.929,225.62500
48.980,225.62500
49.031,225.50000
49.081,225.37500
49.132,225.50000
49.182,225.62500
49.233,225.62500
49.284,225.75000
49.334,225.75000
49.385,225.37500
49.436,225.25000
49.486,225.37500
49.537,225.37500
49.588,225.50000
49.638,225.37500
49.689,225.37500
49.740,225.37500
49.790,225.25000
49.841,225.00000
49.892,225.00000
49.942,224.87500
49.993,224.75000
50.044,224.75000
50.094,224.75000
50.145,224.75000
50.195,224.50000
50.246,224.50000
50.297,224.25000
50.347,224.12500
50.398,224.12500
50.449,224.12500
50.499,224.00000
50.550,223.87500
50.601,223.62500
50.651,223.62500
50.702,223.62500
50.753,223.62500
50.803,223.62500
50.854,223.50000
50.905,223.37500
50.955,223.62500
51.006,223.50000
51.056,223.37500
51.107,223.25000
51.158,223.25000
51.208,222.87500
51.259,222.75000
51.310,222.87500
51.360,222.75000
51.411,223.00000
51.462,223.00000
51.512,222.87500
51.563,222.75000
51.614,222.75000
51.664,222.62500
51.715,222.62500
51.765,222.50000
51.816,222.50000
51.867,222.50000
51.917,222.50000
51.968,222.25000
52.019,222.25000
52.069,221.87500
52.120,221.87500
52.171,221.87500
52.221,221.62500
52.272,221.50000
52.322,221.75000
52.373,221.62500
52.424,221.37500
52.474,221.37500
52.525,221.25000
52.576,221.12500
52.626,221.00000
52.677,221.12500
52.728,221.00000
52.778,221.25000
52.829,221.00000
52.879,221.12500
52.930,221.00000
52.981,220.87500
53.031,220.87500
53.082,220.75000
53.133,220.87500
53.183,220.87500
53.234,221.00000
53.285,221.12500
53.335,220.87500
53.386,220.87500
53.436,220.75000
53.487,220.62500
53.538,220.75000
53.588,220.75000
53.639,220.75000
53.690,220.87500
53.740,220.87500
53.791,220.75000
53.842,220.75000
53.892,220.75000
53.943,220.75000
53.994,220.75000
54.044,220.75000
54.095,220.62500
54.145,220.75000
54.196,220.62500
54.247,220.37500
54.298,220.37500
54.348,220.00000
54.399,220.12500
54.450,220.12500
54.500,220.00000
54.551,220.12500
54.602,220.12500
54.652,220.00000
54.703,219.87500
54.754,219.87500
54.804,219.75000
54.855,219.75000
54.906,219.87500
54.956,219.87500
55.007,219.87500
55.057,219.87500
55.108,219.75000
55.159,219.75000
55.209,219.62500
55.260,219.62500
55.311,219.50000
55.361,219.50000
55.412,219.37500
55.463,219.50000
55.513,219.37500
55.564,219.12500
55.615,219.00000
55.665,219.00000
55.716,218.75000
55.766,218.75000
55.817,218.62500
55.868,218.62500
55.918,218.50000
55.969,218.37500
56.020,218.12500
56.070,218.00000
56.121,217.87500
56.172,217.87500
56.222,217.87500
56.273,217.87500
56.324,217.62500
56.374,217.87500
56.425,217.62500
56.475,217.37500
56.526,217.25000
56.577,217.12500
56.627,216.87500
56.678,216.87500
56.729,216.87500
56.779,216.75000
56.830,216.75000
56.881,216.62500
56.931,216.25000
56.982,216.12500
57.032,215.87500
57.083,215.87500
57.134,215.75000
57.184,215.75000
57.235,215.50000
57.286,215.87500
57.336,215.75000
57.387,215.62500
57.438,215.62500
57.488,215.50000
57.539,215.37500
57.590,215.37500
57.640,215.37500
57.691,215.25000
57.741,215.37500
57.792,215.37500
57.843,215.00000
57.893,215.12500
57.944,215.00000
57.995,214.87500
58.045,214.75000
58.096,214.62500
58.147,214.75000
58.197,214.87500
58.248,214.87500
58.298,214.75000
58.349,214.75000
58.400,214.37500
58.450,214.37500
58.501,214.50000
58.552,214.37500
58.602,214.50000
58.653,214.37500
58.704,214.37500
58.754,214.12500
58.805,214.12500
58.855,214.00000
58.906,214.00000
58.957,213.87500
59.007,213.75000
59.058,213.87500
59.109,213.75000
59.159,213.62500
59.210,213.50000
59.261,213.37500
59.311,213.25000
59.362,213.12500
59.413,213.12500
59.463,213.00000
59.514,213.12500
59.564,213.00000
59.615,213.00000
59.666,212.62500
59.716,212.62500
59.767,212.50000
59.818,212.37500
59.868,212.50000
59.919,212.37500
59.970,212.37500
60.020,212.12500
60.071,212.00000
60.121,212.00000
60.172,212.00000
60.223,211.87500
60.273,211.75000
60.324,211.75000
60.375,211.62500
60.425,211.75000
60.476,211.62500
60.527,211.37500
60.577,211.25000
60.628,211.37500
60.678,211.12500
60.729,211.00000
60.780,211.12500
60.830,211.00000
60.881,211.12500
60.932,211.12500
60.982,211.00000
61.033,210.87500
61.083,210.87500
61.134,210.75000
61.185,210.75000
61.235,210.62500
61.286,210.62500
61.337,210.75000
61.387,210.75000
61.438,210.62500
61.488,210.62500
61.539,210.50000
61.590,210.25000
61.640,210.37500
61.691,210.37500
61.742,210.37500
61.792,210.50000
61.843,210.37500
61.894,210.12500
61.944,210.12500
61.995,210.12500
62.045,210.12500
62.096,210.12500
62.147,210.00000
62.197,210.00000
62.248,210.12500
62.299,210.12500
62.349,210.00000
62.400,209.87500
62.450,210.00000
62.501,209.87500
62.552,209.75000
62.602,209.75000
62.653,209.87500
62.704,209.87500
62.754,209.87500
62.805,209.50000
62.856,209.50000
62.906,209.50000
62.957,209.50000
63.007,209.50000
63.058,209.37500
63.109,209.25000
63.159,209.25000
63.210,209.25000
63.261,209.00000
63.311,209.12500
63.362,209.00000
63.413,209.00000
63.463,208.87500
63.514,208.75000
63.565,208.75000
63.615,208.87500
63.666,208.75000
63.717,208.62500
63.767,208.87500
63.818,208.75000
63.869,208.62500
63.919,208.75000
63.970,208.75000
64.020,208.62500
64.071,208.50000
64.122,208.50000
64.172,208.25000
64.223,208.00000
64.274,208.00000
64.324,207.87500
64.375,208.00000
64.426,207.87500
64.476,207.87500
64.527,207.87500
64.577,207.87500
64.628,207.62500
64.679,207.50000
64.729,207.25000
64.780,207.25000
64.831,207.25000
64.881,207.25000
64.932,207.12500
64.983,207.25000
65.033,207.12500
65.084,206.87500
65.134,207.00000
65.185,206.75000
65.236,206.62500
65.286,206.75000
65.337,206.75000
65.388,206.75000
65.438,206.75000
65.489,206.62500
65.540,206.62500
65.590,206.62500
65.641,206.37500
65.692,206.37500
65.742,206.50000
65.793,206.50000
65.844,206.37500
65.894,206.37500
65.945,206.12500
65.996,206.12500
66.046,206.12500
66.097,206.12500
66.147,206.00000
66.198,206.12500
66.249,206.00000
66.299,206.12500
66.350,206.25000
66.401,206.00000
66.451,205.87500
66.502,205.75000
66.553,205.87500
66.603,205.87500
66.654,206.00000
66.704,205.87500
66.755,206.00000
66.806,206.12500
66.856,205.87500
66.907,206.00000
66.958,205.87500
67.008,206.00000
67.059,206.00000
67.110,206.12500
67.160,206.12500
67.211,206.37500
67.262,206.37500
67.312,206.12500
67.363,206.12500
67.414,206.00000
67.464,206.12500
67.515,206.12500
67.566,206.25000
67.616,206.12500
67.667,206.12500
67.718,206.12500
67.769,206.00000
67.819,206.00000
67.870,205.75000
67.921,205.75000
67.971,205.87500
68.022,205.87500
68.073,205.75000
68.123,205.87500
68.174,205.75000
68.225,205.37500
68.275,205.25000
68.326,205.12500
68.377,205.12500
68.428,205.25000
68.478,205.25000
68.529,205.12500
68.580,205.12500
68.630,204.87500
68.681,205.00000
68.732,204.75000
68.782,204.62500
68.833,204.62500
68.884,204.75000
68.935,204.62500
68.985,204.62500
69.036,204.37500
69.087,204.25000
69.137,204.12500
69.188,204.25000
69.239,204.12500
69.289,204.12500
69.340,204.12500
69.391,204.12500
69.441,204.12500
69.492,204.00000
69.543,203.87500
69.594,203.75000
69.644,203.75000
69.695,203.62500
69.746,203.87500
69.796,203.75000
69.847,203.87500
69.898,203.75000
69.949,203.75000
69.999,203.50000
70.050,203.37500
70.101,203.37500
70.151,203.25000
70.202,203.50000
70.253,203.37500
70.303,203.25000
70.354,203.25000
70.405,203.00000
70.456,202.87500
70.506,202.87500
70.557,202.75000
70.608,202.75000
70.658,202.75000
70.710,202.75000
70.760,202.62500
70.811,202.62500
70.862,202.37500
70.912,202.37500
70.963,202.25000
71.014,202.25000
71.064,202.37500
71.115,202.25000
71.166,202.12500
71.216,202.12500
71.267,202.12500
71.318,202.00000
71.368,201.75000
71.419,201.75000
71.470,201.62500
71.520,201.87500
71.571,201.62500
71.621,201.62500
71.672,201.62500
71.723,201.62500
71.773,201.37500
71.824,201.37500
71.875,201.25000
71.925,201.12500
71.976,201.25000
72.027,201.25000
72.077,201.00000
72.128,201.12500
72.178,201.12500
72.229,200.87500
72.280,200.75000
72.330,200.75000
72.381,200.62500
72.432,200.87500
72.482,200.75000
72.533,200.62500
72.584,200.62500
72.634,200.62500
72.685,200.37500
72.735,200.25000
72.786,200.12500
72.837,200.12500
72.887,200.25000
72.938,200.25000
72.989,200.12500
73.039,200.12500
73.090,199.87500
73.141,199.87500
73.191,199.75000
73.242,199.75000
73.292,199.62500
73.343,199.87500
73.394,199.75000
73.444,199.62500
73.495,199.75000
73.546,199.62500
73.596,199.50000
73.647,199.37500
73.698,199.37500
73.748,199.37500
73.799,199.50000
73.849,199.50000
73.900,199.37500
73.951,199.37500
74.001,199.25000
74.052,199.25000
74.103,199.25000
74.153,199.25000
74.204,199.00000
74.255,199.50000
74.305,199.37500
74.356,199.37500
74.407,199.37500
74.457,199.12500
74.508,199.12500
74.558,199.00000
74.609,199.12500
74.660,199.00000
74.710,199.00000
74.761,199.00000
74.812,198.87500
74.862,198.87500
74.913,198.62500
74.964,198.50000
75.014,198.50000
75.065,198.37500
75.115,198.25000
75.166,198.50000
75.217,198.62500
75.267,198.50000
75.318,198.50000
75.369,198.12500
75.419,198.12500
75.470,198.25000
75.521,198.00000
75.571,198.12500
75.622,198.12500
75.672,198.12500
75.723,198.12500
75.774,198.25000
75.824,198.00000
75.875,198.12500
75.926,198.00000
75.976,197.87500
76.027,198.12500
76.078,198.00000
76.128,197.75000
76.179,197.50000
76.230,197.50000
76.280,197.12500
76.331,197.12500
76.382,197.00000
76.432,196.75000
76.483,197.00000
76.534,196.75000
76.584,196.62500
76.635,196.62500
76.685,196.37500
76.736,196.37500
76.787,196.25000
76.837,196.25000
76.888,196.25000
76.939,196.25000
76.989,196.12500
77.040,196.25000
77.090,196.12500
77.141,196.12500
77.192,195.87500
77.242,195.87500
77.293,195.87500
77.344,195.87500
77.394,196.12500
77.445,196.00000
77.496,195.87500
77.546,195.87500
77.597,195.87500
77.647,195.62500
77.698,195.62500
77.749,195.50000
77.799,195.50000
77.850,195.62500
77.901,195.62500
77.951,195.50000
78.002,195.37500
78.053,195.50000
78.103,195.25000
78.154,195.37500
78.204,195.12500
78.255,195.12500
78.306,195.25000
78.356,195.12500
78.407,195.00000
78.458,195.12500
78.508,194.62500
78.559,194.75000
78.609,194.62500
78.660,194.75000
78.711,194.50000
78.761,194.62500
78.812,194.50000
78.863,194.37500
78.913,194.37500
78.964,194.12500
79.015,194.00000
79.065,193.87500
79.116,193.75000
79.166,193.62500
79.217,193.87500
79.268,193.75000
79.318,193.50000
79.369,193.50000
79.420,193.25000
79.470,193.25000
79.521,193.25000
79.572,193.25000
79.622,193.12500
79.673,193.25000
79.724,193.25000
79.774,193.00000
79.825,193.00000
79.875,192.87500
79.926,192.87500
79.977,192.75000
80.027,192.62500
80.078,192.75000
80.129,192.87500
80.179,192.75000
80.230,192.62500
80.281,192.62500
80.331,192.62500
80.382,192.62500
80.433,192.62500
80.483,192.62500
80.534,192.62500
80.584,192.75000
80.635,192.62500
80.686,192.62500
80.736,192.62500
80.787,192.62500
80.838,192.50000
80.888,192.37500
80.939,192.37500
80.990,192.37500
81.040,192.25000
81.091,192.37500
81.141,192.12500
81.192,192.12500
81.243,191.87500
81.293,191.87500
81.344,191.87500
81.395,191.75000
81.445,191.87500
81.496,191.87500
81.546,191.87500
81.597,191.75000
81.648,191.75000
81.698,191.50000
81.749,191.37500
81.800,191.50000
81.850,191.37500
81.901,191.50000
81.952,191.50000
82.002,191.37500
82.053,191.37500
82.103,191.25000
82.154,191.25000
82.205,191.12500
82.255,191.12500
82.306,191.12500
82.357,191.25000
82.407,191.37500
82.458,191.25000
82.509,191.12500
82.559,191.00000
82.610,191.00000
82.660,191.00000
82.711,191.00000
82.762,191.00000
82.812,191.12500
82.863,191.00000
82.914,191.00000
82.964,191.00000
83.015,191.00000
83.066,190.87500
83.116,190.75000
83.167,190.75000
83.218,190.75000
83.268,190.87500
83.319,190.62500
83.370,190.50000
83.420,190.50000
83.471,190.37500
83.522,190.37500
83.572,190.50000
83.623,190.37500
83.673,190.37500
83.724,190.50000
83.775,190.37500
83.825,190.25000
83.876,190.12500
83.927,189.75000
83.977,189.62500
84.028,189.62500
84.078,189.50000
84.129,189.50000
84.180,189.62500
84.230,189.62500
84.281,189.37500
84.332,189.25000
84.382,189.00000
84.433,189.00000
84.484,188.87500
84.534,188.87500
84.585,188.75000
84.635,188.87500
84.686,188.75000
84.737,188.62500
84.787,188.62500
84.838,188.37500
84.889,188.37500
84.939,188.50000
84.990,188.37500
85.041,188.37500
85.091,188.50000
85.142,188.50000
85.192,188.25000
85.243,188.37500
85.294,188.25000
85.344,188.25000
85.395,188.12500
85.446,188.00000
85.496,188.00000
85.547,188.25000
85.597,188.25000
85.648,188.12500
85.699,188.12500
85.749,187.75000
85.800,187.62500
85.851,187.75000
85.901,187.87500
85.952,187.75000
86.003,187.75000
86.053,187.75000
86.104,187.50000
86.154,187.50000
86.205,187.37500
86.256,187.37500
86.306,187.25000
86.357,187.37500
86.408,187.37500
86.458,187.37500
86.509,187.37500
86.560,187.12500
86.610,187.12500
86.661,186.87500
86.711,186.87500
86.762,187.00000
86.813,186.87500
86.863,187.00000
86.914,186.87500
86.965,186.87500
87.015,186.62500
87.066,186.62500
87.117,186.50000
87.167,186.50000
87.218,186.50000
87.268,186.37500
87.319,186.62500
87.370,186.50000
87.420,186.50000
87.471,186.25000
87.522,186.37500
87.572,186.12500
87.623,186.12500
87.674,186.00000
87.724,185.87500
87.775,186.12500
87.825,186.00000
87.876,185.87500
87.927,185.87500
87.977,185.75000
88.028,185.50000
88.079,185.62500
88.129,185.75000
88.180,185.62500
88.231,185.87500
88.281,185.87500
88.332,185.62500
88.382,185.62500
88.433,185.50000
88.484,185.50000
88.534,185.50000
88.585,185.37500
88.636,185.37500
88.686,185.62500
88.737,185.62500
88.788,185.50000
88.838,185.62500
88.889,185.50000
88.940,185.50000
88.991,185.50000
89.041,185.62500
89.092,185.50000
89.142,185.75000
89.193,185.62500
89.244,185.37500
89.294,185.37500
89.345,185.25000
89.396,185.25000
89.446,185.25000
89.497,185.25000
89.548,185.25000
89.598,185.50000
89.649,185.37500
89.699,185.25000
89.750,185.12500
89.801,185.12500
89.851,185.00000
89.902,185.12500
89.953,185.12500
90.003,185.00000
90.054,185.12500
90.104,185.12500
90.155,185.00000
90.206,184.87500
90.256,184.75000
90.307,184.75000
90.358,184.87500
90.408,184.87500
90.459,185.00000
90.510,185.12500
90.560,185.25000
90.611,185.00000
90.661,185.12500
90.712,184.87500
90.763,184.87500
90.813,185.00000
90.864,184.87500
90.915,184.75000
90.965,184.87500
91.016,184.87500
91.067,184.50000
91.117,184.62500
91.168,184.37500
91.218,184.25000
91.269,184.50000
91.320,184.37500
91.370,184.50000
91.421,184.37500
91.472,184.25000
91.522,184.00000
91.573,184.00000
91.624,184.00000
91.674,183.87500
91.725,183.87500
91.775,183.75000
91.826,183.75000
91.877,183.75000
91.927,183.75000
91.978,183.50000
92.029,183.37500
92.079,183.25000
92.130,183.12500
92.181,183.25000
92.231,183.12500
92.282,183.12500
92.332,183.25000
92.383,183.12500
92.434,182.87500
92.484,182.75000
92.535,182.50000
92.586,182.50000
92.636,182.62500
92.687,182.50000
92.738,182.50000
92.788,182.50000
92.839,182.37500
92.890,182.25000
92.941,182.12500
92.991,182.00000
93.042,182.00000
93.093,182.00000
93.143,182.12500
93.194,182.37500
93.245,182.37500
93.295,182.00000
93.346,182.12500
93.397,182.00000
93.448,182.00000
93.498,182.00000
93.549,182.00000
93.600,182.00000
93.650,181.87500
93.701,182.00000
93.752,181.75000
93.802,181.87500
93.853,181.62500
93.904,181.62500
93.954,181.75000
94.005,181.62500
94.056,181.62500
94.107,181.75000
94.157,181.62500
94.208,181.50000
94.259,181.50000
94.309,181.37500
94.360,181.25000
94.411,181.50000
94.462,181.25000
94.512,181.25000
94.563,181.25000
94.614,181.00000
94.664,180.87500
94.715,180.75000
94.766,180.62500
94.816,180.62500
94.867,180.62500
94.918,180.50000
94.968,180.62500
95.019,180.50000
95.070,180.25000
95.121,180.25000
95.171,180.12500
95.222,180.00000
95.273,179.87500
95.323,180.00000
95.374,180.00000
95.425,180.00000
95.476,180.12500
95.526,179.62500
95.577,179.62500
95.628,179.50000
95.678,179.50000
95.729,179.62500
95.780,179.50000
95.830,179.37500
95.881,179.50000
95.932,179.50000
95.983,179.37500
96.033,179.37500
96.084,179.12500
96.135,179.12500
96.185,179.25000
96.236,179.12500
96.287,179.12500
96.337,179.12500
96.388,178.87500
96.439,178.62500
96.490,178.62500
96.540,178.62500
96.591,178.62500
96.642,178.62500
96.692,178.62500
96.743,178.50000
96.794,178.50000
96.844,178.37500
96.895,178.50000
96.946,178.25000
96.997,178.12500
97.047,178.12500
97.098,178.25000
97.149,178.12500
97.199,178.12500
97.250,178.12500
97.301,177.75000
97.351,177.87500
97.402,177.87500
97.453,177.87500
97.504,178.00000
97.554,178.00000
97.605,177.87500
97.656,177.87500
97.706,177.75000
97.757,177.75000
97.808,177.62500
97.858,177.62500
97.909,177.50000
97.960,177.75000
98.011,177.62500
98.061,177.75000
98.112,177.50000
98.163,177.37500
98.213,177.37500
98.264,177.37500
98.315,177.37500
98.365,177.25000
98.416,177.50000
98.467,177.50000
98.517,177.25000
98.568,177.37500
98.619,177.12500
98.670,177.12500
98.720,177.12500
98.771,177.00000
98.822,177.12500
98.872,177.25000
98.923,177.25000
98.974,177.12500
99.024,177.00000
99.075,176.87500
99.126,176.87500
99.176,176.87500
99.227,176.75000
99.278,176.87500
99.329,176.87500
99.379,176.75000
99.430,176.62500
99.481,176.62500
99.531,176.25000
99.582,176.25000
99.633,176.25000
99.683,176.25000
99.734,176.37500
99.785,176.25000
99.836,175.87500
99.886,176.00000
99.937,176.00000
99.988,175.75000
100.038,175.75000
100.089,175.62500
100.140,175.50000
100.190,175.75000
100.241,175.75000
100.292,175.50000
100.342,175.50000
100.393,175.25000
100.444,175.12500
100.495,175.12500
100.545,175.25000
100.596,175.12500
100.647,175.37500
100.697,175.25000
100.748,175.00000
100.799,175.00000
100.849,174.87500
100.900,174.87500
100.951,174.87500
101.001,174.87500
101.052,175.00000
101.103,175.00000
101.154,175.00000
101.204,174.87500
101.255,174.75000
101.306,174.75000
101.356,174.62500
101.407,174.62500
101.458,174.62500
101.508,174.75000
101.559,174.75000
101.610,174.37500
101.661,174.37500
101.711,174.25000
101.762,174.12500
101.813,174.12500
101.863,174.00000
101.914,174.00000
101.965,174.00000
102.015,174.00000
102.066,173.87500
102.117,173.75000
102.168,173.62500
102.218,173.62500
102.269,173.62500
102.320,173.62500
102.370,173.50000
102.421,173.62500
102.472,173.62500
102.523,173.37500
102.573,173.37500
102.624,173.25000
102.675,173.25000
102.725,173.12500
102.776,173.12500
102.827,173.25000
102.877,173.12500
102.928,173.12500
102.979,173.00000
103.030,173.12500
103.080,172.87500
103.131,172.87500
103.182,172.87500
103.232,172.87500
103.283,173.00000
103.334,172.87500
103.385,172.62500
103.435,172.62500
103.486,172.75000
103.537,172.62500
103.588,172.62500
103.638,172.62500
103.689,172.50000
103.740,172.62500
103.790,172.50000
103.841,172.50000
103.892,172.50000
103.942,172.50000
103.993,172.50000
104.044,172.50000
104.095,172.37500
104.145,172.37500
104.196,172.37500
104.247,172.62500
104.297,172.25000
104.348,172.50000
104.399,172.12500
104.449,172.25000
104.500,172.37500
104.551,172.12500
104.602,172.25000
104.652,172.12500
104.703,172.37500
104.754,172.12500
104.804,171.87500
104.855,171.87500
104.906,171.87500
104.956,171.75000
105.007,171.62500
105.058,171.75000
105.108,171.62500
105.159,171.37500
105.210,171.37500
105.261,171.25000
105.311,171.00000
105.362,171.00000
105.413,171.12500
105.463,170.87500
105.514,171.12500
105.565,171.00000
105.615,170.87500
105.666,170.62500
105.717,170.62500
105.768,170.50000
105.818,170.75000
105.869,170.62500
105.920,170.75000
105.970,170.75000
106.021,170.75000
106.072,170.62500
106.122,170.62500
106.173,170.50000
106.224,170.50000
106.275,170.75000
106.325,170.75000
106.376,170.75000
106.427,170.87500
106.477,170.87500
106.528,170.62500
106.579,170.75000
106.629,170.62500
106.680,170.62500
106.731,170.75000
106.782,170.62500
106.832,170.62500
106.883,170.62500
106.934,170.50000
106.984,170.50000
107.035,170.50000
107.086,170.25000
107.136,170.25000
107.187,170.25000
107.238,170.25000
107.289,170.25000
107.339,170.37500
107.390,170.12500
107.441,170.00000
107.491,169.87500
107.542,170.00000
107.593,169.87500
107.643,170.12500
107.694,170.00000
107.745,170.00000
107.796,170.12500
107.846,169.87500
107.897,169.87500
107.948,169.62500
107.998,169.75000
108.049,169.75000
108.100,169.62500
108.150,169.50000
108.201,169.62500
108.252,169.50000
108.302,169.25000
108.353,169.37500
108.404,169.12500
108.455,169.12500
108.505,169.37500
108.556,169.25000
108.607,169.25000
108.657,169.12500
108.708,169.25000
108.759,168.87500
108.809,168.87500
108.860,168.75000
108.911,168.87500
108.962,168.87500
109.012,168.75000
109.063,168.87500
109.114,168.87500
109.164,168.62500
109.215,168.62500
109.266,168.62500
109.317,168.25000
109.367,168.25000
109.418,168.50000
109.469,168.25000
109.519,168.37500
109.570,168.37500
109.621,168.00000
109.671,167.87500
109.722,167.87500
109.773,167.87500
109.824,167.87500
109.874,168.00000
109.925,167.87500
109.976,167.87500
110.026,167.87500
110.077,167.62500
110.128,167.87500
110.178,167.50000
110.229,167.50000
110.280,167.75000
110.330,167.62500
110.381,167.50000
110.432,167.62500
110.482,167.50000
110.533,167.25000
110.584,167.25000
110.634,167.12500
110.685,167.12500
110.735,167.25000
110.786,167.25000
110.837,167.25000
110.887,167.37500
110.938,167.25000
110.989,167.12500
111.039,167.00000
111.090,167.00000
111.141,166.87500
111.191,167.00000
111.242,167.00000
111.292,167.00000
111.343,166.75000
111.394,166.50000
111.444,166.62500
111.495,166.62500
111.546,166.50000
111.596,166.50000
111.647,166.75000
111.698,166.75000
111.748,166.75000
111.799,166.75000
111.850,166.75000
111.900,166.50000
111.951,166.50000
112.001,166.50000
112.052,166.50000
112.103,166.50000
112.153,166.62500
112.204,166.50000
112.255,166.37500
112.305,166.25000
112.356,166.37500
112.407,166.12500
112.457,166.00000
112.508,166.12500
112.559,166.25000
112.610,166.25000
112.660,166.12500
112.711,166.25000
112.762,165.87500
112.812,166.00000
112.863,166.00000
112.914,166.00000
112.964,166.12500
113.015,166.25000
113.066,166.00000
113.117,166.00000
113.167,166.12500
113.218,166.00000
113.269,166.00000
113.319,166.00000
113.370,166.00000
113.421,166.12500
113.471,166.12500
113.522,166.00000
113.573,166.25000
113.624,166.12500
113.674,166.00000
113.725,165.87500
113.776,165.87500
113.826,165.87500
113.877,166.00000
113.928,166.00000
113.978,165.75000
114.029,165.75000
114.080,165.62500
114.130,165.62500
114.181,165.62500
114.232,165.50000
114.283,165.37500
114.333,165.62500
114.384,165.50000
114.435,165.50000
114.485,165.25000
114.536,165.12500
114.587,165.00000
114.637,165.12500
114.688,165.00000
114.739,165.12500
114.790,165.00000
114.840,165.00000
114.891,164.75000
114.942,164.87500
114.992,164.62500
115.043,164.75000
115.094,164.62500
115.144,164.62500
115.195,164.75000
115.246,164.75000
115.297,164.62500
115.347,164.62500
115.398,164.50000
115.449,164.37500
115.499,164.37500
115.550,164.37500
115.601,164.25000
115.651,164.50000
115.702,164.50000
115.753,164.12500
115.804,164.12500
115.854,164.12500
115.905,164.00000
115.956,163.87500
116.006,163.87500
116.057,163.87500
116.108,163.87500
116.158,164.00000
116.209,163.75000
116.260,163.75000
116.311,163.75000
116.361,163.75000
116.412,163.75000
116.463,163.62500
116.513,163.62500
116.564,163.75000
116.615,163.75000
116.665,163.62500
116.716,163.75000
116.767,163.50000
116.818,163.50000
116.868,163.50000
116.919,163.37500
116.970,163.50000
117.020,163.50000
117.071,163.12500
117.122,163.12500
117.172,163.12500
117.223,163.00000
117.274,162.87500
117.324,162.75000
117.375,162.87500
117.426,163.00000
117.477,162.87500
117.527,162.50000
117.578,162.62500
117.629,162.50000
117.679,162.37500
117.730,162.25000
117.781,162.37500
117.831,162.25000
117.882,162.50000
117.933,162.25000
117.984,162.00000
118.034,162.00000
118.085,162.00000
118.136,162.00000
118.186,162.00000
118.237,161.87500
118.288,161.87500
118.338,162.00000
118.389,162.00000
118.440,161.75000
118.491,161.62500
118.541,161.37500
118.592,161.50000
118.643,161.62500
118.693,161.50000
118.744,161.62500
118.795,161.62500
118.845,161.50000
118.896,161.25000
118.947,161.12500
118.998,161.12500
119.048,161.12500
119.099,161.12500
119.150,161.12500
119.200,161.12500
119.251,161.12500
119.302,161.00000
119.352,160.87500
119.403,160.87500
119.454,160.75000
119.505,160.75000
119.555,160.75000
119.606,160.75000
119.657,160.75000
119.707,160.87500
119.758,160.62500
119.809,160.50000
119.859,160.37500
119.910,160.37500
119.961,160.37500
120.011,160.37500
120.062,160.25000
120.113,160.37500
120.164,160.12500
120.214,160.12500
120.265,160.00000
120.316,160.00000
120.366,160.00000
120.417,160.12500
120.468,159.87500
120.518,160.12500
120.569,160.00000
120.620,160.00000
120.671,159.75000
120.721,159.87500
120.772,159.62500
120.823,159.62500
120.873,159.75000
120.924,159.62500
120.975,159.62500
121.026,159.62500
121.076,159.50000
121.127,159.37500
121.178,159.25000
121.228,159.25000
121.279,159.25000
121.330,159.12500
121.380,159.12500
121.431,159.12500
121.482,159.12500
121.533,158.87500
121.583,158.87500
121.634,158.75000
121.685,158.62500
121.735,158.62500
121.786,158.75000
121.837,158.62500
121.888,158.62500
121.938,158.62500
121.989,158.25000
122.040,158.37500
122.090,158.37500
122.141,158.25000
122.192,158.37500
122.242,158.37500
122.293,158.37500
122.344,158.37500
122.395,158.37500
122.445,158.25000
122.496,158.25000
122.547,158.00000
122.597,158.00000
122.648,158.12500
122.699,158.00000
122.749,158.00000
122.800,158.12500
122.851,157.75000
122.902,157.87500
122.952,157.75000
123.003,157.62500
123.054,157.62500
123.104,157.75000
123.155,157.75000
123.206,157.62500
123.257,157.62500
123.307,157.37500
123.358,157.37500
123.409,157.12500
123.459,157.12500
123.510,157.37500
123.561,157.25000
123.612,157.12500
123.662,157.25000
123.713,157.25000
123.764,157.00000
123.814,157.00000
123.865,156.87500
123.916,157.00000
123.967,157.00000
124.017,157.00000
124.068,157.00000
124.119,156.87500
124.169,156.75000
124.220,156.75000
124.271,156.50000
124.322,156.37500
124.372,156.50000
124.423,156.62500
124.474,156.37500
124.524,156.50000
124.575,156.50000
124.626,156.25000
124.677,156.25000
124.727,156.12500
124.778,156.12500
124.829,156.00000
124.879,156.12500
124.930,156.12500
124.981,156.00000
125.031,156.00000
125.082,155.75000
125.133,155.75000
125.184,155.62500
125.234,155.62500
125.285,155.75000
125.336,155.62500
125.386,155.50000
125.437,155.50000
125.488,155.50000
125.538,155.37500
125.589,155.37500
125.640,155.37500
125.690,155.25000
125.741,155.62500
125.792,155.62500
125.843,155.25000
125.893,155.37500
125.944,155.50000
125.995,155.25000
126.045,155.25000
126.096,155.25000
126.147,155.25000
126.197,155.25000
126.248,155.25000
126.299,155.12500
126.350,155.00000
126.400,154.87500
126.451,154.87500
126.502,154.87500
126.552,154.87500
126.603,154.75000
126.654,155.00000
126.704,155.00000
126.755,154.87500
126.806,155.00000
126.856,154.75000
126.907,154.62500
126.958,154.87500
127.008,154.75000
127.059,154.75000
127.110,154.87500
127.160,154.87500
127.211,154.75000
127.261,154.62500
127.312,154.62500
127.363,154.50000
127.413,154.50000
127.464,154.37500
127.515,154.50000
127.565,154.62500
127.616,154.50000
127.667,154.50000
127.717,154.50000
127.768,154.37500
127.818,154.50000
127.869,154.50000
127.920,154.50000
127.970,154.75000
128.021,154.75000
128.072,154.62500
128.122,154.37500
128.173,154.37500
128.223,154.37500
128.274,154.25000
128.325,154.12500
128.375,154.12500
128.426,154.25000
128.477,154.12500
128.527,154.12500
128.578,154.00000
128.629,154.12500
128.679,153.87500
128.730,154.00000
128.780,154.12500
128.831,154.00000
128.882,154.12500
128.932,154.12500
128.983,153.87500
129.034,154.00000
129.084,154.12500
129.135,154.00000
129.185,153.87500
129.236,154.00000
129.287,154.00000
129.337,154.12500
129.388,154.12500
129.439,153.87500
129.489,153.87500
129.540,153.87500
129.591,153.75000
129.641,153.75000
129.692,153.62500
129.742,153.50000
129.793,153.75000
129.844,153.62500
129.894,153.50000
129.945,153.50000
129.996,153.50000
130.046,153.25000
130.097,153.12500
130.147,153.12500
130.198,153.12500
130.249,153.25000
130.299,153.12500
130.350,153.00000
130.401,153.00000
130.451,153.00000
130.502,152.87500
130.553,152.75000
130.603,152.75000
130.654,152.87500
130.704,153.12500
130.755,153.00000
130.806,153.00000
130.857,152.87500
130.907,152.75000
130.958,152.75000
131.009,152.75000
131.059,152.75000
131.110,152.75000
131.161,152.87500
131.212,152.87500
131.262,152.50000
131.313,152.62500
131.364,152.50000
131.415,152.50000
131.465,152.50000
131.516,152.50000
131.567,152.62500
131.617,152.50000
131.668,152.50000
131.719,152.37500
131.770,152.25000
131.820,152.00000
131.871,152.00000
131.922,152.12500
131.973,152.00000
132.023,152.00000
132.074,152.12500
132.125,151.75000
132.175,151.75000
132.226,151.75000
132.277,151.75000
132.328,151.62500
132.378,151.62500
132.429,151.62500
132.480,151.62500
132.531,151.62500
132.581,151.50000
132.632,151.37500
132.683,151.12500
132.733,151.12500
132.784,151.12500
132.835,151.12500
132.886,151.00000
132.936,151.12500
132.987,151.00000
133.038,150.75000
133.088,150.75000
133.139,150.62500
133.190,150.50000
133.240,150.50000
133.291,150.50000
133.342,150.37500
133.393,150.50000
133.443,150.25000
133.494,150.12500
133.545,150.00000
133.596,150.00000
133.646,149.87500
133.697,149.87500
133.748,149.87500
133.798,150.00000
133.849,149.87500
133.900,149.62500
133.951,149.75000
134.001,149.50000
134.052,149.50000
134.103,149.62500
134.154,149.37500
134.204,149.50000
134.255,149.37500
134.306,149.50000
134.357,149.25000
134.407,149.12500
134.458,149.12500
134.509,149.12500
134.559,149.12500
134.610,149.12500
134.661,149.25000
134.712,149.12500
134.762,148.87500
134.813,149.00000
134.864,149.00000
134.915,148.75000
134.965,148.87500
135.016,149.00000
135.067,148.87500
135.118,148.87500
135.168,149.00000
135.219,148.75000
135.270,148.62500
135.320,148.62500
135.371,148.62500
135.422,148.62500
135.473,148.62500
135.523,148.50000
135.574,148.62500
135.625,148.62500
135.676,148.37500
135.726,148.37500
135.777,148.12500
135.828,148.12500
135.878,148.25000
135.929,148.00000
135.980,148.12500
136.031,148.25000
136.081,148.12500
136.132,147.87500
136.183,147.87500
136.234,147.75000
136.284,147.75000
136.335,147.75000
136.386,147.62500
136.436,147.37500
136.487,147.62500
136.538,147.37500
136.589,147.37500
136.639,147.25000
136.690,147.12500
136.741,147.12500
136.792,147.25000
136.842,147.12500
136.893,147.12500
136.944,147.12500
136.995,146.75000
137.045,146.75000
137.096,146.75000
137.147,146.62500
137.198,146.62500
137.248,146.62500
137.299,146.62500
137.350,146.50000
137.400,146.62500
137.451,146.37500
137.502,146.37500
137.553,146.37500
137.603,146.12500
137.654,146.50000
137.705,146.37500
137.755,146.50000
137.806,146.37500
137.857,146.12500
137.907,146.12500
137.958,146.12500
138.009,146.00000
138.059,146.00000
138.110,146.25000
138.160,146.25000
138.211,146.25000
138.262,146.25000
138.312,146.25000
138.363,146.12500
138.414,146.12500
138.464,146.12500
138.515,146.12500
138.566,146.25000
138.616,146.25000
138.667,146.25000
138.717,146.25000
138.768,146.00000
138.819,146.00000
138.869,146.00000
138.920,146.00000
138.971,145.87500
139.021,146.12500
139.072,146.12500
139.123,146.25000
139.174,146.37500
139.224,146.12500
139.275,146.12500
139.326,146.12500
139.376,146.12500
139.427,146.12500
139.478,146.12500
139.529,146.12500
139.579,146.00000
139.630,146.00000
139.681,145.75000
139.732,145.87500
139.782,145.75000
139.833,145.50000
139.884,145.75000
139.935,145.62500
139.986,145.50000
140.037,145.62500
140.087,145.37500
140.138,145.37500
140.189,145.37500
140.239,145.25000
140.290,145.25000
140.341,145.50000
140.391,145.25000
140.442,145.25000
140.493,145.12500
140.543,144.87500
140.594,145.00000
140.645,144.75000
140.695,144.75000
140.746,144.50000
140.796,144.75000
140.847,144.62500
140.898,144.62500
140.948,144.62500
140.999,144.37500
141.050,144.37500
141.100,144.25000
141.151,144.25000
141.201,144.50000
141.252,144.25000
141.303,144.25000
141.353,144.12500
141.404,144.25000
141.455,144.00000
141.506,144.00000
141.556,143.87500
141.607,143.87500
141.658,144.25000
141.708,144.12500
141.759,144.00000
141.810,144.00000
141.861,144.00000
141.911,143.75000
141.962,143.87500
142.013,143.62500
142.063,143.62500
142.114,143.75000
142.165,143.75000
142.216,143.50000
142.266,143.62500
142.317,143.50000
142.368,143.37500
142.419,143.37500
142.469,143.25000
142.520,143.25000
142.571,143.37500
142.621,143.25000
142.672,143.12500
142.723,143.12500
142.774,142.87500
142.824,142.87500
142.875,142.87500
142.926,142.87500
142.976,143.00000
143.027,142.87500
143.078,142.87500
143.129,142.62500
143.179,142.62500
143.230,142.37500
143.281,142.37500
143.332,142.37500
143.382,142.25000
143.433,142.37500
143.484,142.37500
143.535,142.37500
143.585,142.25000
143.636,142.12500
143.687,142.25000
143.738,142.25000
143.788,142.25000
143.839,142.00000
143.890,142.25000
143.940,142.25000
143.991,142.00000
144.042,141.87500
144.093,141.75000
144.143,141.87500
144.194,141.75000
144.245,141.75000
144.296,141.87500
144.346,141.75000
144.397,141.62500
144.448,141.62500
144.499,141.50000
144.549,141.37500
144.600,141.37500
144.651,141.37500
144.701,141.25000
144.752,141.25000
144.803,141.37500
144.854,141.00000
144.904,141.00000
144.955,141.00000
145.006,141.00000
145.057,140.75000
145.107,141.12500
145.158,141.12500
145.209,141.12500
145.260,141.25000
145.310,141.12500
145.361,141.12500
145.412,141.12500
145.462,141.12500
145.513,141.37500
145.564,141.25000
145.615,141.25000
145.665,141.25000
145.716,141.25000
145.767,141.12500
145.818,141.25000
145.868,141.25000
145.919,141.12500
145.970,141.50000
146.020,141.50000
146.071,141.50000
146.122,141.50000
146.173,141.37500
146.223,141.37500
146.274,141.50000
146.325,141.25000
146.376,141.25000
146.426,141.37500
146.477,141.25000
146.528,141.00000
146.578,141.12500
146.629,141.00000
146.680,141.00000
146.731,140.87500
146.781,140.75000
146.832,141.25000
146.883,141.12500
146.934,141.12500
146.984,141.00000
147.035,141.12500
147.086,140.87500
147.136,140.87500
147.187,140.62500
147.238,140.50000
147.289,140.75000
147.339,140.62500
147.390,140.62500
147.441,140.37500
147.492,140.25000
147.542,140.25000
147.593,140.12500
147.644,140.00000
147.695,139.87500
147.745,140.12500
147.796,140.12500
147.847,139.87500
147.897,139.87500
147.948,139.50000
147.999,139.50000
148.050,139.50000
148.100,139.50000
148.151,139.62500
148.202,139.50000
148.253,139.50000
148.303,139.25000
148.354,139.25000
148.404,139.12500
148.455,139.12500
148.506,139.00000
148.556,139.12500
148.607,139.25000
148.658,139.25000
148.708,139.25000
148.759,139.12500
148.810,139.00000
148.860,138.87500
148.911,138.87500
148.961,138.87500
149.012,138.75000
149.063,138.87500
149.114,138.87500
149.164,138.62500
149.215,138.62500
149.265,138.50000
149.316,138.50000
149.367,138.37500
149.417,138.25000
149.468,138.25000
149.519,138.37500
149.569,138.37500
149.620,138.12500
149.671,138.00000
149.721,137.87500
149.772,137.87500
149.823,138.00000
149.873,138.00000
149.924,137.87500
149.974,138.12500
150.025,138.25000
150.076,138.00000
150.126,138.00000
150.177,138.00000
150.228,138.00000
150.278,137.87500
150.329,138.00000
150.380,137.87500
150.430,138.00000
150.481,138.00000
150.532,137.87500
150.582,137.87500
150.633,137.62500
150.683,137.75000
150.734,137.75000
150.785,137.62500
150.835,137.50000
150.886,137.75000
150.937,137.75000
150.987,137.50000
151.038,137.50000
151.089,137.50000
151.139,137.25000
151.190,137.37500
151.240,137.25000
151.291,137.12500
151.342,137.25000
151.392,137.12500
151.443,137.12500
151.494,137.12500
151.544,137.00000
151.595,136.87500
151.646,136.87500
151.696,136.75000
151.747,136.62500
151.798,136.87500
151.848,136.75000
151.899,136.62500
151.950,136.62500
152.000,136.50000
152.051,136.37500
152.101,136.37500
152.152,136.25000
152.203,136.37500
152.253,136.25000
152.304,136.12500
152.355,136.12500
152.406,136.12500
152.456,135.87500
152.507,136.00000
152.558,135.75000
152.608,135.75000
152.659,136.00000
152.709,135.87500
152.760,135.75000
152.811,135.87500
152.861,135.75000
152.912,135.62500
152.963,135.37500
153.013,135.62500
153.064,135.37500
153.115,135.37500
153.165,135.37500
153.216,135.37500
153.267,135.37500
153.317,135.50000
153.368,135.25000
153.419,135.12500
153.469,135.00000
153.520,135.00000
153.571,135.25000
153.622,135.12500
153.672,135.12500
153.723,135.00000
153.774,135.00000
153.824,134.87500
153.875,134.87500
153.926,134.75000
153.976,134.87500
154.027,134.87500
154.078,134.87500
154.128,134.87500
154.179,134.87500
154.230,134.75000
154.280,134.62500
154.331,134.62500
154.382,134.62500
154.432,134.62500
154.483,134.75000
154.534,134.62500
154.584,134.50000
154.635,134.62500
154.686,134.50000
154.736,134.50000
154.787,134.37500
154.838,134.50000
154.888,134.62500
154.939,134.37500
154.990,134.50000
155.040,134.37500
155.091,134.37500
155.142,134.25000
155.192,134.12500
155.243,134.00000
155.294,134.00000
155.345,134.25000
155.395,134.00000
155.446,134.75000
155.497,133.75000
155.547,133.75000
155.598,133.87500
155.649,133.87500
155.699,133.50000
155.750,133.50000
155.801,134.50000
155.851,133.37500
155.902,133.50000
155.953,133.37500
156.003,133.50000
156.054,133.37500
156.105,133.25000
156.155,134.00000
156.206,134.12500
156.257,133.25000
156.307,133.12500
156.358,133.37500
156.409,133.25000
156.459,133.50000
156.510,133.50000
156.561,133.37500
156.611,133.37500
156.662,133.50000
156.713,133.37500
156.763,133.12500
156.814,133.37500
156.864,133.50000
156.915,133.12500
156.966,133.12500
157.016,133.25000
157.067,133.12500
157.118,133.12500
157.168,133.00000
157.219,133.12500
157.270,132.87500
157.320,132.75000
157.371,132.62500
157.422,132.75000
157.472,132.75000
157.523,132.75000
157.574,132.62500
157.624,132.50000
157.675,132.50000
157.726,132.37500
157.776,132.37500
157.827,132.25000
157.878,132.37500
157.928,132.50000
157.979,132.50000
158.030,132.12500
158.080,132.25000
158.131,132.12500
158.182,132.00000
158.232,132.00000
158.283,132.25000
158.334,132.25000
158.384,132.12500
158.435,132.00000
158.485,131.87500
158.536,131.87500
158.587,131.87500
158.637,131.87500
158.688,131.75000
158.739,132.00000
158.789,131.87500
158.840,131.62500
158.891,131.50000
158.941,131.50000
158.992,131.50000
159.043,131.37500
159.093,131.37500
159.144,131.50000
159.195,131.50000
159.245,131.50000
159.296,131.37500
159.347,131.37500
159.397,131.12500
159.448,131.12500
159.499,131.00000
159.549,131.00000
159.600,131.25000
159.651,131.12500
159.701,131.00000
159.752,130.87500
159.803,130.87500
159.853,130.75000
159.904,130.75000
159.955,130.62500
160.005,130.50000
160.056,130.75000
160.106,130.62500
160.157,130.50000
160.208,130.50000
160.258,130.37500
160.309,130.12500
160.360,130.25000
160.410,130.25000
160.461,130.25000
160.512,130.37500
160.562,130.37500
160.613,130.12500
160.664,130.12500
160.714,130.12500
160.765,130.00000
160.816,129.87500
160.866,130.00000
160.917,129.87500
160.968,130.00000
161.018,129.87500
161.069,129.75000
161.120,129.75000
161.170,129.50000
161.221,129.75000
161.272,129.62500
161.322,129.62500
161.373,129.50000
161.424,129.62500
161.474,129.75000
161.525,129.37500
161.576,129.50000
161.626,129.37500
161.677,129.25000
161.727,129.37500
161.778,129.37500
161.829,129.37500
161.879,129.37500
161.930,129.37500
161.981,129.25000
162.031,129.12500
162.082,129.12500
162.133,129.00000
162.183,129.00000
162.234,128.87500
162.285,129.00000
162.335,129.12500
162.386,129.25000
162.437,128.87500
162.487,129.00000
162.538,128.75000
162.589,128.75000
162.639,128.75000
162.690,128.87500
162.741,128.87500
162.791,128.87500
162.842,128.87500
162.893,128.62500
162.943,128.62500
162.994,128.62500
163.045,128.50000
163.095,128.50000
163.146,128.50000
163.197,128.75000
163.247,128.75000
163.298,128.75000
163.349,128.75000
163.399,128.87500
163.450,128.62500
163.501,128.62500
163.551,128.87500
163.602,128.75000
163.653,128.87500
163.703,129.12500
163.754,128.75000
163.805,128.75000
163.855,128.62500
163.906,128.75000
163.957,128.75000
164.007,128.75000
164.058,128.62500
164.109,128.62500
164.159,128.75000
164.210,128.62500
164.261,128.62500
164.311,128.50000
164.362,128.37500
164.413,128.37500
164.463,128.50000
164.514,128.50000
164.565,128.50000
164.615,128.50000
164.666,128.25000
164.717,128.12500
164.767,128.12500
164.818,128.12500
164.869,128.25000
164.919,128.12500
164.970,128.25000
165.021,128.12500
165.071,128.12500
165.122,127.87500
165.173,127.87500
165.223,127.75000
165.274,127.62500
165.325,127.87500
165.375,127.87500
165.426,127.75000
165.477,127.87500
165.527,127.75000
165.578,127.50000
165.629,127.37500
165.679,127.37500
165.730,127.37500
165.781,127.50000
165.831,127.50000
165.882,127.25000
165.933,127.12500
165.983,127.12500
166.034,127.00000
166.085,126.87500
166.135,127.12500
166.186,126.87500
166.237,127.00000
166.287,126.87500
166.338,126.75000
166.389,126.62500
166.439,126.50000
166.490,126.50000
166.541,126.37500
166.591,126.62500
166.642,126.50000
166.693,126.62500
166.743,126.62500
166.794,126.50000
166.845,126.50000
166.895,126.50000
166.946,126.25000
166.997,126.50000
167.047,126.25000
167.098,126.25000
167.149,126.37500
167.199,126.25000
167.250,126.00000
167.301,126.12500
167.351,126.00000
167.402,125.87500
167.453,126.00000
167.503,125.87500
167.554,126.00000
167.605,125.87500
167.655,125.87500
167.706,125.62500
167.757,125.62500
167.807,125.50000
167.858,125.50000
167.909,125.50000
167.959,125.62500
168.010,125.62500
168.061,125.50000
168.111,125.62500
168.162,125.25000
168.213,125.37500
168.263,125.12500
168.314,125.25000
168.365,125.37500
168.415,125.37500
168.466,125.50000
168.517,125.37500
168.567,125.12500
168.618,125.12500
168.669,125.25000
168.719,125.12500
168.770,125.12500
168.821,125.00000
168.871,125.25000
168.922,125.00000
168.973,125.00000
169.023,125.00000
169.074,124.87500
169.125,124.75000
169.176,124.75000
169.226,124.75000
169.277,125.00000
169.328,124.87500
169.378,124.87500
169.429,124.87500
169.480,124.62500
169.530,124.75000
169.581,124.75000
169.632,124.75000
169.682,124.87500
169.733,124.75000
169.784,124.87500
169.834,124.75000
169.885,124.62500
169.936,124.62500
169.986,124.50000
170.037,124.50000
170.088,124.50000
170.138,124.75000
170.189,124.75000
170.240,124.62500
170.290,124.62500
170.341,124.62500
170.392,124.25000
170.442,124.25000
170.493,124.12500
170.544,124.12500
170.594,124.25000
170.645,124.37500
170.696,124.00000
170.746,124.00000
170.797,123.87500
170.848,124.00000
170.898,123.87500
170.949,123.75000
171.000,123.87500
171.050,123.87500
171.101,123.62500
171.152,123.62500
171.202,123.62500
171.253,123.50000
171.304,123.50000
171.354,123.50000
171.405,123.37500
171.456,123.37500
171.506,123.50000
171.557,123.37500
171.608,123.37500
171.658,123.37500
171.709,123.12500
171.760,123.00000
171.810,123.00000
171.861,123.00000
171.911,122.87500
171.962,123.00000
172.013,122.87500
172.063,122.75000
172.114,122.75000
172.165,122.62500
172.215,122.62500
172.266,122.50000
172.317,122.37500
172.367,122.75000
172.418,122.75000
172.469,122.62500
172.519,122.62500
172.570,122.50000
172.621,122.50000
172.671,122.37500
172.722,122.37500
172.773,122.50000
172.823,122.62500
172.874,122.62500
172.925,122.75000
172.975,122.50000
173.026,122.50000
173.077,122.37500
173.127,122.37500
173.178,122.50000
173.229,122.50000
173.279,122.50000
173.330,122.50000
173.381,122.25000
173.431,122.37500
173.482,122.37500
173.533,122.37500
173.583,122.25000
173.634,122.37500
173.685,122.37500
173.735,122.37500
173.786,122.50000
173.837,122.25000
173.887,122.50000
173.938,122.37500
173.989,122.37500
174.039,122.50000
174.090,122.50000
174.141,122.37500
174.191,122.62500
174.242,122.50000
174.293,122.37500
174.343,122.62500
174.394,122.25000
174.445,122.25000
174.495,122.25000
174.546,122.25000
174.597,122.25000
174.647,122.37500
174.698,122.37500
174.748,122.12500
174.799,122.00000
174.850,121.87500
174.900,121.87500
174.951,121.87500
175.002,121.75000
175.052,121.75000
175.103,121.87500
175.154,121.87500
175.204,121.75000
175.255,121.75000
175.306,121.50000
175.356,121.50000
175.407,121.50000
175.458,121.50000
175.508,121.62500
175.559,121.62500
175.610,121.62500
175.660,121.50000
175.711,121.50000
175.762,121.37500
175.812,121.37500
175.863,121.37500
175.914,121.50000
175.964,121.50000
176.015,121.62500
176.066,121.37500
176.116,121.50000
176.167,121.37500
176.218,121.25000
176.268,121.25000
176.319,121.25000
176.370,121.12500
176.420,121.25000
176.471,121.37500
176.522,121.12500
176.572,121.25000
176.623,121.00000
176.674,121.00000
176.724,121.00000
176.775,120.87500
176.826,120.62500
176.876,120.87500
176.927,120.75000
176.978,120.75000
177.028,120.62500
177.079,120.37500
177.130,120.37500
177.180,120.50000
177.231,120.37500
177.282,120.25000
177.332,120.62500
177.383,120.37500
177.434,120.25000
177.484,120.25000
177.535,120.12500
177.586,120.12500
177.636,120.12500
177.687,120.00000
177.738,120.00000
177.788,120.12500
177.839,120.12500
177.890,119.87500
177.940,120.00000
177.991,119.75000
178.042,119.75000
178.092,119.75000
178.143,119.50000
178.194,119.50000
178.244,119.75000
178.295,119.75000
178.346,119.50000
178.396,119.75000
178.447,119.50000
178.498,119.37500
178.548,119.50000
178.599,119.50000
178.650,119.62500
178.700,119.50000
178.751,119.62500
178.802,119.37500
178.852,119.50000
178.903,119.37500
178.954,119.37500
179.004,119.25000
179.055,119.25000
179.106,119.37500
179.156,119.37500
179.207,119.00000
179.258,119.12500
179.308,118.87500
179.359,118.87500
179.410,118.62500
179.460,118.75000
179.511,118.62500
179.562,118.87500
179.612,118.75000
179.663,118.62500
179.714,118.62500
179.764,118.50000
179.815,118.50000
179.866,118.50000
179.916,118.50000
179.967,118.25000
180.018,118.50000
180.068,118.50000
180.119,118.25000
180.170,118.25000
180.220,118.12500
180.271,118.00000
180.322,118.12500
180.372,118.25000
180.423,118.12500
180.474,118.25000
180.524,118.12500
180.575,118.12500
180.626,118.12500
180.676,117.87500
180.727,118.12500
180.778,117.87500
180.828,117.87500
180.879,117.87500
180.930,118.12500
180.980,118.00000
181.031,117.87500
181.081,117.87500
181.132,117.75000
181.183,117.87500
181.233,117.87500
181.284,117.75000
181.335,117.62500
181.385,117.87500
181.436,117.87500
181.487,117.75000
181.537,117.87500
181.588,117.62500
181.639,117.75000
181.689,117.75000
181.740,117.62500
181.791,117.75000
181.841,117.75000
181.892,117.75000
181.943,117.62500
181.993,117.50000
182.044,117.50000
182.095,117.50000
182.145,117.25000
182.196,117.25000
182.247,117.37500
182.297,117.37500
182.348,117.37500
182.399,117.37500
182.449,117.25000
182.500,117.12500
182.551,117.12500
182.601,117.12500
182.652,117.12500
182.703,117.25000
182.753,117.25000
182.804,117.00000
182.854,117.00000
182.905,117.00000
182.956,116.87500
183.006,116.87500
183.057,116.87500
183.108,116.87500
183.158,117.00000
183.209,117.00000
183.260,116.75000
183.310,117.00000
183.361,116.62500
183.412,116.62500
183.462,116.75000
183.513,116.62500
183.564,116.62500
183.615,116.75000
183.665,116.62500
183.716,116.50000
183.767,116.50000
183.817,116.37500
183.868,116.37500
183.919,116.37500
183.969,116.37500
184.020,116.12500
184.071,116.37500
184.121,116.37500
184.172,116.12500
184.223,116.12500
184.273,116.00000
184.324,116.12500
184.375,116.12500
184.425,116.12500
184.476,116.12500
184.527,116.25000
184.577,116.25000
184.628,116.12500
184.679,116.12500
184.729,116.00000
184.780,115.87500
184.831,116.12500
184.881,115.87500
184.932,115.87500
184.983,115.87500
185.034,115.75000
185.084,115.62500
185.135,115.62500
185.186,115.37500
185.236,115.50000
185.287,115.37500
185.338,115.37500
185.389,115.62500
185.439,115.50000
185.490,115.37500
185.541,115.37500
185.591,115.25000
185.642,115.25000
185.693,115.12500
185.743,115.25000
185.794,115.12500
185.845,115.25000
185.896,115.25000
185.946,114.87500
185.997,114.87500
186.048,114.87500
186.098,114.75000
186.149,114.75000
186.200,114.75000
186.251,115.00000
186.301,114.87500
186.352,114.87500
186.403,114.62500
186.453,114.62500
186.504,114.37500
186.555,114.25000
186.605,114.37500
186.656,114.25000
186.707,114.37500
186.758,114.37500
186.808,114.12500
186.859,114.00000
186.910,114.00000
186.960,114.00000
187.011,113.75000
187.062,114.00000
187.113,113.75000
187.163,113.87500
187.214,113.87500
187.265,113.75000
187.315,113.75000
187.366,113.37500
187.417,113.50000
187.467,113.62500
187.518,113.37500
187.569,113.37500
187.620,113.50000
187.670,113.37500
187.721,113.25000
187.772,113.12500
187.823,113.00000
187.873,113.12500
187.924,113.12500
187.975,113.12500
188.026,113.12500
188.076,113.12500
188.127,112.87500
188.178,112.87500
188.229,112.87500
188.279,112.75000
188.330,112.62500
188.381,112.75000
188.432,112.75000
188.482,112.75000
188.533,112.75000
188.584,112.50000
188.635,112.50000
188.685,112.50000
188.736,112.50000
188.787,112.62500
188.837,112.50000
188.888,112.37500
188.939,112.50000
188.990,112.37500
189.040,112.25000
189.091,112.25000
189.142,112.12500
189.193,112.12500
189.243,112.25000
189.294,112.25000
189.345,112.37500
189.396,112.25000
189.446,112.00000
189.497,112.00000
189.548,112.00000
189.599,111.87500
189.649,111.87500
189.700,112.12500
189.751,112.00000
189.802,112.00000
189.852,112.00000
189.903,112.00000
189.954,111.87500
190.005,111.87500
190.055,111.87500
190.106,112.12500
190.157,112.00000
190.208,111.87500
190.258,111.87500
190.309,111.87500
190.360,111.62500
190.410,111.75000
190.461,111.50000
190.512,111.50000
190.563,111.62500
190.613,111.62500
190.664,111.50000
190.715,111.37500
190.766,111.37500
190.816,111.12500
190.867,111.12500
190.918,111.12500
190.969,111.00000
191.019,111.12500
191.070,111.25000
191.121,111.00000
191.172,111.00000
191.222,110.87500
191.273,110.87500
191.324,110.75000
191.375,110.75000
191.425,111.12500
191.476,111.12500
191.527,111.12500
191.577,111.00000
191.628,111.00000
191.679,110.75000
191.730,110.75000
191.780,110.87500
191.831,110.87500
191.882,111.00000
191.933,111.00000
191.983,110.87500
192.034,110.87500
192.085,110.75000
192.135,110.87500
192.186,110.75000
192.237,110.75000
192.288,110.75000
192.338,110.87500
192.389,110.87500
192.440,110.62500
192.491,110.75000
192.541,110.50000
192.592,110.37500
192.643,110.50000
192.694,110.50000
192.744,110.50000
192.795,110.62500
192.846,110.50000
192.896,110.37500
192.947,110.37500
192.998,110.25000
193.049,110.25000
193.099,110.25000
193.150,110.12500
193.201,110.37500
193.251,110.37500
193.302,110.12500
193.353,110.25000
193.404,110.25000
193.454,110.00000
193.505,110.00000
193.556,110.12500
193.607,110.12500
193.657,110.25000
193.708,110.12500
193.759,110.12500
193.809,110.12500
193.860,110.00000
193.911,110.00000
193.961,110.00000
194.012,110.00000
194.063,109.87500
194.113,110.12500
194.164,110.00000
194.214,110.00000
194.265,109.75000
194.316,109.62500
194.366,109.50000
194.417,109.62500
194.468,109.50000
194.518,109.50000
194.569,109.50000
194.620,109.50000
194.670,109.25000
194.721,109.25000
194.772,109.12500
194.822,109.00000
194.873,109.00000
194.924,108.87500
194.974,109.00000
195.025,109.00000
195.076,108.87500
195.126,108.62500
195.177,108.50000
195.228,108.37500
195.278,108.25000
195.329,108.37500
195.380,108.25000
195.430,108.25000
195.481,108.25000
195.532,108.25000
195.582,108.00000
195.633,108.25000
195.684,108.00000
195.734,108.12500
195.785,108.12500
195.836,108.00000
195.886,108.12500
195.937,108.25000
195.988,108.00000
196.038,108.00000
196.089,107.87500
196.140,107.87500
196.190,107.75000
196.241,107.87500
196.292,107.62500
196.342,107.87500
196.393,107.87500
196.444,107.75000
196.494,107.75000
196.545,107.62500
196.596,107.50000
196.646,107.50000
196.697,107.50000
196.748,107.50000
196.798,107.62500
196.849,107.50000
196.900,107.50000
196.950,107.37500
197.001,107.25000
197.052,107.25000
197.102,107.37500
197.153,107.37500
197.204,107.37500
197.254,107.50000
197.305,107.50000
197.356,107.25000
197.406,107.37500
197.457,107.25000
197.508,107.25000
197.559,107.25000
197.609,107.25000
197.660,107.37500
197.711,107.50000
197.761,107.25000
197.812,107.00000
197.863,107.12500
197.913,107.12500
197.964,107.00000
198.015,107.00000
198.066,107.00000
198.116,107.00000
198.167,107.12500
198.218,107.00000
198.268,107.00000
198.319,106.87500
198.370,106.62500
198.420,106.87500
198.471,106.75000
198.522,106.75000
198.573,106.87500
198.623,106.87500
198.674,106.62500
198.725,106.62500
198.775,106.75000
198.826,106.75000
198.877,106.50000
198.928,106.62500
198.978,106.50000
199.029,106.50000
199.080,106.75000
199.130,106.62500
199.181,106.62500
199.232,106.62500
199.282,106.37500
199.333,106.50000
199.384,106.50000
199.435,106.62500
199.485,106.75000
199.536,106.75000
199.587,106.62500
199.637,106.62500
199.688,106.62500
199.739,106.50000
199.789,106.62500
199.840,106.62500
199.891,106.75000
199.942,106.62500
199.992,106.37500
