time(s),mvs
0.000,-1481.00000
0.051,-97.75000
0.101,-97.62500
0.152,-97.75000
0.203,-97.75000
0.253,-97.75000
0.304,-97.87500
0.354,-97.50000
0.405,-97.50000
0.456,-97.62500
0.506,-97.50000
0.557,-97.50000
0.608,-97.62500
0.658,-97.62500
0.709,-97.75000
0.760,-97.75000
0.810,-97.50000
0.861,-97.50000
0.911,-97.50000
0.962,-97.37500
1.013,-97.50000
1.063,-97.50000
1.114,-97.50000
1.165,-97.75000
1.215,-97.75000
1.266,-97.37500
1.316,-97.50000
1.367,-97.50000
1.418,-97.37500
1.468,-97.50000
1.519,-97.50000
1.570,-97.50000
1.620,-97.62500
1.671,-88.00000
1.721,-35.37500
1.772,-31.62500
1.823,-37.25000
1.873,-41.75000
1.924,-45.50000
1.975,-47.75000
2.025,-49.37500
2.076,-50.62500
2.127,-51.25000
2.177,-51.50000
2.228,-51.62500
2.279,-51.50000
2.329,-51.37500
2.380,-51.25000
2.431,-51.00000
2.481,-50.50000
2.532,-50.00000
2.583,-49.62500
2.633,-48.87500
2.684,-48.37500
2.735,-47.87500
2.785,-47.37500
2.836,-47.12500
2.887,-46.50000
2.937,-46.25000
2.988,-45.87500
3.038,-45.50000
3.089,-44.75000
3.140,-44.75000
3.190,-44.37500
3.241,-44.12500
3.292,-44.12500
3.342,-43.87500
3.393,-43.87500
3.444,-43.87500
3.494,-43.50000
3.545,-43.62500
3.596,-43.62500
3.646,-43.75000
3.697,-43.75000
3.748,-44.00000
3.798,-44.00000
3.849,-44.25000
3.900,-44.50000
3.950,-44.37500
4.001,-44.62500
4.052,-44.75000
4.102,-44.87500
4.153,-44.87500
4.203,-45.37500
4.254,-45.62500
4.305,-45.87500
4.355,-46.00000
4.406,-46.00000
4.457,-46.25000
4.507,-46.62500
4.558,-46.75000
4.609,-46.75000
4.659,-47.25000
4.710,-47.50000
4.761,-47.75000
4.811,-47.87500
4.862,-47.87500
4.913,-48.00000
4.963,-48.25000
5.014,-48.25000
5.065,-48.75000
5.116,-48.87500
5.166,-49.00000
5.217,-49.25000
5.268,-49.50000
5.318,-49.50000
5.369,-49.62500
5.420,-49.75000
5.470,-49.87500
5.521,-50.25000
5.572,-50.50000
5.622,-50.62500
5.673,-50.75000
5.724,-50.87500
5.774,-50.87500
5.825,-51.25000
5.876,-51.12500
5.926,-51.37500
5.977,-51.62500
6.028,-51.75000
6.078,-51.87500
6.129,-52.00000
6.180,-52.00000
6.231,-52.12500
6.282,-52.37500
6.332,-52.50000
6.383,-52.75000
6.434,-53.12500
6.485,-53.12500
6.535,-53.50000
6.586,-53.50000
6.637,-53.37500
6.688,-53.62500
6.738,-53.62500
6.789,-53.75000
6.840,-54.12500
6.891,-54.25000
6.941,-54.25000
6.992,-54.62500
7.043,-54.62500
7.093,-54.50000
7.144,-54.75000
7.195,-54.62500
7.246,-54.87500
7.296,-55.00000
7.347,-55.12500
7.398,-55.25000
7.449,-55.37500
7.499,-55.25000
7.550,-55.50000
7.601,-55.50000
7.652,-55.62500
7.702,-55.75000
7.753,-55.87500
7.804,-56.00000
7.855,-56.25000
7.905,-56.25000
7.956,-56.25000
8.007,-56.37500
8.057,-56.37500
8.108,-56.50000
8.159,-56.62500
8.209,-57.00000
8.260,-57.12500
8.311,-57.12500
8.362,-57.37500
8.412,-57.37500
8.463,-57.50000
8.514,-57.37500
8.565,-57.37500
8.615,-57.62500
8.666,-60.00000
8.717,-55.50000
8.767,-44.37500
8.818,-35.12500
8.869,-26.62500
8.920,-29.37500
8.970,-26.37500
9.021,-22.87500
9.072,-19.12500
9.123,-15.87500
9.173,-12.12500
9.224,-8.37500
9.275,-4.50000
9.326,-1.50000
9.376,1.87500
9.427,4.50000
9.478,7.00000
9.529,9.75000
9.579,11.87500
9.630,14.12500
9.681,16.00000
9.732,18.12500
9.782,19.75000
9.833,21.87500
9.884,23.37500
9.935,25.00000
9.985,26.50000
10.036,27.87500
10.087,29.37500
10.137,30.75000
10.188,32.25000
10.239,33.62500
10.289,35.25000
10.340,36.62500
10.391,37.87500
10.441,38.75000
10.492,40.00000
10.543,41.12500
10.593,42.25000
10.644,43.25000
10.695,44.25000
10.746,45.50000
10.796,46.25000
10.847,47.00000
10.898,47.75000
10.949,48.50000
10.999,49.25000
11.050,49.87500
11.101,50.62500
11.151,51.62500
11.202,52.25000
11.253,52.75000
11.304,53.12500
11.354,53.75000
11.405,54.25000
11.456,54.62500
11.507,55.25000
11.557,56.00000
11.608,56.87500
11.659,57.37500
11.709,58.00000
11.760,58.50000
11.811,58.87500
11.862,59.37500
11.912,59.75000
11.963,60.25000
12.014,60.75000
12.065,61.62500
12.115,62.12500
12.166,62.50000
12.217,63.12500
12.267,63.62500
12.318,64.25000
12.369,64.62500
12.420,65.12500
12.470,65.75000
12.521,66.12500
12.572,66.75000
12.623,67.00000
12.673,67.62500
12.724,68.00000
12.775,68.37500
12.826,68.87500
12.876,69.12500
12.927,70.00000
12.978,70.62500
13.028,70.87500
13.079,71.37500
13.130,71.62500
13.180,72.25000
13.231,72.62500
13.282,73.25000
13.333,73.62500
13.383,74.12500
13.434,74.75000
13.485,75.00000
13.535,75.50000
13.586,75.75000
13.637,76.12500
13.687,76.75000
13.738,77.00000
13.789,77.37500
13.840,78.12500
13.890,78.50000
13.941,78.75000
13.992,79.00000
14.042,79.37500
14.093,79.62500
14.144,80.12500
14.195,80.25000
14.245,80.75000
14.296,81.12500
14.347,81.37500
14.397,81.37500
14.448,81.75000
14.499,81.87500
14.549,82.25000
14.600,82.62500
14.651,82.87500
14.702,83.50000
14.752,83.75000
14.803,83.87500
14.854,84.25000
14.904,84.50000
14.955,84.62500
15.006,84.75000
15.056,85.12500
15.107,85.37500
15.158,85.87500
15.209,85.87500
15.259,86.12500
15.310,86.12500
15.361,86.37500
15.411,86.50000
15.462,86.62500
15.513,86.87500
15.563,86.87500
15.614,87.37500
15.665,87.50000
15.715,87.37500
15.766,87.62500
15.817,87.50000
15.868,87.62500
15.918,87.75000
15.969,87.87500
16.020,87.75000
16.070,88.00000
16.121,88.12500
16.172,87.87500
16.222,88.12500
16.273,88.25000
16.324,88.37500
16.375,88.62500
16.425,88.75000
16.476,89.25000
16.527,89.50000
16.577,89.75000
16.628,89.87500
16.679,90.12500
16.729,90.37500
16.780,90.62500
16.831,91.00000
16.882,91.25000
16.932,91.75000
16.983,92.87500
17.034,93.75000
17.084,93.50000
17.135,93.62500
17.186,94.12500
17.236,94.37500
17.287,94.75000
17.338,95.37500
17.388,95.87500
17.439,96.37500
17.490,96.75000
17.541,97.12500
17.591,97.37500
17.642,97.62500
17.693,98.12500
17.743,98.25000
17.794,98.62500
17.845,99.25000
17.896,99.50000
17.946,99.62500
17.997,100.00000
18.048,100.12500
18.098,100.37500
18.149,100.75000
18.200,100.87500
18.250,101.25000
18.301,101.50000
18.352,101.87500
18.403,101.75000
18.453,102.00000
18.504,102.00000
18.555,102.25000
18.605,102.50000
18.656,102.75000
18.707,103.12500
18.757,103.12500
18.808,103.12500
18.859,103.37500
18.910,103.50000
18.960,103.62500
19.011,103.62500
19.062,103.87500
19.112,104.00000
19.163,104.12500
19.214,104.37500
19.264,104.25000
19.315,104.37500
19.366,104.37500
19.416,104.50000
19.467,104.62500
19.518,104.75000
19.569,104.75000
19.619,105.00000
19.670,105.12500
19.721,104.87500
19.771,105.00000
19.822,104.87500
19.873,105.00000
19.924,105.12500
19.975,105.12500
20.026,105.25000
20.076,105.37500
20.127,105.25000
20.178,105.25000
20.229,105.25000
20.279,105.25000
20.330,105.25000
20.381,105.37500
20.431,105.37500
20.482,105.50000
20.533,105.75000
20.584,105.50000
20.634,105.62500
20.685,105.50000
20.736,105.50000
20.786,105.37500
20.837,105.62500
20.888,105.50000
20.939,105.75000
20.989,105.75000
21.040,105.50000
21.091,105.37500
21.142,105.50000
21.192,105.25000
21.243,105.37500
21.294,105.37500
21.344,105.50000
21.395,105.62500
21.446,105.50000
21.497,105.25000
21.547,105.25000
21.598,105.12500
21.649,105.12500
21.699,105.25000
21.750,105.25000
21.801,105.37500
21.852,105.25000
21.902,105.00000
21.953,105.00000
22.004,105.00000
22.054,105.00000
22.105,104.75000
22.156,104.87500
22.206,104.75000
22.257,104.87500
22.308,104.87500
22.358,104.75000
22.409,104.62500
22.460,104.37500
22.510,104.37500
22.561,104.37500
22.611,104.37500
22.662,104.37500
22.713,104.50000
22.764,104.37500
22.814,104.00000
22.865,104.00000
22.916,103.87500
22.966,103.87500
23.017,103.87500
23.068,103.87500
23.119,103.62500
23.169,103.62500
23.220,103.87500
23.271,103.50000
23.322,103.50000
23.372,103.25000
23.423,103.25000
23.474,103.12500
23.525,103.25000
23.575,103.37500
23.626,103.25000
23.677,103.00000
23.728,103.00000
23.778,102.75000
23.829,102.62500
23.880,102.50000
23.931,102.62500
23.981,102.50000
24.032,102.50000
24.083,102.50000
24.134,102.25000
24.184,102.12500
24.235,102.00000
24.286,102.00000
24.336,102.00000
24.387,101.87500
24.438,101.75000
24.489,101.75000
24.539,101.75000
24.590,101.50000
24.641,101.50000
24.692,101.12500
24.742,101.12500
24.793,101.12500
24.844,101.12500
24.895,100.87500
24.945,101.00000
24.996,100.62500
25.047,100.62500
25.098,100.50000
25.148,100.25000
25.199,100.25000
25.250,100.25000
25.300,100.12500
25.351,100.12500
25.402,100.00000
25.453,99.87500
25.503,99.62500
25.554,99.50000
25.605,99.37500
25.656,99.50000
25.706,99.50000
25.757,99.25000
25.808,99.25000
25.858,99.12500
25.909,98.87500
25.960,98.75000
26.011,98.62500
26.061,98.62500
26.113,98.62500
26.163,98.50000
26.214,98.37500
26.265,98.37500
26.316,98.00000
26.366,97.87500
26.417,97.87500
26.468,97.62500
26.518,97.50000
26.569,97.62500
26.620,97.37500
26.670,97.37500
26.721,97.25000
26.772,96.87500
26.823,96.75000
26.873,96.62500
26.924,96.50000
26.975,96.37500
27.025,96.50000
27.076,96.25000
27.127,96.37500
27.177,96.25000
27.228,96.00000
27.279,95.87500
27.329,95.62500
27.380,95.50000
27.431,95.62500
27.482,95.37500
27.532,95.25000
27.583,95.25000
27.634,95.12500
27.684,94.75000
27.735,94.62500
27.786,94.37500
27.836,94.37500
27.887,94.50000
27.938,94.37500
27.989,94.25000
28.039,94.12500
28.090,93.87500
28.141,93.62500
28.191,93.62500
28.242,93.37500
28.293,93.25000
28.343,93.37500
28.394,93.12500
28.445,93.12500
28.496,93.00000
28.546,92.62500
28.597,92.62500
28.648,92.50000
28.698,92.25000
28.749,92.00000
28.800,92.25000
28.851,92.00000
28.901,92.00000
28.952,91.75000
29.003,91.50000
29.053,91.37500
29.104,91.00000
29.155,91.00000
29.205,91.00000
29.256,90.87500
29.307,90.75000
29.358,90.75000
29.408,90.62500
29.459,90.25000
29.510,90.25000
29.560,89.87500
29.611,89.87500
29.662,89.87500
29.712,89.62500
29.763,89.75000
29.814,89.37500
29.865,89.50000
29.915,89.12500
29.966,89.00000
30.017,88.62500
30.067,88.62500
30.118,88.50000
30.169,88.25000
30.219,88.37500
30.270,88.12500
30.321,87.87500
30.372,87.75000
30.422,87.50000
30.473,87.37500
30.524,87.37500
30.574,87.12500
30.625,87.00000
30.676,87.00000
30.726,87.00000
30.777,86.62500
30.828,86.50000
30.878,86.12500
30.929,86.12500
30.980,86.00000
31.030,85.75000
31.081,85.75000
31.132,85.87500
31.183,85.75000
31.233,85.25000
31.284,85.25000
31.335,84.87500
31.385,84.87500
31.436,84.87500
31.487,84.62500
31.537,84.50000
31.588,84.62500
31.639,84.50000
31.689,84.12500
31.740,84.00000
31.791,83.75000
31.842,83.62500
31.892,83.50000
31.943,83.25000
31.994,83.25000
32.045,83.25000
32.095,83.00000
32.146,82.87500
32.197,82.75000
32.248,82.37500
32.298,82.12500
32.349,82.12500
32.400,82.00000
32.450,82.00000
32.501,81.87500
32.552,81.62500
32.603,81.62500
32.653,81.25000
32.704,81.12500
32.755,81.00000
32.806,80.75000
32.856,80.62500
32.907,80.75000
32.958,80.50000
33.009,80.12500
33.059,80.12500
33.110,79.87500
33.161,79.75000
33.212,79.37500
33.262,79.25000
33.313,79.50000
33.364,79.37500
33.414,79.12500
33.465,79.00000
33.516,78.87500
33.566,78.62500
33.617,78.50000
33.668,78.25000
33.718,78.00000
33.769,78.12500
33.820,77.87500
33.870,77.75000
33.921,77.62500
33.972,77.25000
34.023,77.12500
34.073,77.12500
34.124,76.87500
34.175,76.75000
34.225,76.75000
34.276,76.62500
34.327,76.50000
34.377,76.37500
34.428,76.12500
34.479,75.87500
34.529,75.75000
34.580,75.62500
34.631,75.37500
34.682,75.50000
34.732,75.37500
34.783,75.25000
34.834,75.12500
34.884,74.75000
34.935,74.62500
34.986,74.50000
35.037,74.37500
35.087,74.37500
35.138,74.25000
35.189,74.12500
35.239,74.00000
35.290,73.87500
35.341,73.62500
35.392,73.62500
35.442,73.50000
35.493,73.25000
35.544,73.25000
35.595,72.87500
35.645,73.12500
35.696,73.00000
35.747,72.62500
35.799,72.50000
35.850,72.37500
35.901,72.25000
35.952,72.12500
36.003,72.00000
36.054,72.00000
36.104,71.87500
36.155,71.50000
36.206,71.50000
36.257,71.37500
36.307,71.12500
36.358,70.87500
36.409,71.00000
36.460,70.87500
36.510,70.87500
36.561,70.75000
36.612,70.37500
36.662,70.25000
36.713,70.00000
36.764,70.00000
36.815,69.87500
36.865,69.87500
36.916,69.62500
36.967,69.62500
37.018,69.62500
37.069,69.25000
37.119,69.12500
37.170,68.87500
37.221,68.87500
37.272,68.87500
37.323,68.75000
37.374,68.62500
37.424,68.62500
37.475,68.25000
37.526,68.12500
37.577,67.87500
37.627,67.87500
37.678,67.87500
37.729,67.75000
37.779,67.37500
37.830,67.50000
37.881,67.37500
37.931,67.25000
37.982,67.12500
38.033,66.87500
38.084,66.75000
38.134,66.75000
38.185,66.50000
38.236,66.37500
38.286,66.62500
38.337,66.37500
38.388,66.12500
38.438,66.00000
38.489,65.75000
38.540,65.62500
38.590,65.62500
38.641,65.50000
38.692,65.62500
38.742,65.37500
38.793,65.25000
38.844,65.00000
38.895,64.87500
38.945,64.75000
38.996,64.62500
39.047,64.50000
39.098,64.37500
39.148,64.50000
39.199,64.37500
39.250,64.00000
39.300,64.00000
39.351,64.00000
39.402,63.75000
39.453,63.62500
39.503,63.62500
39.554,63.37500
39.605,63.50000
39.655,63.50000
39.706,63.25000
39.757,63.12500
39.808,62.87500
39.858,62.75000
39.909,62.75000
39.960,62.50000
40.010,62.37500
40.061,62.50000
40.112,62.37500
40.163,62.12500
40.213,62.12500
40.264,61.75000
40.315,61.75000
40.365,61.75000
40.416,61.62500
40.467,61.50000
40.517,61.50000
40.568,61.50000
40.619,61.12500
40.669,61.00000
40.720,60.87500
40.771,60.75000
40.822,60.62500
40.873,60.62500
40.924,60.62500
40.974,60.62500
41.025,60.25000
41.076,60.12500
41.126,59.87500
41.177,59.75000
41.228,59.75000
41.279,59.62500
41.329,59.50000
41.380,59.62500
41.431,59.50000
41.482,59.37500
41.532,59.25000
41.587,59.12500
41.638,59.12500
41.689,58.87500
41.740,59.00000
41.791,58.87500
41.842,58.62500
41.893,58.50000
41.943,58.37500
41.994,58.25000
42.045,58.12500
42.096,58.12500
42.146,58.00000
42.197,58.12500
42.248,58.00000
42.298,57.87500
42.349,57.62500
42.400,57.50000
42.451,57.25000
42.501,57.25000
42.552,57.25000
42.603,57.25000
42.654,57.12500
42.705,56.75000
42.755,56.75000
42.806,56.75000
42.857,56.50000
42.908,56.50000
42.959,56.50000
43.010,56.37500
43.060,56.75000
43.111,57.00000
43.162,56.75000
43.212,56.62500
43.263,56.37500
43.315,56.25000
43.366,56.37500
43.417,56.12500
43.468,56.25000
43.519,56.12500
43.572,55.87500
43.625,55.62500
43.676,55.50000
43.727,55.50000
43.778,55.37500
43.833,55.37500
43.891,55.12500
43.941,55.12500
43.992,55.12500
44.043,55.00000
44.094,54.87500
44.145,54.87500
44.197,54.62500
44.249,54.37500
44.300,54.12500
44.351,54.12500
44.402,54.25000
44.453,54.25000
44.504,54.87500
44.555,54.50000
44.606,53.87500
44.657,53.50000
44.708,53.62500
44.758,53.37500
44.809,53.37500
44.860,53.37500
44.911,53.75000
44.964,53.00000
45.018,52.87500
45.074,53.00000
45.124,52.87500
45.175,52.87500
45.226,52.50000
45.278,52.50000
45.332,52.50000
45.383,52.50000
45.434,52.50000
45.484,52.25000
45.535,52.00000
45.589,52.25000
45.640,52.00000
45.691,51.75000
45.741,51.62500
45.792,51.62500
45.843,52.25000
45.894,51.62500
45.945,51.37500
45.995,51.12500
46.047,51.12500
46.098,50.87500
46.149,51.00000
46.200,51.37500
46.251,50.50000
46.302,50.75000
46.353,50.62500
46.404,50.37500
46.455,50.25000
46.513,50.25000
46.566,50.12500
46.617,50.00000
46.668,49.87500
46.719,49.75000
46.771,49.87500
46.822,49.75000
46.873,49.75000
46.924,49.37500
46.975,49.37500
47.026,49.12500
47.078,49.00000
47.129,49.25000
47.181,48.87500
47.234,48.75000
47.291,48.75000
47.342,48.75000
47.392,48.50000
47.443,48.62500
47.494,48.50000
47.545,48.25000
47.596,48.12500
47.647,47.87500
47.698,47.87500
47.748,48.00000
47.799,47.87500
47.850,47.87500
47.901,47.75000
47.952,47.62500
48.003,47.37500
48.055,47.25000
48.108,47.25000
48.159,47.12500
48.210,47.25000
48.261,47.12500
48.312,47.00000
48.363,47.00000
48.414,46.62500
48.464,46.62500
48.519,46.50000
48.570,46.50000
48.621,46.62500
48.672,46.50000
48.724,46.37500
48.775,46.12500
48.825,45.87500
48.876,45.87500
48.927,45.75000
48.978,45.62500
49.029,45.62500
49.079,45.62500
49.130,45.62500
49.181,45.50000
49.232,45.25000
49.282,45.25000
49.333,45.00000
49.388,45.25000
49.439,45.00000
49.490,44.87500
49.540,44.87500
49.591,45.00000
49.642,44.62500
49.693,44.50000
49.743,44.37500
49.794,44.25000
49.845,44.12500
49.895,44.00000
49.946,44.25000
49.997,44.12500
50.047,43.87500
50.098,43.75000
50.149,43.75000
50.199,43.50000
50.250,43.37500
50.301,43.25000
50.351,43.12500
50.402,43.37500
50.453,43.37500
50.503,43.00000
50.554,43.00000
50.605,42.87500
50.655,42.62500
50.706,42.75000
50.757,42.75000
50.807,42.62500
50.858,42.75000
50.909,42.62500
50.959,42.37500
51.010,42.37500
51.061,42.12500
51.111,42.12500
51.162,42.00000
51.212,41.87500
51.263,41.75000
51.314,42.00000
51.364,41.87500
51.415,41.62500
51.466,41.62500
51.517,41.37500
51.567,41.12500
51.618,41.25000
51.669,41.12500
51.720,41.12500
51.770,41.25000
51.821,41.00000
51.872,41.00000
51.922,40.87500
51.973,40.50000
52.024,40.50000
52.074,40.50000
52.125,40.37500
52.176,40.50000
52.226,40.37500
52.277,40.25000
52.328,40.12500
52.378,40.12500
52.429,40.00000
52.480,39.75000
52.530,39.62500
52.581,39.50000
52.632,39.75000
52.682,39.62500
52.733,39.50000
52.784,39.37500
52.834,39.37500
52.885,39.00000
52.936,39.00000
52.986,38.87500
53.037,38.62500
53.087,39.00000
53.138,39.00000
53.189,38.75000
53.240,38.75000
53.290,38.62500
53.341,38.37500
53.392,38.50000
53.442,38.25000
53.493,38.12500
53.544,38.25000
53.595,38.12500
53.645,38.12500
53.696,38.12500
53.747,37.87500
53.798,37.62500
53.848,37.62500
53.899,37.75000
53.950,37.50000
54.000,37.50000
54.051,37.50000
54.102,37.25000
54.152,37.37500
54.203,37.25000
54.254,37.12500
54.304,36.87500
54.355,36.87500
54.406,36.87500
54.457,36.87500
54.507,36.62500
54.558,36.75000
54.609,36.62500
54.659,36.37500
54.710,36.25000
54.761,36.25000
54.811,36.12500
54.862,36.12500
54.913,36.12500
54.963,36.12500
55.014,36.00000
55.065,36.12500
55.116,35.75000
55.167,35.75000
55.217,35.50000
55.268,35.50000
55.319,35.37500
55.370,35.25000
55.421,35.50000
55.471,35.37500
55.522,35.12500
55.573,35.00000
55.623,35.00000
55.674,34.87500
55.725,34.62500
55.776,34.75000
55.826,34.75000
55.877,34.62500
55.928,34.75000
55.978,34.50000
56.029,34.50000
56.080,34.12500
56.131,34.12500
56.181,34.00000
56.232,34.00000
56.283,34.25000
56.333,34.12500
56.384,34.00000
56.435,33.87500
56.485,33.75000
56.536,33.50000
56.587,33.37500
56.638,33.37500
56.688,33.25000
56.739,33.37500
56.790,33.37500
56.840,33.12500
56.891,33.12500
56.942,33.00000
56.993,32.75000
57.043,32.75000
57.094,32.75000
57.145,32.62500
57.196,32.87500
57.246,32.62500
57.297,32.50000
57.348,32.50000
57.399,32.25000
57.449,32.25000
57.500,32.12500
57.551,32.12500
57.601,31.87500
57.652,32.12500
57.703,32.12500
57.753,31.62500
57.804,31.62500
57.855,31.37500
57.905,31.37500
57.956,31.25000
58.007,31.25000
58.057,31.37500
58.108,31.37500
58.159,31.37500
58.209,31.12500
58.260,31.00000
58.311,30.87500
58.361,30.75000
58.412,30.75000
58.463,30.62500
58.513,30.87500
58.564,30.87500
58.615,30.75000
58.665,30.37500
58.716,30.37500
58.767,30.12500
58.817,30.25000
58.868,30.12500
58.919,30.00000
58.969,30.25000
59.020,30.12500
59.070,29.87500
59.121,29.75000
59.172,29.75000
59.222,29.62500
59.273,29.50000
59.324,29.62500
59.374,29.50000
59.425,29.62500
59.476,29.50000
59.526,29.25000
59.577,29.25000
59.628,29.12500
59.678,29.00000
59.729,28.87500
59.780,28.87500
59.830,28.75000
59.881,28.87500
59.932,28.87500
59.982,28.62500
60.033,28.62500
60.083,28.25000
60.134,28.25000
60.185,28.12500
60.236,28.12500
60.286,28.12500
60.337,28.25000
60.387,28.25000
60.438,27.87500
60.489,27.87500
60.539,27.62500
60.590,27.62500
60.641,27.62500
60.691,27.50000
60.742,27.50000
60.793,27.62500
60.843,27.62500
60.894,27.37500
60.944,27.37500
60.995,27.12500
61.046,27.12500
61.096,27.12500
61.147,27.00000
61.198,27.00000
61.248,27.12500
61.299,27.00000
61.350,26.75000
61.400,26.75000
61.451,26.50000
61.502,26.50000
61.553,26.50000
61.603,26.37500
61.655,26.50000
61.705,26.50000
61.756,26.50000
61.807,26.25000
61.857,26.12500
61.908,26.00000
61.959,26.00000
62.009,25.87500
62.060,25.75000
62.111,26.00000
62.161,25.87500
62.212,25.62500
62.263,25.62500
62.314,25.50000
62.364,25.37500
62.415,25.37500
62.466,25.25000
62.516,25.25000
62.567,25.25000
62.618,25.37500
62.668,25.12500
62.719,25.12500
62.770,24.87500
62.820,24.87500
62.871,24.75000
62.922,24.75000
62.972,24.50000
63.023,25.00000
63.074,24.75000
63.124,24.50000
63.175,24.50000
63.226,24.37500
63.276,24.37500
63.327,24.25000
63.378,24.25000
63.428,24.25000
63.479,24.50000
63.530,24.50000
63.580,24.75000
63.631,24.75000
63.682,24.62500
63.732,24.75000
63.783,24.62500
63.834,24.62500
63.884,24.87500
63.935,24.75000
63.986,24.50000
64.036,24.37500
64.087,24.50000
64.138,24.25000
64.188,24.12500
64.239,24.00000
64.289,24.00000
64.340,24.12500
64.391,24.00000
64.441,23.87500
64.492,23.75000
64.543,23.75000
64.593,23.50000
64.644,23.37500
64.695,23.25000
64.745,23.12500
64.796,23.25000
64.847,23.12500
64.897,23.12500
64.948,23.00000
64.998,23.00000
65.049,22.87500
65.100,23.00000
65.151,22.87500
65.201,22.75000
65.252,23.12500
65.303,23.12500
65.354,23.00000
65.404,23.00000
65.455,23.12500
65.506,23.00000
65.556,22.75000
65.607,22.62500
65.657,22.37500
65.708,22.37500
65.759,22.37500
65.809,22.12500
65.860,22.25000
65.911,21.87500
65.961,21.87500
66.012,21.75000
66.063,21.75000
66.113,21.87500
66.164,22.12500
66.215,22.25000
66.265,22.37500
66.316,22.62500
66.367,22.62500
66.417,22.75000
66.468,22.75000
66.519,22.62500
66.569,22.62500
66.620,23.00000
66.671,22.87500
66.721,22.87500
66.772,22.87500
66.823,22.75000
66.873,22.62500
66.924,22.50000
66.975,22.37500
67.026,22.62500
67.076,22.62500
67.127,22.62500
67.178,22.50000
67.228,22.50000
67.279,22.25000
67.330,22.00000
67.380,22.00000
67.431,21.75000
67.482,21.87500
67.536,21.50000
67.587,21.50000
67.638,21.37500
67.689,21.25000
67.739,21.12500
67.790,21.12500
67.841,21.00000
67.891,21.12500
67.942,20.87500
67.993,20.50000
68.043,20.50000
68.094,20.25000
68.145,20.37500
68.195,20.25000
68.246,20.25000
68.297,20.25000
68.348,20.25000
68.398,20.25000
68.449,20.00000
68.500,20.00000
68.550,19.75000
68.601,19.75000
68.652,19.75000
68.703,19.75000
68.753,19.62500
68.804,19.87500
68.854,19.75000
68.905,19.50000
68.956,19.62500
69.006,19.37500
69.057,19.25000
69.108,19.25000
69.159,19.37500
69.209,19.37500
69.260,19.50000
69.310,19.50000
69.361,19.62500
69.412,19.87500
69.463,20.00000
69.513,20.25000
69.564,20.50000
69.615,20.62500
69.665,21.00000
69.716,21.12500
69.767,20.87500
69.817,20.87500
69.868,20.62500
69.919,20.37500
69.969,20.12500
70.020,19.87500
70.071,19.87500
70.121,20.00000
70.172,20.12500
70.223,20.12500
70.273,20.00000
70.324,19.75000
70.375,19.75000
70.426,19.62500
70.476,19.50000
70.527,19.50000
70.579,20.25000
70.630,20.62500
70.683,20.87500
70.734,21.12500
70.785,21.25000
70.835,21.50000
70.886,21.75000
70.937,22.62500
70.988,22.87500
71.038,23.25000
71.089,23.00000
71.140,23.50000
71.190,23.37500
71.241,23.50000
71.292,24.00000
71.342,24.62500
71.393,25.87500
71.444,26.25000
71.494,26.25000
71.545,26.37500
71.596,26.37500
71.646,26.12500
71.697,25.87500
71.749,25.25000
71.800,24.37500
71.850,23.62500
71.901,22.50000
71.952,21.50000
72.002,20.75000
72.053,19.75000
72.104,19.00000
72.155,18.37500
72.205,17.75000
72.256,17.37500
72.306,16.87500
72.357,16.50000
72.408,15.87500
72.459,15.75000
72.509,16.12500
72.561,16.75000
72.612,17.25000
72.662,17.25000
72.713,17.25000
72.764,16.75000
72.814,16.25000
72.865,16.00000
72.916,15.00000
72.966,14.62500
73.017,14.12500
73.068,13.50000
73.118,13.25000
73.169,13.37500
73.220,13.25000
73.270,13.75000
73.321,14.12500
73.371,14.62500
73.422,14.75000
73.473,14.62500
73.523,14.25000
73.574,13.75000
73.625,13.37500
73.675,12.62500
73.726,12.00000
73.776,11.62500
73.827,10.87500
73.878,10.50000
73.928,10.12500
73.979,9.62500
74.030,9.37500
74.080,9.25000
74.131,8.87500
74.182,8.62500
74.232,8.37500
74.283,8.00000
74.334,7.87500
74.384,8.50000
74.435,9.50000
74.486,9.87500
74.536,10.12500
74.587,10.50000
74.637,10.62500
74.688,11.25000
74.739,11.37500
74.789,11.12500
74.840,10.62500
74.891,10.50000
74.941,11.12500
74.992,11.75000
75.043,11.62500
75.093,12.25000
75.144,12.00000
75.194,11.12500
75.245,11.12500
75.296,10.75000
75.346,10.25000
75.397,9.87500
75.448,9.50000
75.498,9.00000
75.549,8.12500
75.599,7.87500
75.650,7.25000
75.701,6.75000
75.751,6.25000
75.802,5.87500
75.853,5.75000
75.903,5.25000
75.954,5.12500
76.005,4.87500
76.055,4.75000
76.106,4.12500
76.157,3.87500
76.207,3.50000
76.258,3.12500
76.309,3.12500
76.359,2.87500
76.410,2.62500
76.461,2.25000
76.511,2.25000
76.562,1.62500
76.613,1.50000
76.663,1.12500
76.714,0.75000
76.765,0.37500
76.815,0.00000
76.866,-0.62500
76.917,-0.87500
76.967,-1.25000
77.018,-1.62500
77.069,-2.00000
77.119,-2.25000
77.170,-2.50000
77.221,-16.62500
77.271,-17.50000
77.322,-17.75000
77.373,-17.87500
77.423,-17.87500
77.474,-17.87500
77.525,-17.75000
77.577,-17.75000
77.628,-17.50000
77.679,-17.62500
77.730,-17.50000
77.780,-17.37500
77.831,-17.50000
77.882,-17.62500
77.932,-17.75000
77.983,-17.75000
78.034,-17.62500
78.085,-17.50000
78.135,-17.37500
78.186,-17.37500
78.237,-17.25000
78.287,-17.50000
78.338,-17.50000
78.389,-17.50000
78.440,-17.50000
78.490,-17.50000
78.541,-17.25000
78.592,-17.50000
78.643,-17.25000
78.697,-17.62500
78.747,-17.50000
78.798,-17.50000
78.849,-17.62500
78.900,-16.62500
78.951,-16.75000
79.002,-17.12500
79.052,-17.87500
79.103,-17.50000
79.154,-17.75000
79.204,-17.62500
79.255,-17.62500
79.306,-16.87500
79.356,-17.50000
79.407,-17.62500
79.458,-17.87500
79.509,-17.62500
79.559,-17.62500
79.610,-17.37500
79.661,-17.50000
79.711,-17.87500
79.762,-17.62500
79.813,-17.50000
79.864,-17.50000
79.914,-17.62500
79.965,-17.62500
80.016,-17.75000
80.066,-17.75000
80.117,-17.62500
80.168,-17.62500
80.218,-17.75000
80.269,-17.37500
80.320,-17.50000
80.371,-17.62500
80.422,-17.62500
80.472,-17.75000
80.523,-17.75000
80.574,-17.62500
80.624,-17.75000
80.675,-17.50000
80.726,-17.50000
80.777,-17.75000
80.827,-17.62500
80.878,-17.62500
80.929,-17.75000
80.979,-18.00000
81.030,-17.75000
81.081,-17.87500
81.131,-17.75000
81.182,-17.62500
81.233,-17.75000
81.283,-17.87500
81.334,-18.00000
81.385,-18.12500
81.435,-18.00000
81.486,-18.00000
81.537,-18.00000
81.588,-17.87500
81.638,-17.87500
81.689,-18.00000
81.740,-18.00000
81.790,-18.12500
81.841,-18.12500
81.892,-18.00000
81.942,-18.12500
81.993,-18.12500
82.044,-17.87500
82.095,-17.87500
82.145,-18.12500
82.196,-18.12500
82.247,-18.12500
82.297,-18.00000
82.348,-18.00000
82.399,-18.12500
82.450,-18.00000
82.500,-17.87500
82.551,-18.00000
82.602,-18.25000
82.652,-18.25000
82.703,-18.37500
82.754,-18.37500
82.804,-18.37500
82.855,-18.37500
82.906,-18.25000
82.956,-18.37500
83.008,-18.37500
83.059,-18.37500
83.110,-18.37500
83.160,-18.37500
83.211,-18.25000
83.262,-18.37500
83.312,-18.37500
83.363,-18.25000
83.414,-18.12500
83.464,-18.37500
83.515,-18.50000
83.566,-18.62500
83.617,-18.75000
83.667,-18.62500
83.718,-18.62500
83.769,-18.50000
83.819,-18.37500
83.870,-18.50000
83.921,-18.62500
83.972,-18.75000
84.022,-18.75000
84.073,-18.75000
84.124,-18.87500
84.175,-18.87500
84.225,-18.75000
84.276,-18.62500
84.327,-18.87500
84.377,-18.87500
84.428,-19.00000
84.479,-19.12500
84.530,-19.12500
84.580,-19.00000
84.631,-19.00000
84.682,-18.75000
84.733,-18.87500
84.783,-19.00000
84.834,-19.12500
84.885,-19.12500
84.936,-19.12500
84.986,-19.12500
85.037,-19.12500
85.088,-19.00000
85.138,-18.87500
85.189,-19.12500
85.240,-19.25000
85.291,-19.25000
85.342,-19.50000
85.393,-19.50000
85.443,-19.37500
85.494,-19.50000
85.545,-19.25000
85.596,-19.25000
85.646,-19.50000
85.697,-19.50000
85.748,-19.75000
85.799,-19.62500
85.850,-19.62500
85.900,-19.75000
85.951,-19.75000
86.002,-19.37500
86.053,-19.50000
86.103,-19.62500
86.154,-19.50000
86.205,-19.75000
86.255,-19.75000
86.306,-19.62500
86.357,-19.75000
86.408,-19.50000
86.458,-19.50000
86.509,-19.62500
86.560,-19.62500
86.611,-19.62500
86.661,-19.87500
86.712,-19.87500
86.763,-20.00000
86.813,-20.00000
86.864,-19.62500
86.918,-20.00000
86.975,-20.00000
87.026,-20.00000
87.077,-20.12500
87.127,-20.00000
87.178,-19.87500
87.229,-20.00000
87.279,-20.00000
87.330,-20.00000
87.381,-20.12500
87.431,-20.25000
87.482,-20.25000
87.533,-20.25000
87.583,-20.37500
87.634,-20.00000
87.688,-20.37500
87.739,-20.25000
87.790,-20.50000
87.841,-20.37500
87.892,-20.37500
87.942,-20.37500
87.993,-20.50000
88.044,-20.12500
88.094,-20.25000
88.145,-20.50000
88.196,-20.50000
88.246,-20.62500
88.297,-20.75000
88.348,-20.50000
88.399,-20.62500
88.449,-20.37500
88.500,-20.50000
88.551,-20.50000
88.601,-20.75000
88.652,-20.87500
88.703,-20.87500
88.754,-20.87500
88.804,-21.00000
88.855,-21.00000
88.906,-20.75000
88.957,-20.75000
89.007,-21.00000
89.058,-21.00000
89.109,-21.00000
89.159,-21.25000
89.210,-21.12500
89.261,-21.12500
89.311,-21.25000
89.362,-21.00000
89.413,-21.12500
89.463,-21.12500
89.514,-21.25000
89.565,-21.37500
89.615,-21.37500
89.666,-21.37500
89.717,-21.50000
89.767,-21.50000
89.818,-21.25000
89.869,-21.25000
89.919,-21.37500
89.970,-21.37500
90.021,-21.62500
90.071,-21.62500
90.122,-21.50000
90.173,-21.50000
90.224,-21.50000
90.274,-21.37500
90.325,-21.50000
90.376,-21.62500
90.427,-21.50000
90.477,-21.75000
90.528,-21.75000
90.579,-21.87500
90.629,-21.87500
90.680,-21.75000
90.731,-21.62500
90.782,-21.87500
90.832,-21.87500
90.883,-21.75000
90.934,-22.00000
90.984,-22.00000
91.035,-22.12500
91.086,-22.12500
91.137,-21.87500
91.187,-21.87500
91.238,-22.00000
91.289,-21.87500
91.339,-22.00000
91.390,-22.25000
91.440,-22.12500
91.491,-22.37500
91.542,-22.37500
91.593,-22.12500
91.643,-22.25000
91.694,-22.25000
91.745,-22.12500
91.795,-22.25000
91.846,-22.37500
91.897,-22.50000
91.947,-22.50000
91.998,-22.50000
92.049,-22.37500
92.100,-22.37500
92.150,-22.50000
92.201,-22.50000
92.252,-22.75000
92.302,-22.62500
92.353,-22.75000
92.404,-22.87500
92.454,-22.50000
92.505,-22.75000
92.556,-22.62500
92.607,-22.75000
92.657,-22.62500
92.708,-22.75000
92.759,-22.87500
92.810,-23.00000
92.860,-23.00000
92.911,-22.87500
92.962,-23.00000
93.013,-22.87500
93.063,-22.75000
93.114,-23.12500
93.165,-23.00000
93.215,-23.12500
93.266,-23.25000
93.317,-23.37500
93.368,-23.25000
93.418,-23.12500
93.469,-23.12500
93.520,-23.12500
93.571,-23.37500
93.621,-23.25000
93.672,-23.50000
93.723,-23.37500
93.774,-23.25000
93.824,-23.37500
93.875,-23.50000
93.926,-23.50000
93.977,-23.37500
94.027,-23.75000
94.078,-23.62500
94.129,-23.62500
94.179,-23.87500
94.230,-23.62500
94.281,-23.62500
94.332,-23.75000
94.382,-23.50000
94.433,-23.75000
94.484,-23.75000
94.534,-23.75000
94.585,-24.00000
94.636,-24.00000
94.687,-23.75000
94.737,-23.87500
94.788,-23.75000
94.839,-23.75000
94.890,-24.00000
94.941,-24.00000
94.991,-24.12500
95.042,-24.00000
95.093,-23.87500
95.143,-24.00000
95.194,-24.00000
95.245,-24.00000
95.295,-23.87500
95.346,-24.12500
95.397,-24.25000
95.447,-24.25000
95.498,-24.25000
95.549,-24.12500
95.599,-24.25000
95.650,-24.12500
95.701,-24.12500
95.752,-24.50000
95.803,-24.37500
95.854,-24.50000
95.904,-24.62500
95.955,-24.75000
96.006,-24.37500
96.057,-24.62500
96.108,-24.50000
96.159,-24.50000
96.209,-24.87500
96.260,-24.75000
96.311,-24.87500
96.361,-24.75000
96.412,-24.62500
96.463,-24.62500
96.513,-24.75000
96.564,-24.75000
96.615,-24.87500
96.666,-25.00000
96.716,-25.00000
96.767,-25.12500
96.818,-25.12500
96.868,-25.00000
96.919,-25.00000
96.970,-24.75000
97.020,-25.00000
97.071,-25.12500
97.122,-25.12500
97.172,-25.25000
97.223,-25.37500
97.274,-25.37500
97.325,-25.12500
97.375,-25.37500
97.426,-25.12500
97.477,-25.12500
97.527,-25.50000
97.578,-25.37500
97.629,-25.37500
97.680,-25.50000
97.730,-25.50000
97.781,-25.50000
97.832,-25.50000
97.882,-25.37500
97.933,-25.37500
97.984,-25.50000
98.035,-25.50000
98.086,-25.75000
98.136,-25.62500
98.187,-25.50000
98.238,-25.75000
98.289,-25.75000
98.339,-25.62500
98.390,-25.50000
98.441,-25.87500
98.491,-25.75000
98.542,-25.87500
98.593,-26.12500
98.644,-26.00000
98.694,-26.12500
98.745,-25.87500
98.796,-25.87500
98.847,-26.12500
98.897,-26.00000
98.948,-26.00000
98.999,-26.12500
99.050,-26.25000
99.100,-26.37500
99.151,-26.37500
99.202,-26.00000
99.253,-26.12500
99.303,-26.37500
99.354,-26.50000
99.405,-26.50000
99.455,-26.62500
99.506,-26.37500
99.557,-26.50000
99.607,-26.50000
99.658,-26.37500
99.709,-26.25000
99.760,-26.37500
99.811,-26.50000
99.861,-26.75000
99.912,-26.75000
99.963,-26.75000
100.014,-26.75000
100.065,-26.62500
100.115,-26.62500
100.166,-26.87500
100.217,-26.87500
100.267,-26.75000
100.318,-27.00000
100.369,-27.00000
100.420,-27.00000
100.471,-27.12500
100.522,-27.00000
100.573,-26.87500
100.623,-27.00000
100.674,-27.12500
100.725,-27.25000
100.776,-27.25000
100.826,-27.25000
100.877,-27.25000
100.928,-27.12500
100.979,-27.12500
101.029,-27.12500
101.080,-27.25000
101.131,-27.37500
101.182,-27.37500
101.232,-27.62500
101.283,-27.50000
101.334,-27.75000
101.385,-27.37500
101.435,-27.50000
101.486,-27.50000
101.537,-27.50000
101.588,-27.62500
101.638,-27.62500
101.689,-27.62500
101.740,-27.75000
101.791,-27.87500
101.841,-27.62500
101.892,-27.75000
101.943,-27.75000
101.993,-27.75000
102.044,-28.00000
102.095,-28.00000
102.146,-28.12500
102.197,-28.00000
102.247,-27.87500
102.298,-28.00000
102.349,-27.87500
102.400,-28.00000
102.450,-28.00000
102.501,-28.12500
102.552,-28.25000
102.603,-28.25000
102.654,-28.25000
102.704,-28.00000
102.755,-28.12500
102.806,-28.25000
102.857,-28.37500
102.907,-28.37500
102.958,-28.50000
103.009,-28.50000
103.060,-28.50000
103.110,-28.62500
103.161,-28.37500
103.212,-28.50000
103.262,-28.50000
103.313,-28.50000
103.364,-28.75000
103.415,-28.75000
103.465,-28.75000
103.516,-29.00000
103.567,-28.62500
103.617,-28.62500
103.668,-28.62500
103.719,-28.75000
103.770,-28.75000
103.820,-28.87500
103.871,-28.87500
103.922,-29.12500
103.973,-29.12500
104.023,-29.00000
104.074,-29.00000
104.125,-29.00000
104.175,-28.87500
104.226,-29.25000
104.277,-29.25000
104.328,-29.12500
104.378,-29.25000
104.429,-29.25000
104.480,-29.12500
104.530,-29.12500
104.581,-29.12500
104.632,-29.12500
104.683,-29.37500
104.733,-29.37500
104.784,-29.50000
104.835,-29.50000
104.886,-29.25000
104.936,-29.37500
104.987,-29.37500
105.038,-29.37500
105.089,-29.25000
105.139,-29.62500
105.190,-29.62500
105.241,-29.62500
105.291,-29.75000
105.343,-29.62500
105.393,-29.75000
105.444,-29.75000
105.496,-29.62500
105.546,-29.75000
105.597,-29.87500
105.648,-29.87500
105.698,-30.00000
105.749,-29.87500
105.800,-29.87500
105.851,-29.87500
105.902,-29.87500
105.952,-29.87500
106.003,-30.25000
106.054,-30.12500
106.105,-30.25000
106.155,-30.12500
106.206,-30.00000
106.257,-30.12500
106.308,-30.25000
106.359,-30.12500
106.409,-30.25000
106.460,-30.37500
106.511,-30.37500
106.562,-30.37500
106.612,-30.50000
106.663,-30.12500
106.714,-30.37500
106.764,-30.37500
106.815,-30.37500
106.866,-30.50000
106.917,-30.62500
106.968,-30.62500
107.019,-30.75000
107.069,-30.62500
107.120,-30.50000
107.171,-30.62500
107.221,-30.75000
107.272,-30.75000
107.323,-30.87500
107.374,-30.87500
107.424,-31.12500
107.475,-31.00000
107.526,-30.75000
107.577,-30.87500
107.627,-30.87500
107.678,-30.87500
107.729,-31.12500
107.779,-31.12500
107.830,-31.25000
107.881,-31.12500
107.932,-31.12500
107.982,-31.00000
108.033,-31.00000
108.084,-31.12500
108.135,-31.12500
108.185,-31.37500
108.236,-31.37500
108.287,-31.50000
108.337,-31.50000
108.388,-31.12500
108.439,-31.25000
108.490,-31.37500
108.540,-31.25000
108.591,-31.25000
108.642,-31.62500
108.693,-31.62500
108.743,-31.62500
108.794,-31.75000
108.845,-31.62500
108.896,-31.50000
108.947,-31.62500
108.997,-31.62500
109.048,-31.87500
109.099,-31.75000
109.150,-31.87500
109.200,-31.87500
109.251,-31.87500
109.302,-31.87500
109.353,-31.87500
109.403,-31.75000
109.454,-31.75000
109.505,-32.12500
109.555,-32.12500
109.606,-32.12500
109.657,-32.25000
109.708,-32.00000
109.758,-32.12500
109.809,-32.12500
109.860,-32.12500
109.910,-32.12500
109.961,-32.25000
110.012,-32.37500
110.063,-32.50000
110.113,-32.37500
110.164,-32.25000
110.215,-32.25000
110.266,-32.25000
110.316,-32.25000
110.367,-32.37500
110.418,-32.50000
110.469,-32.50000
110.519,-32.50000
110.570,-32.62500
110.621,-32.50000
110.671,-32.50000
110.722,-32.50000
110.773,-32.50000
110.824,-32.62500
110.874,-32.62500
110.925,-32.75000
110.976,-32.75000
111.027,-32.62500
111.077,-32.75000
111.128,-32.87500
111.179,-32.62500
111.229,-32.75000
111.280,-32.87500
111.331,-33.00000
111.382,-33.00000
111.432,-33.12500
111.483,-32.87500
111.534,-33.00000
111.584,-33.12500
111.635,-33.00000
111.686,-33.12500
111.737,-33.37500
111.787,-33.25000
111.838,-33.25000
111.889,-33.37500
111.939,-33.00000
111.991,-33.12500
112.041,-33.12500
112.092,-33.12500
112.143,-33.25000
112.193,-33.37500
112.244,-33.37500
112.295,-33.50000
112.346,-33.50000
112.396,-33.50000
112.447,-33.50000
112.498,-33.50000
112.548,-33.50000
112.599,-33.62500
112.650,-33.62500
112.701,-33.75000
112.751,-33.87500
112.802,-33.62500
112.853,-33.75000
112.903,-33.62500
112.954,-33.75000
113.005,-33.62500
113.056,-33.87500
113.106,-33.87500
113.157,-34.00000
113.208,-34.12500
113.258,-33.75000
113.309,-33.75000
113.360,-34.00000
113.411,-34.00000
113.461,-34.12500
113.512,-34.12500
113.563,-34.12500
113.614,-34.12500
113.664,-34.25000
113.715,-34.12500
113.766,-34.12500
113.816,-34.12500
113.867,-34.00000
113.918,-34.37500
113.969,-34.25000
114.020,-34.50000
114.070,-34.50000
114.121,-34.25000
114.172,-34.37500
114.223,-34.37500
114.273,-34.25000
114.324,-34.37500
114.375,-34.37500
114.426,-34.50000
114.476,-34.62500
114.527,-34.62500
114.578,-34.50000
114.629,-34.50000
114.681,-34.50000
114.731,-34.50000
114.782,-34.75000
114.833,-34.87500
114.884,-35.00000
114.934,-34.87500
114.985,-35.00000
115.036,-34.75000
115.086,-34.87500
115.137,-34.75000
115.188,-34.75000
115.238,-35.12500
115.289,-35.00000
115.340,-35.12500
115.390,-35.00000
115.441,-35.00000
115.492,-34.87500
115.542,-35.00000
115.593,-35.00000
115.644,-35.00000
115.694,-35.12500
115.745,-35.25000
115.796,-35.37500
115.846,-35.37500
115.899,-35.12500
115.950,-35.37500
116.001,-35.25000
116.052,-35.25000
116.103,-35.62500
116.153,-35.50000
116.204,-35.62500
116.255,-35.75000
116.306,-35.50000
116.356,-35.50000
116.407,-35.50000
116.458,-35.37500
116.508,-35.62500
116.559,-35.75000
116.610,-35.75000
116.660,-35.75000
116.711,-35.87500
116.762,-35.75000
116.813,-35.75000
116.863,-35.75000
116.914,-35.75000
116.965,-36.00000
117.015,-36.12500
117.066,-36.00000
117.117,-36.12500
117.167,-36.12500
117.218,-36.00000
117.269,-36.12500
117.320,-36.00000
117.370,-36.00000
117.421,-36.12500
117.472,-36.12500
117.522,-36.25000
117.573,-36.25000
117.624,-36.12500
117.674,-36.12500
117.725,-36.25000
117.776,-36.12500
117.826,-36.12500
117.877,-36.37500
117.928,-36.37500
117.979,-36.62500
118.029,-36.62500
118.080,-36.37500
118.131,-36.37500
118.181,-36.50000
118.232,-36.50000
118.283,-36.37500
118.333,-36.75000
118.384,-36.75000
118.435,-36.75000
118.486,-36.87500
118.536,-36.62500
118.587,-36.62500
118.638,-36.62500
118.688,-36.75000
118.739,-37.00000
118.790,-37.00000
118.840,-37.12500
118.891,-37.00000
118.942,-37.12500
118.993,-36.87500
119.043,-36.87500
119.094,-37.00000
119.145,-36.87500
119.195,-37.12500
119.246,-37.12500
119.297,-37.25000
119.347,-37.25000
119.398,-37.12500
119.449,-37.00000
119.499,-37.12500
119.550,-37.12500
119.601,-37.12500
119.652,-37.37500
119.702,-37.25000
119.753,-37.50000
119.804,-37.37500
119.854,-37.25000
119.905,-37.25000
119.956,-37.37500
120.007,-37.25000
120.058,-37.50000
120.108,-37.50000
120.159,-37.50000
120.210,-37.62500
120.260,-37.62500
120.312,-37.50000
120.363,-37.50000
120.413,-37.50000
120.464,-37.50000
120.515,-37.75000
120.565,-37.75000
120.616,-37.75000
120.667,-37.87500
120.718,-37.62500
120.768,-37.62500
120.819,-37.75000
120.870,-37.62500
120.921,-37.75000
120.972,-38.00000
121.023,-38.12500
121.074,-38.12500
121.125,-38.00000
121.175,-38.00000
121.226,-38.00000
121.277,-38.00000
121.328,-38.00000
121.378,-38.25000
121.429,-38.12500
121.480,-38.37500
121.531,-38.25000
121.581,-38.12500
121.632,-38.25000
121.683,-38.25000
121.734,-38.12500
121.784,-38.37500
121.835,-38.50000
121.886,-38.50000
121.937,-38.62500
121.987,-38.50000
122.038,-38.37500
122.089,-38.50000
122.140,-38.50000
122.190,-38.50000
122.241,-38.62500
122.292,-38.62500
122.342,-38.62500
122.393,-38.75000
122.444,-38.75000
122.495,-38.50000
122.545,-38.87500
122.596,-38.62500
122.647,-38.62500
122.698,-38.87500
122.748,-39.00000
122.799,-39.12500
122.850,-39.12500
122.900,-39.12500
122.951,-39.00000
123.002,-39.00000
123.053,-39.00000
123.103,-39.00000
123.154,-39.12500
123.205,-39.25000
123.255,-39.25000
123.306,-39.37500
123.357,-39.12500
123.407,-39.12500
123.458,-39.12500
123.509,-39.12500
123.559,-39.12500
123.610,-39.25000
123.661,-39.37500
123.711,-39.37500
123.762,-39.37500
123.813,-39.37500
123.864,-39.50000
123.914,-39.37500
123.965,-39.50000
124.016,-39.50000
124.066,-39.62500
124.117,-39.50000
124.168,-39.75000
124.219,-39.75000
124.269,-39.62500
124.320,-39.75000
124.371,-39.75000
124.421,-39.62500
124.472,-39.87500
124.523,-39.87500
124.573,-40.00000
124.624,-40.00000
124.675,-40.00000
124.725,-39.87500
124.776,-40.00000
124.827,-39.87500
124.878,-39.75000
124.929,-40.00000
124.979,-40.00000
125.030,-40.12500
125.081,-40.25000
125.131,-40.12500
125.182,-40.12500
125.233,-40.00000
125.284,-39.87500
125.334,-40.00000
125.385,-40.25000
125.436,-40.37500
125.487,-40.50000
125.537,-40.37500
125.588,-40.37500
125.639,-40.50000
125.690,-40.37500
125.740,-40.37500
125.791,-40.50000
125.842,-40.50000
125.893,-40.75000
125.944,-40.75000
125.994,-40.62500
126.045,-40.75000
126.096,-40.87500
126.146,-40.50000
126.197,-40.50000
126.248,-40.75000
126.299,-40.75000
126.349,-40.87500
126.400,-40.87500
126.451,-40.87500
126.502,-40.87500
126.552,-40.75000
126.603,-40.75000
126.654,-40.75000
126.705,-41.00000
126.755,-40.87500
126.806,-41.25000
126.857,-41.12500
126.907,-41.12500
126.958,-41.12500
127.009,-41.00000
127.060,-41.00000
127.111,-41.12500
127.161,-41.25000
127.212,-41.25000
127.263,-41.25000
127.313,-41.25000
127.364,-41.37500
127.415,-41.50000
127.466,-41.25000
127.516,-41.37500
127.567,-41.37500
127.618,-41.37500
127.669,-41.62500
127.719,-41.50000
127.770,-41.50000
127.821,-41.50000
127.872,-41.25000
127.922,-41.37500
127.973,-41.50000
128.024,-41.62500
128.074,-41.62500
128.125,-41.75000
128.176,-41.87500
128.227,-41.87500
128.277,-41.75000
128.328,-41.62500
128.379,-41.62500
128.431,-42.00000
128.484,-41.87500
128.535,-42.12500
128.586,-42.00000
128.637,-42.12500
128.688,-42.00000
128.738,-41.87500
128.789,-42.00000
128.840,-42.00000
128.891,-42.25000
128.947,-42.12500
128.998,-42.12500
129.049,-42.12500
129.101,-42.12500
129.151,-42.25000
129.203,-42.37500
129.254,-42.25000
129.304,-42.37500
129.355,-42.50000
129.406,-42.37500
129.457,-42.50000
129.509,-42.25000
129.559,-42.25000
129.610,-42.37500
129.661,-42.50000
129.712,-42.62500
129.762,-42.62500
129.813,-42.50000
129.864,-42.62500
129.914,-42.50000
129.965,-42.37500
130.016,-42.62500
130.067,-42.62500
130.117,-42.62500
130.168,-42.75000
130.219,-42.87500
130.270,-42.75000
130.320,-42.75000
130.371,-42.50000
130.422,-42.75000
130.472,-42.75000
130.523,-42.87500
130.574,-43.00000
130.625,-43.12500
130.675,-42.87500
130.726,-43.00000
130.777,-43.12500
130.827,-43.00000
130.878,-43.00000
130.929,-43.12500
130.979,-43.25000
131.030,-43.25000
131.081,-43.25000
131.132,-43.12500
131.183,-43.25000
131.235,-43.00000
131.286,-43.25000
131.337,-43.37500
131.387,-43.37500
131.438,-43.50000
131.489,-43.62500
131.539,-43.37500
131.590,-43.37500
131.641,-43.50000
131.691,-43.37500
131.742,-43.37500
131.793,-43.62500
131.843,-43.62500
131.894,-43.62500
131.945,-43.75000
131.995,-43.50000
132.046,-43.75000
132.097,-43.62500
132.148,-43.62500
132.198,-43.62500
132.249,-43.75000
132.300,-43.87500
132.350,-43.87500
132.401,-44.00000
132.452,-43.75000
132.502,-43.87500
132.553,-44.00000
132.604,-43.87500
132.654,-43.87500
132.705,-44.12500
132.756,-44.12500
132.807,-44.12500
132.857,-44.25000
132.908,-44.12500
132.959,-44.00000
133.009,-44.12500
133.060,-44.00000
133.111,-44.37500
133.161,-44.25000
133.212,-44.50000
133.263,-44.50000
133.314,-44.37500
133.364,-44.37500
133.415,-44.37500
133.466,-44.37500
133.516,-44.37500
133.567,-44.62500
133.618,-44.62500
133.669,-44.75000
133.719,-44.75000
133.770,-44.50000
133.821,-44.50000
133.872,-44.50000
133.922,-44.62500
133.973,-44.62500
134.024,-44.75000
134.075,-44.62500
134.125,-44.75000
134.176,-44.87500
134.227,-44.75000
134.278,-44.62500
134.328,-44.62500
134.379,-44.75000
134.430,-45.00000
134.481,-45.00000
134.531,-45.00000
134.582,-45.00000
134.633,-45.12500
134.684,-44.75000
134.734,-45.00000
134.785,-44.87500
134.836,-45.00000
134.887,-45.12500
134.937,-45.12500
134.988,-45.25000
135.039,-45.25000
135.091,-45.12500
135.142,-45.25000
135.193,-45.12500
135.243,-45.25000
135.294,-45.50000
135.345,-45.37500
135.395,-45.50000
135.446,-45.50000
135.497,-45.62500
135.548,-45.25000
135.598,-45.50000
135.649,-45.37500
135.700,-45.37500
135.750,-45.62500
135.801,-45.62500
135.852,-45.87500
135.902,-45.75000
135.953,-45.50000
136.004,-45.50000
136.055,-45.50000
136.105,-45.50000
136.156,-45.62500
136.207,-45.75000
136.258,-45.75000
136.309,-45.87500
136.359,-46.00000
136.410,-45.75000
136.461,-45.87500
136.512,-45.87500
136.562,-45.87500
136.613,-45.87500
136.664,-45.87500
136.714,-46.00000
136.765,-46.12500
136.816,-46.12500
136.866,-45.87500
136.917,-46.12500
136.968,-46.00000
137.019,-45.87500
137.070,-46.12500
137.121,-46.25000
137.171,-46.25000
137.222,-46.25000
137.273,-46.12500
137.324,-46.25000
137.374,-46.25000
137.425,-46.25000
137.476,-46.12500
137.526,-46.37500
137.577,-46.50000
137.630,-46.50000
137.681,-46.37500
137.732,-46.37500
137.782,-46.50000
137.833,-46.62500
137.884,-46.62500
137.935,-46.75000
137.986,-46.75000
138.036,-46.75000
138.087,-46.87500
138.138,-46.62500
138.189,-46.62500
138.239,-46.75000
138.290,-46.75000
138.341,-46.87500
138.392,-46.87500
138.442,-46.87500
138.493,-47.00000
138.544,-46.75000
138.595,-46.75000
138.646,-46.87500
138.696,-47.00000
138.747,-46.87500
138.798,-47.00000
138.849,-47.25000
138.899,-47.25000
138.951,-47.25000
139.002,-47.12500
139.052,-47.12500
139.103,-46.87500
139.154,-47.12500
139.205,-47.25000
139.256,-47.37500
139.307,-47.37500
139.358,-47.37500
139.409,-47.12500
139.459,-47.25000
139.510,-47.37500
139.561,-47.25000
139.611,-47.37500
139.662,-47.50000
139.713,-47.50000
139.764,-47.62500
139.814,-47.50000
139.865,-47.25000
139.916,-47.25000
139.966,-47.50000
140.017,-47.50000
140.068,-47.62500
140.119,-47.75000
140.169,-47.62500
140.220,-47.75000
140.271,-47.75000
140.322,-47.50000
140.372,-47.62500
140.423,-47.75000
140.474,-47.75000
140.524,-47.87500
140.575,-47.87500
140.626,-48.00000
140.676,-47.87500
140.727,-47.62500
140.778,-47.75000
140.829,-47.75000
140.879,-47.87500
140.930,-48.00000
140.981,-48.00000
141.031,-48.12500
141.082,-48.12500
141.133,-48.12500
141.183,-48.00000
141.234,-48.00000
141.285,-48.12500
141.336,-48.25000
141.386,-48.12500
141.437,-48.25000
141.488,-48.37500
141.538,-48.25000
141.589,-48.37500
141.639,-48.12500
141.690,-48.12500
141.741,-48.37500
141.792,-48.37500
141.842,-48.50000
141.893,-48.50000
141.944,-48.50000
141.995,-48.50000
142.045,-48.62500
142.096,-48.37500
142.147,-48.37500
142.197,-48.62500
142.248,-48.62500
142.299,-48.75000
142.350,-48.75000
142.400,-48.75000
142.451,-48.75000
142.502,-48.62500
142.553,-48.50000
142.603,-48.75000
142.654,-48.75000
142.705,-48.62500
142.755,-48.87500
142.806,-49.00000
142.857,-48.87500
142.908,-49.00000
142.958,-48.75000
143.009,-48.75000
143.060,-49.00000
143.111,-48.87500
143.161,-49.00000
143.212,-49.12500
143.263,-49.12500
143.314,-49.25000
143.364,-49.25000
143.415,-49.00000
143.466,-49.00000
143.516,-49.12500
143.567,-49.12500
143.618,-49.37500
143.668,-49.37500
143.719,-49.25000
143.771,-49.25000
143.822,-49.25000
143.872,-49.25000
143.924,-49.37500
143.975,-49.37500
144.025,-49.62500
144.076,-49.62500
144.127,-49.62500
144.178,-49.62500
144.228,-49.62500
144.279,-49.37500
144.330,-49.37500
144.381,-49.50000
144.431,-49.50000
144.482,-49.75000
144.533,-49.75000
144.584,-49.62500
144.634,-49.75000
144.685,-49.75000
144.736,-49.62500
144.787,-49.75000
144.837,-49.87500
144.888,-50.00000
144.939,-50.12500
144.990,-50.00000
145.040,-50.00000
145.091,-50.00000
145.142,-49.75000
145.193,-49.87500
145.243,-50.00000
145.294,-50.00000
145.345,-50.25000
145.395,-50.25000
145.446,-50.25000
145.497,-50.12500
145.548,-50.25000
145.598,-50.00000
145.649,-50.00000
145.700,-50.12500
145.751,-50.25000
145.801,-50.25000
145.852,-50.37500
145.903,-50.25000
145.954,-50.37500
146.006,-50.12500
146.057,-50.12500
146.108,-50.50000
146.159,-50.37500
146.210,-50.62500
146.260,-50.62500
146.311,-50.37500
146.362,-50.50000
146.412,-50.50000
146.463,-50.50000
146.514,-50.37500
146.565,-50.62500
146.615,-50.75000
146.666,-50.75000
146.717,-50.75000
146.767,-50.62500
146.818,-50.75000
146.868,-50.62500
146.919,-50.62500
146.970,-50.62500
147.020,-50.75000
147.071,-50.75000
147.122,-51.00000
147.172,-51.00000
147.223,-50.87500
147.274,-50.75000
147.324,-50.87500
147.375,-50.75000
147.426,-50.87500
147.476,-51.12500
147.527,-51.12500
147.578,-51.25000
147.629,-51.25000
147.679,-51.12500
147.730,-51.12500
147.781,-51.00000
147.831,-51.00000
147.882,-51.25000
147.933,-51.25000
147.983,-51.37500
148.034,-51.37500
148.085,-51.37500
148.135,-51.25000
148.186,-51.25000
148.237,-51.00000
148.287,-51.00000
148.338,-51.50000
148.389,-51.50000
148.439,-51.62500
148.490,-51.62500
148.541,-51.62500
148.592,-51.62500
148.642,-51.62500
148.693,-51.37500
148.744,-51.50000
148.794,-51.62500
148.845,-51.62500
148.896,-51.75000
148.946,-51.87500
148.997,-51.75000
149.048,-51.75000
149.098,-51.75000
149.149,-51.62500
149.200,-51.62500
149.250,-51.87500
149.301,-51.87500
149.352,-51.87500
149.402,-51.87500
149.453,-51.75000
149.504,-51.87500
149.554,-51.75000
149.605,-51.75000
149.656,-51.62500
149.706,-51.87500
149.757,-51.87500
149.808,-52.00000
149.858,-52.12500
149.909,-51.87500
149.960,-52.12500
150.010,-51.87500
150.061,-52.00000
150.112,-52.37500
150.162,-52.25000
150.213,-52.12500
150.264,-52.37500
150.314,-52.37500
150.365,-52.25000
150.416,-52.37500
150.466,-52.25000
150.517,-52.12500
150.568,-52.50000
150.619,-52.37500
150.669,-52.50000
150.720,-52.50000
150.771,-52.50000
150.821,-52.50000
150.872,-52.37500
150.923,-52.37500
150.973,-52.37500
151.024,-52.50000
151.075,-52.62500
151.125,-52.87500
151.176,-52.75000
151.227,-52.87500
151.277,-52.62500
151.328,-52.75000
151.379,-52.50000
151.429,-52.62500
151.480,-52.87500
151.531,-52.75000
151.581,-52.87500
151.632,-52.87500
151.683,-52.87500
151.733,-52.87500
151.784,-52.87500
151.835,-52.87500
151.885,-52.87500
151.936,-53.00000
151.987,-53.00000
152.037,-53.12500
152.088,-53.12500
152.139,-53.00000
152.189,-53.00000
152.240,-52.87500
152.290,-52.87500
152.341,-52.87500
152.392,-53.12500
152.442,-53.12500
152.493,-53.37500
152.544,-53.25000
152.594,-53.25000
152.645,-53.25000
152.696,-53.25000
152.746,-53.12500
152.797,-53.12500
152.848,-53.37500
152.898,-53.37500
152.949,-53.50000
153.000,-53.62500
153.050,-53.50000
153.101,-53.50000
153.152,-53.37500
153.202,-53.37500
153.253,-53.62500
153.304,-53.75000
153.354,-53.62500
153.405,-53.75000
153.456,-53.75000
153.506,-53.62500
153.557,-53.75000
153.608,-53.62500
153.658,-53.62500
153.709,-53.75000
153.759,-53.75000
153.810,-53.87500
153.861,-53.87500
153.911,-53.87500
153.962,-53.87500
154.013,-54.00000
154.064,-53.75000
154.114,-53.75000
154.165,-54.00000
154.216,-54.00000
154.266,-54.12500
154.317,-54.25000
154.368,-53.87500
154.419,-54.00000
154.469,-54.12500
154.520,-54.12500
154.571,-54.00000
154.621,-54.25000
154.672,-54.25000
154.722,-54.37500
154.773,-54.37500
154.824,-54.12500
154.874,-54.37500
154.925,-54.25000
154.976,-54.25000
155.026,-54.25000
155.077,-54.37500
155.128,-54.37500
155.178,-54.50000
155.229,-54.37500
155.280,-54.37500
155.330,-54.37500
155.381,-54.37500
155.432,-54.37500
155.482,-54.25000
155.533,-54.62500
155.583,-54.62500
155.634,-54.62500
155.685,-54.62500
155.735,-54.50000
155.786,-54.62500
155.837,-54.50000
155.887,-54.62500
155.938,-54.62500
155.989,-54.75000
156.039,-54.75000
156.090,-54.87500
156.141,-54.87500
156.191,-54.75000
156.242,-54.87500
156.292,-54.87500
156.343,-54.75000
156.394,-54.75000
156.444,-55.12500
156.495,-55.12500
156.546,-55.25000
156.596,-55.37500
156.647,-55.00000
156.698,-55.12500
156.748,-55.12500
156.799,-55.12500
156.850,-55.25000
156.900,-55.25000
156.951,-55.25000
157.001,-55.50000
157.052,-55.25000
157.103,-55.37500
157.153,-55.25000
157.204,-55.25000
157.255,-55.37500
157.305,-55.50000
157.356,-55.50000
157.407,-55.50000
157.457,-55.75000
157.508,-55.62500
157.559,-55.50000
157.609,-55.75000
157.660,-55.37500
157.711,-55.37500
157.761,-55.62500
157.812,-55.62500
157.863,-55.75000
157.913,-55.75000
157.964,-55.75000
158.014,-55.62500
158.065,-55.75000
158.116,-55.62500
158.166,-55.62500
158.217,-55.87500
158.268,-55.87500
158.318,-56.00000
158.369,-56.12500
158.420,-56.12500
158.470,-55.87500
158.521,-56.00000
158.572,-55.75000
158.622,-55.87500
158.673,-56.00000
158.724,-56.12500
158.774,-56.12500
158.825,-56.12500
158.876,-56.12500
158.926,-55.87500
158.977,-56.00000
159.027,-56.00000
159.078,-56.00000
159.129,-56.25000
159.179,-56.12500
159.230,-56.25000
159.281,-56.25000
159.331,-56.00000
159.382,-56.25000
159.433,-56.12500
159.483,-56.25000
159.534,-56.37500
159.585,-56.75000
159.635,-56.62500
159.686,-56.62500
159.737,-56.62500
159.787,-56.50000
159.838,-56.50000
159.888,-56.50000
159.939,-56.50000
159.990,-56.37500
160.040,-56.75000
160.091,-56.62500
160.142,-56.87500
160.192,-56.75000
160.243,-56.62500
160.294,-56.62500
160.344,-56.62500
160.395,-56.62500
160.446,-56.62500
160.496,-56.87500
160.547,-56.87500
160.598,-56.87500
160.648,-57.00000
160.699,-56.75000
160.749,-56.75000
160.800,-56.75000
160.851,-56.75000
160.901,-56.87500
160.952,-57.12500
161.003,-57.12500
161.053,-57.00000
161.104,-57.12500
161.155,-56.87500
161.205,-57.00000
161.256,-56.87500
161.307,-56.87500
161.357,-57.25000
161.408,-57.12500
161.459,-57.25000
161.509,-57.37500
161.560,-57.25000
161.611,-57.12500
161.661,-57.25000
161.712,-57.25000
161.763,-57.37500
161.813,-57.62500
161.864,-57.62500
161.914,-57.50000
161.965,-57.75000
162.016,-57.62500
162.066,-57.50000
162.117,-57.37500
162.168,-57.62500
162.218,-57.62500
162.269,-57.87500
162.320,-57.75000
162.370,-57.75000
162.421,-57.75000
162.472,-57.87500
162.522,-57.62500
162.573,-57.62500
162.623,-57.62500
162.674,-57.62500
162.725,-57.87500
162.775,-57.87500
162.826,-58.00000
162.877,-58.00000
162.927,-58.00000
162.978,-57.75000
163.029,-57.87500
163.079,-58.00000
163.130,-57.87500
163.180,-58.00000
163.231,-58.00000
163.282,-58.12500
163.332,-58.12500
163.383,-58.12500
163.434,-57.87500
163.484,-58.00000
163.535,-58.00000
163.586,-58.12500
163.636,-58.25000
163.687,-58.25000
163.738,-58.25000
163.788,-58.50000
163.839,-58.12500
163.890,-58.25000
163.940,-58.25000
163.991,-58.25000
164.042,-58.25000
164.092,-58.50000
164.143,-58.50000
164.194,-58.50000
164.245,-58.50000
164.295,-58.37500
164.346,-58.50000
164.397,-58.62500
164.447,-58.50000
164.498,-58.62500
164.549,-58.75000
164.600,-58.62500
164.651,-58.75000
164.701,-58.75000
164.752,-58.50000
164.803,-58.50000
164.854,-58.75000
164.904,-58.62500
164.955,-58.87500
165.006,-58.87500
165.056,-58.87500
165.112,-58.87500
165.163,-58.75000
165.213,-58.75000
165.264,-58.87500
165.315,-58.87500
165.366,-59.00000
165.417,-59.12500
165.467,-59.00000
165.518,-59.00000
165.569,-58.75000
165.619,-58.87500
165.670,-59.12500
165.721,-59.00000
165.771,-59.12500
165.822,-59.12500
165.873,-59.12500
165.926,-59.12500
165.978,-59.12500
166.032,-59.37500
166.083,-59.25000
166.134,-59.37500
166.185,-58.75000
166.236,-58.87500
166.287,-59.25000
166.337,-59.37500
166.388,-59.37500
166.439,-59.50000
166.489,-59.25000
166.540,-59.12500
166.591,-59.62500
166.642,-59.62500
166.692,-59.62500
166.743,-59.62500
166.794,-59.75000
166.844,-59.50000
166.895,-59.37500
166.946,-59.37500
166.996,-59.75000
167.047,-59.75000
167.098,-59.75000
167.148,-59.75000
167.199,-59.75000
167.250,-59.62500
167.300,-59.62500
167.351,-59.87500
167.402,-59.87500
167.452,-60.00000
167.503,-60.00000
167.554,-59.75000
167.604,-59.87500
167.655,-60.00000
167.706,-59.87500
167.757,-60.00000
167.807,-59.87500
167.858,-59.87500
167.909,-60.00000
167.959,-60.00000
168.010,-60.00000
168.061,-60.00000
168.111,-59.87500
168.162,-59.87500
168.213,-60.12500
168.264,-60.12500
168.314,-60.12500
168.365,-60.12500
168.416,-60.25000
168.466,-60.00000
168.517,-60.12500
168.568,-60.12500
168.619,-60.25000
168.669,-60.25000
168.720,-60.37500
168.771,-60.37500
168.821,-60.37500
168.872,-60.37500
168.923,-60.12500
168.973,-60.37500
169.024,-60.25000
169.075,-60.37500
169.125,-60.50000
169.176,-60.50000
169.227,-60.62500
169.277,-60.62500
169.328,-60.50000
169.379,-60.62500
169.430,-60.62500
169.480,-60.50000
169.531,-60.37500
169.582,-60.50000
169.632,-60.50000
169.683,-60.75000
169.734,-60.75000
169.784,-60.75000
169.835,-60.75000
169.886,-60.62500
169.936,-60.75000
169.987,-60.62500
170.038,-60.87500
170.089,-60.87500
170.139,-61.00000
170.190,-61.00000
170.241,-60.87500
170.291,-61.00000
170.342,-60.87500
170.393,-60.75000
170.443,-60.87500
170.494,-61.00000
170.545,-61.00000
170.596,-61.25000
170.647,-61.12500
170.697,-61.12500
170.748,-61.12500
170.799,-61.00000
170.849,-61.00000
170.900,-61.12500
170.951,-61.00000
171.001,-61.37500
171.052,-61.25000
171.103,-61.25000
171.154,-61.25000
171.205,-61.25000
171.256,-61.25000
171.306,-61.25000
171.357,-61.37500
171.408,-61.37500
171.459,-61.50000
171.509,-61.50000
171.560,-61.50000
171.611,-61.62500
171.662,-61.37500
171.713,-61.37500
171.763,-61.75000
171.814,-61.62500
171.865,-61.75000
171.916,-61.75000
171.966,-61.75000
172.017,-61.75000
172.068,-61.75000
172.118,-61.62500
172.169,-61.62500
172.220,-61.75000
172.270,-61.75000
172.321,-61.87500
172.372,-62.00000
172.423,-62.00000
172.473,-61.87500
172.524,-61.87500
172.575,-61.62500
172.625,-61.62500
172.676,-62.00000
172.727,-61.87500
172.778,-62.00000
172.828,-62.00000
172.879,-62.00000
172.930,-61.87500
172.981,-61.87500
173.032,-61.87500
173.083,-62.12500
173.133,-62.12500
173.184,-62.25000
173.235,-62.25000
173.286,-62.12500
173.336,-62.25000
173.387,-62.25000
173.438,-62.00000
173.489,-62.00000
173.539,-62.25000
173.590,-62.25000
173.641,-62.25000
173.691,-62.25000
173.742,-62.25000
173.793,-62.25000
173.844,-62.37500
173.894,-62.37500
173.945,-62.12500
173.996,-62.37500
174.046,-62.37500
174.097,-62.62500
174.148,-62.75000
174.199,-62.50000
174.249,-62.50000
174.300,-62.37500
174.351,-62.37500
174.402,-62.75000
174.453,-62.62500
174.503,-62.75000
174.554,-62.75000
174.605,-62.62500
174.656,-62.75000
174.706,-62.75000
174.757,-62.62500
174.808,-62.62500
174.858,-62.75000
174.909,-62.75000
174.960,-62.87500
175.010,-63.00000
175.061,-62.75000
175.112,-63.00000
175.163,-63.00000
175.213,-62.75000
175.264,-62.75000
175.315,-63.00000
175.365,-62.75000
175.416,-62.87500
175.467,-63.12500
175.518,-63.00000
175.568,-63.00000
175.619,-62.87500
175.673,-63.00000
175.723,-63.12500
175.774,-63.12500
175.825,-63.25000
175.876,-63.37500
175.927,-63.25000
175.977,-63.12500
176.028,-63.12500
176.079,-63.25000
176.129,-63.37500
176.180,-63.37500
176.231,-63.37500
176.282,-63.50000
176.332,-63.62500
176.383,-63.50000
176.434,-63.50000
176.484,-63.37500
176.535,-63.25000
176.586,-63.37500
176.637,-63.37500
176.687,-63.62500
176.738,-63.62500
176.789,-63.37500
176.839,-63.50000
176.890,-63.62500
176.941,-63.50000
176.992,-63.50000
177.042,-63.75000
177.093,-63.62500
177.144,-63.75000
177.195,-63.62500
177.248,-63.75000
177.299,-63.50000
177.351,-63.62500
177.401,-63.75000
177.452,-63.75000
177.503,-63.75000
177.553,-64.00000
177.604,-64.00000
177.655,-63.87500
177.706,-63.87500
177.756,-63.75000
177.807,-63.75000
177.858,-63.87500
177.908,-63.87500
177.959,-64.12500
178.011,-64.00000
178.061,-64.00000
178.112,-64.00000
178.163,-64.12500
178.213,-63.75000
178.265,-64.00000
178.315,-64.12500
178.366,-64.00000
178.417,-64.25000
178.467,-64.25000
178.518,-64.25000
178.569,-64.12500
178.620,-64.12500
178.670,-64.00000
178.721,-64.12500
178.772,-64.25000
178.823,-64.37500
178.874,-64.37500
178.925,-64.37500
178.975,-64.37500
179.026,-64.37500
179.077,-64.12500
179.128,-64.12500
179.178,-64.37500
179.230,-64.37500
179.281,-64.50000
179.332,-64.50000
179.383,-64.50000
179.433,-64.50000
179.484,-64.37500
179.535,-64.50000
179.585,-64.50000
179.636,-64.50000
179.687,-64.75000
179.737,-64.62500
179.788,-64.75000
179.839,-64.62500
179.889,-64.75000
179.940,-64.50000
179.991,-64.50000
