time(s),mvs
0.000,-77.12500
0.051,-77.12500
0.101,-77.25000
0.152,-77.50000
0.203,-77.50000
0.253,-77.37500
0.304,-77.37500
0.354,-77.50000
0.405,-77.50000
0.456,-77.50000
0.506,-77.50000
0.557,-77.62500
0.608,-77.37500
0.658,-77.37500
0.709,-77.37500
0.759,-77.37500
0.810,-77.50000
0.861,-77.37500
0.911,-77.50000
0.962,-77.50000
1.012,-77.37500
1.063,-77.37500
1.114,-77.37500
1.164,-77.50000
1.215,-77.37500
1.266,-77.50000
1.316,-77.25000
1.367,-77.25000
1.417,-77.37500
1.468,-77.50000
1.519,-77.50000
1.569,-77.50000
1.620,-77.50000
1.671,-77.50000
1.721,-77.62500
1.772,-77.37500
1.823,-77.62500
1.873,-77.50000
1.924,-77.50000
1.975,-77.50000
2.025,-77.50000
2.076,-77.62500
2.127,-77.37500
2.177,-77.50000
2.228,-76.87500
2.279,-76.75000
2.329,-76.00000
2.380,-75.62500
2.431,-75.12500
2.481,-73.25000
2.532,-71.75000
2.583,-68.75000
2.633,-65.62500
2.684,-60.00000
2.735,-54.37500
2.785,-46.12500
2.836,-37.75000
2.887,-28.50000
2.937,-21.37500
2.988,-14.75000
3.039,-6.75000
3.089,-0.12500
3.237,20.75000
3.288,28.37500
3.339,34.37500
3.389,41.37500
3.440,47.00000
3.491,51.37500
3.541,56.00000
3.592,59.12500
3.643,63.00000
3.693,66.62500
3.744,71.12500
3.795,75.12500
3.845,80.00000
3.896,83.62500
3.947,86.50000
3.997,89.00000
4.048,91.62500
4.099,95.00000
4.149,97.87500
4.200,101.00000
4.251,103.62500
4.301,106.25000
4.352,108.75000
4.403,111.25000
4.453,113.37500
4.504,115.25000
4.555,116.87500
4.605,118.25000
4.656,119.75000
4.707,121.00000
4.758,122.12500
4.808,123.37500
4.859,124.62500
4.910,126.00000
4.960,127.12500
5.011,128.25000
5.062,128.87500
5.112,129.62500
5.163,130.12500
5.214,130.75000
5.265,131.62500
5.315,133.00000
5.366,134.50000
5.417,136.25000
5.467,137.62500
5.518,138.87500
5.569,140.12500
5.619,141.25000
5.670,142.25000
5.721,143.25000
5.772,144.12500
5.822,145.25000
5.873,146.37500
5.924,147.50000
5.974,148.75000
6.025,149.75000
6.076,150.87500
6.126,152.00000
6.177,153.00000
6.228,153.75000
6.279,154.50000
6.329,155.37500
6.380,156.00000
6.431,156.50000
6.481,156.87500
6.532,157.25000
6.583,157.75000
6.633,158.25000
6.684,158.50000
6.735,159.12500
6.785,159.37500
6.836,160.12500
6.887,160.25000
6.938,160.50000
6.988,160.75000
7.039,160.87500
7.090,161.12500
7.140,161.12500
7.191,161.37500
7.242,161.37500
7.292,161.75000
7.343,161.87500
7.394,162.25000
7.445,162.25000
7.495,162.25000
7.546,162.62500
7.597,162.62500
7.647,162.87500
7.698,162.87500
7.749,163.62500
7.799,163.37500
7.850,163.75000
7.901,163.87500
7.951,164.00000
8.002,164.12500
8.053,164.00000
8.104,164.37500
8.154,164.50000
8.205,164.75000
8.256,165.00000
8.306,165.12500
8.357,165.37500
8.408,165.37500
8.458,165.50000
8.509,165.50000
8.560,165.62500
8.611,165.75000
8.661,166.00000
8.712,166.00000
8.763,165.87500
8.813,166.12500
8.864,165.87500
8.915,166.12500
8.965,165.87500
9.016,165.87500
9.067,165.87500
9.117,165.75000
9.168,165.87500
9.219,165.62500
9.270,165.87500
9.320,165.50000
9.371,165.62500
9.422,165.50000
9.472,165.50000
9.523,165.50000
9.574,165.75000
9.624,165.62500
9.675,165.62500
9.726,165.75000
9.776,165.75000
9.827,165.87500
9.878,165.75000
9.929,165.87500
9.979,165.75000
10.030,165.75000
10.081,165.75000
10.131,165.75000
10.182,165.62500
10.233,165.62500
10.284,165.50000
10.334,165.62500
10.385,165.62500
10.436,165.50000
10.486,165.62500
10.537,165.50000
10.588,165.50000
10.638,165.50000
10.689,165.37500
10.740,165.50000
10.791,165.37500
10.841,165.37500
10.892,165.12500
10.943,165.12500
10.993,165.00000
11.044,165.00000
11.095,164.87500
11.146,164.75000
11.196,164.75000
11.247,164.62500
11.298,164.50000
11.348,164.37500
11.399,164.25000
11.450,164.25000
11.501,164.25000
11.551,164.00000
11.602,164.00000
11.653,163.87500
11.703,163.75000
11.754,163.75000
11.805,163.62500
11.856,163.62500
11.906,163.37500
11.957,163.50000
12.008,163.25000
12.058,163.37500
12.109,163.12500
12.160,162.87500
12.211,163.00000
12.261,162.75000
12.312,162.75000
12.363,162.50000
12.413,162.62500
12.464,162.37500
12.515,162.25000
12.565,162.12500
12.616,162.12500
12.667,161.87500
12.718,161.62500
12.768,161.62500
12.819,161.37500
12.870,161.62500
12.920,161.37500
12.971,161.25000
13.022,161.12500
13.073,161.12500
13.123,161.00000
13.174,161.00000
13.225,161.00000
13.275,160.62500
13.326,160.62500
13.377,160.62500
13.427,160.37500
13.478,160.37500
13.529,160.12500
13.580,160.12500
13.630,159.87500
13.681,160.00000
13.732,159.75000
13.782,159.87500
13.833,159.50000
13.884,159.37500
13.934,159.62500
13.985,159.25000
14.036,159.25000
14.087,159.00000
14.137,159.00000
14.188,158.87500
14.239,158.75000
14.289,158.62500
14.340,158.62500
14.391,158.25000
14.441,158.37500
14.492,158.50000
14.543,158.12500
14.593,158.12500
14.644,157.87500
14.694,157.87500
14.745,157.75000
14.796,157.62500
14.846,157.62500
14.897,157.50000
14.948,157.50000
14.998,157.37500
15.049,157.37500
15.100,157.25000
15.150,157.12500
15.201,156.87500
15.252,156.87500
15.302,156.75000
15.353,156.75000
15.403,156.62500
15.454,156.50000
15.505,156.50000
15.555,156.37500
15.606,156.25000
15.657,156.12500
15.707,156.12500
15.758,155.87500
15.809,155.87500
15.859,155.87500
15.910,155.75000
15.961,155.62500
16.011,155.50000
16.062,155.50000
16.112,155.37500
16.163,155.25000
16.214,155.12500
16.264,155.00000
16.315,154.87500
16.366,154.75000
16.416,154.75000
16.467,154.62500
16.517,154.50000
16.568,154.37500
16.619,154.37500
16.669,154.12500
16.720,154.00000
16.771,154.12500
16.821,153.87500
16.872,153.87500
16.923,153.75000
16.973,153.62500
17.024,153.37500
17.075,153.37500
17.125,153.25000
17.176,153.12500
17.226,153.25000
17.277,153.00000
17.328,153.12500
17.378,152.75000
17.429,152.75000
17.480,152.62500
17.530,152.50000
17.581,152.50000
17.632,152.25000
17.682,152.25000
17.733,152.12500
17.784,152.25000
17.834,152.12500
17.885,152.12500
17.936,151.75000
17.986,151.62500
18.037,152.12500
18.088,151.37500
18.138,151.75000
18.189,151.37500
18.240,151.37500
18.290,151.12500
18.341,151.25000
18.392,151.12500
18.442,151.00000
18.493,150.87500
18.543,150.75000
18.594,150.75000
18.645,150.50000
18.695,150.50000
18.746,150.37500
18.797,150.25000
18.847,150.25000
18.898,150.00000
18.949,150.00000
18.999,149.75000
19.050,149.87500
19.101,149.75000
19.151,149.37500
19.202,149.50000
19.253,149.25000
19.303,149.00000
19.354,149.00000
19.405,149.00000
19.455,148.62500
19.506,148.75000
19.557,148.87500
19.607,148.62500
19.658,148.62500
19.709,148.37500
19.759,148.50000
19.810,148.12500
19.861,148.00000
19.911,147.87500
19.962,147.75000
20.013,147.75000
20.063,147.50000
20.114,147.62500
20.165,147.25000
20.215,147.12500
20.266,146.87500
20.317,146.87500
20.367,146.62500
20.418,146.62500
20.469,146.37500
20.519,146.25000
20.570,146.25000
20.621,146.00000
20.671,145.87500
20.722,145.62500
20.772,145.75000
20.823,145.62500
20.874,145.37500
20.924,145.12500
20.975,145.25000
21.026,144.87500
21.076,144.87500
21.127,144.75000
21.178,144.62500
21.228,144.50000
21.279,144.37500
21.330,144.25000
21.380,144.12500
21.431,144.00000
21.482,143.87500
21.532,143.87500
21.583,143.75000
21.634,143.37500
21.684,143.37500
21.735,143.12500
21.786,143.25000
21.836,143.00000
21.887,142.87500
21.938,142.75000
21.988,142.50000
22.039,142.50000
22.090,142.25000
22.140,142.12500
22.191,142.00000
22.242,141.87500
22.292,141.75000
22.343,141.50000
22.394,141.50000
22.444,141.37500
22.495,141.25000
22.546,141.12500
22.596,141.12500
22.647,141.00000
22.698,140.62500
22.748,140.62500
22.799,140.37500
22.850,140.50000
22.900,140.12500
22.951,140.12500
23.002,139.87500
23.052,139.75000
23.103,139.62500
23.154,139.62500
23.204,139.37500
23.255,139.12500
23.306,139.12500
23.356,138.87500
23.407,139.00000
23.458,138.62500
23.509,138.62500
23.559,138.50000
23.610,138.25000
23.661,138.25000
23.711,138.00000
23.762,138.00000
23.813,137.75000
23.863,137.62500
23.914,137.50000
23.965,137.37500
24.015,137.25000
24.066,137.00000
24.117,137.00000
24.168,136.62500
24.218,136.62500
24.269,136.37500
24.320,136.25000
24.370,136.25000
24.421,135.87500
24.472,135.87500
24.523,135.75000
24.573,135.50000
24.624,135.37500
24.675,135.37500
24.725,135.12500
24.776,134.87500
24.827,134.62500
24.878,134.62500
24.928,134.37500
24.979,134.25000
25.030,134.12500
25.080,134.00000
25.131,133.87500
25.182,133.75000
25.232,133.62500
25.283,133.25000
25.334,133.25000
25.385,133.00000
25.435,132.87500
25.486,132.62500
25.537,132.50000
25.587,132.37500
25.638,132.25000
25.689,132.00000
25.740,131.75000
25.790,131.75000
25.841,131.37500
25.892,131.37500
25.942,131.25000
25.993,131.00000
26.044,130.75000
26.095,130.62500
26.145,130.50000
26.196,130.37500
26.247,130.25000
26.297,130.00000
26.348,130.00000
26.399,129.75000
26.450,129.62500
26.500,129.37500
26.551,129.25000
26.602,129.00000
26.652,128.87500
26.703,128.62500
26.754,128.62500
26.805,128.50000
26.855,128.25000
26.906,128.12500
26.957,127.87500
27.007,127.75000
27.058,127.50000
27.109,127.25000
27.159,127.25000
27.210,127.12500
27.261,126.75000
27.312,126.62500
27.362,126.37500
27.413,126.25000
27.464,126.12500
27.514,125.87500
27.565,125.75000
27.616,125.75000
27.667,125.37500
27.717,125.50000
27.768,125.00000
27.819,125.00000
27.869,124.75000
27.920,124.75000
27.971,124.50000
28.021,124.12500
28.072,124.12500
28.123,123.87500
28.174,123.75000
28.224,123.50000
28.275,123.50000
28.326,123.25000
28.376,123.12500
28.427,122.75000
28.478,122.75000
28.529,122.50000
28.579,122.12500
28.630,122.12500
28.681,121.87500
28.731,121.62500
28.782,121.50000
28.833,121.37500
28.884,121.12500
28.934,120.87500
28.985,120.75000
29.036,120.50000
29.086,120.37500
29.137,120.00000
29.188,119.87500
29.238,119.75000
29.289,119.62500
29.340,119.37500
29.391,119.12500
29.441,119.00000
29.492,118.75000
29.543,118.62500
29.593,118.37500
29.644,118.37500
29.695,117.75000
29.746,117.75000
29.796,117.62500
29.847,117.25000
29.898,117.12500
29.949,116.75000
29.999,116.75000
30.050,116.50000
30.101,116.37500
30.151,115.87500
30.202,115.87500
30.253,115.37500
30.304,115.37500
30.354,115.12500
30.405,114.87500
30.456,114.87500
30.506,114.50000
30.557,114.37500
30.608,113.87500
30.658,113.75000
30.709,113.50000
30.760,113.50000
30.810,113.00000
30.861,113.12500
30.912,112.62500
30.963,112.50000
31.013,112.25000
31.064,112.12500
31.115,111.87500
31.166,111.50000
31.216,111.37500
31.267,111.00000
31.318,110.62500
31.368,110.50000
31.419,110.37500
31.470,110.00000
31.520,109.75000
31.571,109.62500
31.622,109.37500
31.672,109.12500
31.723,108.75000
31.774,108.62500
31.825,108.25000
31.875,108.12500
31.926,107.87500
31.977,107.75000
32.027,107.37500
32.078,107.12500
32.129,107.00000
32.180,106.62500
32.230,106.50000
32.281,106.25000
32.332,106.00000
32.382,105.75000
32.433,105.37500
32.484,105.25000
32.534,105.00000
32.585,104.75000
32.636,104.50000
32.686,104.25000
32.737,104.00000
32.788,103.75000
32.839,103.50000
32.889,103.12500
32.940,103.00000
32.991,102.75000
33.041,102.62500
33.092,102.25000
33.143,102.12500
33.193,101.87500
33.244,101.75000
33.295,101.25000
33.345,101.00000
33.396,100.75000
33.447,100.50000
33.498,100.37500
33.548,99.87500
33.599,99.87500
33.650,99.50000
33.700,99.37500
33.751,99.00000
33.802,98.75000
33.852,98.50000
33.903,98.12500
33.954,98.00000
34.005,97.75000
34.055,97.50000
34.106,97.25000
34.157,97.12500
34.207,96.62500
34.258,96.25000
34.309,96.00000
34.359,95.75000
34.410,95.62500
34.461,95.37500
34.512,95.12500
34.562,94.87500
34.613,94.62500
34.664,94.25000
34.714,93.87500
34.765,93.87500
34.816,93.37500
34.866,93.25000
34.917,92.75000
34.968,92.62500
35.019,92.12500
35.069,92.00000
35.120,91.75000
35.171,91.25000
35.221,91.25000
35.272,90.75000
35.323,90.62500
35.374,90.12500
35.424,90.00000
35.475,89.50000
35.526,89.25000
35.576,89.00000
35.627,88.75000
35.678,88.62500
35.729,88.12500
35.779,87.75000
35.830,87.37500
35.881,87.12500
35.931,86.75000
35.982,86.62500
36.033,86.25000
36.084,86.00000
36.134,85.62500
36.185,85.37500
36.236,85.12500
36.286,84.75000
36.337,84.50000
36.388,84.12500
36.439,83.87500
36.489,83.37500
36.540,83.25000
36.591,82.87500
36.641,82.62500
36.692,82.12500
36.743,82.00000
36.794,81.62500
36.844,81.37500
36.895,81.12500
36.946,80.75000
36.996,80.50000
37.047,80.00000
37.098,79.75000
37.149,79.50000
37.199,79.25000
37.250,78.75000
37.301,78.50000
37.351,78.12500
37.402,77.75000
37.453,77.50000
37.504,77.25000
37.554,76.87500
37.605,76.50000
37.656,76.25000
37.706,75.87500
37.757,75.62500
37.808,75.25000
37.859,75.00000
37.909,74.75000
37.960,74.37500
38.011,74.25000
38.061,73.62500
38.112,73.25000
38.163,73.00000
38.214,72.62500
38.264,72.37500
38.315,72.00000
38.366,71.75000
38.416,71.25000
38.467,71.12500
38.518,70.75000
38.568,70.62500
38.619,70.12500
38.670,69.62500
38.721,69.62500
38.771,69.12500
38.822,68.87500
38.873,68.50000
38.923,68.25000
38.974,67.75000
39.025,67.62500
39.076,67.37500
39.126,66.87500
39.177,66.50000
39.227,66.12500
39.278,65.87500
39.329,65.37500
39.379,65.12500
39.430,64.87500
39.481,64.50000
39.531,64.12500
39.582,63.75000
39.633,63.50000
39.683,63.00000
39.734,62.87500
39.784,62.50000
39.835,62.12500
39.886,61.75000
39.936,61.37500
39.987,61.25000
40.038,60.75000
40.088,60.37500
40.139,60.00000
40.190,59.62500
40.240,59.50000
40.291,59.00000
40.342,58.87500
40.392,58.37500
40.443,58.12500
40.493,57.62500
40.544,57.37500
40.595,56.75000
40.645,56.62500
40.696,56.12500
40.747,55.87500
40.797,55.50000
40.848,55.12500
40.899,54.87500
40.949,54.37500
41.000,54.12500
41.051,53.62500
41.102,53.50000
41.152,53.00000
41.203,52.75000
41.253,52.37500
41.304,52.00000
41.355,51.75000
41.405,51.25000
41.456,51.00000
41.507,50.50000
41.557,50.12500
41.608,49.87500
41.659,49.62500
41.709,49.00000
41.760,48.87500
41.810,48.62500
41.861,48.12500
41.912,47.75000
41.963,47.50000
42.013,47.12500
42.064,46.75000
42.114,46.50000
42.165,46.12500
42.216,45.75000
42.266,45.50000
42.317,45.12500
42.368,44.75000
42.418,44.37500
42.469,44.12500
42.520,43.50000
42.570,43.37500
42.621,43.00000
42.671,42.62500
42.722,42.25000
42.773,41.87500
42.823,41.75000
42.874,41.25000
42.925,41.00000
42.975,40.62500
43.026,40.25000
43.077,39.87500
43.127,39.62500
43.178,39.37500
43.229,38.87500
43.279,38.62500
43.330,38.25000
43.380,37.87500
43.431,37.50000
43.482,37.12500
43.532,36.87500
43.583,36.50000
43.634,36.25000
43.684,35.75000
43.735,35.62500
43.786,35.12500
43.836,34.87500
43.887,34.62500
43.937,34.25000
43.988,33.87500
44.039,33.50000
44.089,33.37500
44.140,32.87500
44.191,32.62500
44.241,32.25000
44.292,31.87500
44.343,31.62500
44.393,31.12500
44.444,30.87500
44.495,30.62500
44.545,30.37500
44.596,29.75000
44.646,29.75000
44.697,29.12500
44.748,28.87500
44.798,28.50000
44.849,28.25000
44.900,28.00000
44.950,27.50000
45.001,27.50000
45.052,27.12500
45.102,26.87500
45.153,26.37500
45.204,26.12500
45.254,25.87500
45.305,25.50000
45.356,25.12500
45.406,24.87500
45.457,24.62500
45.507,24.12500
45.558,23.87500
45.609,23.50000
45.659,23.12500
45.710,22.87500
45.761,22.62500
45.811,22.12500
45.862,22.00000
45.913,21.50000
45.963,21.37500
46.014,20.75000
46.065,20.62500
46.115,20.25000
46.166,20.00000
46.216,19.37500
46.267,19.37500
46.318,19.12500
46.369,18.75000
46.419,18.37500
46.470,18.00000
46.521,17.75000
46.571,17.37500
46.622,17.25000
46.673,16.75000
46.723,16.62500
46.774,16.12500
46.824,16.00000
46.875,15.75000
46.926,15.25000
46.976,15.12500
47.027,14.75000
47.078,14.37500
47.128,14.12500
47.179,13.87500
47.230,13.37500
47.280,13.12500
47.331,13.00000
47.381,12.37500
47.432,12.25000
47.483,11.87500
47.533,11.75000
47.584,11.25000
47.635,11.00000
47.685,10.75000
47.736,10.37500
47.786,10.25000
47.837,9.87500
47.888,9.62500
47.938,9.12500
47.989,8.87500
48.040,8.62500
48.090,8.37500
48.141,7.87500
48.192,7.62500
48.242,7.37500
48.293,7.12500
48.344,6.87500
48.394,6.62500
48.445,6.37500
48.496,6.00000
48.546,5.62500
48.597,5.37500
48.648,5.12500
48.698,4.87500
48.749,4.62500
48.799,4.37500
48.850,4.00000
48.901,3.75000
48.951,3.37500
49.002,3.12500
49.053,2.75000
49.103,2.62500
49.154,2.25000
49.205,2.00000
49.255,1.87500
49.306,1.37500
49.357,1.12500
49.407,0.75000
49.458,0.50000
49.508,0.25000
49.559,-0.12500
49.610,-0.25000
49.660,-0.50000
49.711,-0.62500
49.762,-1.00000
49.812,-1.37500
49.863,-1.50000
49.913,-1.87500
49.964,-2.00000
50.015,-2.37500
50.065,-2.50000
50.116,-2.87500
50.167,-2.87500
50.217,-3.25000
50.268,-3.62500
50.319,-3.75000
50.369,-4.12500
50.420,-4.37500
50.470,-4.62500
50.521,-4.87500
50.572,-5.12500
50.622,-5.37500
50.673,-5.75000
50.724,-5.87500
50.774,-6.25000
50.825,-6.50000
50.875,-6.75000
50.926,-7.00000
50.977,-7.25000
51.027,-7.50000
51.078,-8.00000
51.129,-7.75000
51.179,-8.50000
51.230,-8.62500
51.281,-8.87500
51.331,-9.12500
51.382,-9.37500
51.432,-9.62500
51.483,-9.87500
51.534,-10.25000
51.584,-10.37500
51.635,-10.75000
51.686,-10.75000
51.736,-10.87500
51.787,-11.37500
51.838,-11.50000
51.888,-11.75000
51.939,-11.87500
51.989,-12.37500
52.040,-12.25000
52.091,-12.87500
52.141,-13.00000
52.192,-13.50000
52.243,-13.62500
52.293,-13.75000
52.344,-14.12500
52.395,-14.25000
52.445,-14.62500
52.496,-14.75000
52.547,-15.12500
52.597,-15.12500
52.648,-15.50000
52.698,-15.75000
52.749,-16.00000
52.800,-16.12500
52.850,-16.37500
52.901,-16.75000
52.952,-16.87500
53.002,-17.25000
53.053,-17.37500
53.103,-17.75000
53.154,-17.87500
53.205,-18.00000
53.255,-18.37500
53.306,-18.62500
53.357,-18.87500
53.407,-19.00000
53.458,-19.37500
53.509,-19.50000
53.559,-19.62500
53.610,-20.00000
53.660,-20.25000
53.711,-20.37500
53.762,-20.50000
53.812,-20.87500
53.863,-21.00000
53.914,-21.25000
53.964,-21.50000
54.015,-21.75000
54.065,-22.00000
54.116,-22.25000
54.167,-22.37500
54.217,-22.50000
54.268,-22.87500
54.319,-23.12500
54.369,-23.25000
54.420,-23.50000
54.471,-23.75000
54.521,-23.87500
54.572,-24.12500
54.622,-24.37500
54.673,-24.50000
54.724,-24.75000
54.774,-24.87500
54.825,-25.25000
54.876,-25.37500
54.926,-25.50000
54.977,-25.87500
55.028,-26.00000
55.078,-26.37500
55.129,-26.50000
55.179,-26.75000
55.230,-26.87500
55.281,-27.00000
55.331,-27.12500
55.382,-27.37500
55.433,-27.50000
55.483,-27.75000
55.534,-28.00000
55.584,-28.00000
55.635,-28.37500
55.686,-28.62500
55.736,-28.75000
55.787,-29.00000
55.838,-29.12500
55.888,-29.37500
55.939,-29.37500
55.990,-29.75000
56.040,-29.87500
56.091,-30.00000
56.141,-30.25000
56.192,-30.37500
56.243,-30.75000
56.293,-30.75000
56.344,-31.12500
56.395,-31.25000
56.445,-31.37500
56.496,-31.50000
56.547,-31.75000
56.597,-31.87500
56.648,-32.12500
56.698,-32.37500
56.749,-32.37500
56.800,-32.62500
56.850,-32.87500
56.901,-33.00000
56.952,-33.25000
57.002,-33.37500
57.053,-33.62500
57.104,-33.75000
57.154,-33.87500
57.205,-34.00000
57.255,-34.25000
57.306,-34.50000
57.357,-34.62500
57.407,-34.75000
57.458,-34.87500
57.509,-35.25000
57.559,-35.25000
57.610,-35.37500
57.660,-35.75000
57.711,-35.87500
57.762,-36.12500
57.812,-36.12500
57.863,-36.50000
57.914,-36.62500
57.964,-37.00000
58.015,-37.00000
58.066,-37.25000
58.116,-37.37500
58.167,-37.50000
58.218,-37.75000
58.268,-37.87500
58.319,-38.12500
58.369,-38.12500
58.420,-38.37500
58.471,-38.50000
58.521,-38.62500
58.572,-38.75000
58.623,-38.87500
58.673,-39.25000
58.724,-39.25000
58.774,-39.50000
58.825,-39.50000
58.876,-39.87500
58.926,-40.00000
58.977,-40.12500
59.028,-40.25000
59.078,-40.25000
59.129,-40.50000
59.180,-40.62500
59.230,-40.87500
59.281,-41.12500
59.331,-41.37500
59.382,-41.37500
59.433,-41.62500
59.483,-41.75000
59.534,-41.87500
59.585,-42.00000
59.635,-42.12500
59.686,-42.37500
59.737,-42.50000
59.787,-42.75000
59.838,-42.75000
59.888,-42.87500
59.939,-43.00000
59.990,-43.25000
60.040,-43.37500
60.091,-43.50000
60.142,-43.75000
60.192,-43.87500
60.243,-44.00000
60.294,-44.12500
60.344,-44.25000
60.395,-44.37500
60.446,-44.50000
60.496,-44.75000
60.547,-44.87500
60.597,-44.87500
60.648,-45.00000
60.699,-45.00000
60.749,-45.37500
60.800,-45.37500
60.851,-45.62500
60.901,-45.75000
60.952,-45.75000
61.003,-45.87500
61.053,-46.12500
61.104,-46.25000
61.154,-46.37500
61.205,-46.50000
61.256,-46.50000
61.306,-46.75000
61.357,-46.75000
61.408,-47.00000
61.458,-46.87500
61.509,-47.12500
61.560,-47.25000
61.610,-47.25000
61.661,-47.37500
61.711,-47.50000
61.762,-47.62500
61.813,-47.75000
61.863,-47.87500
61.914,-47.87500
61.965,-48.00000
62.015,-48.25000
62.066,-48.37500
62.117,-48.50000
62.167,-48.62500
62.218,-48.75000
62.269,-48.75000
62.319,-49.00000
62.370,-49.00000
62.420,-49.25000
62.471,-49.12500
62.522,-49.25000
62.572,-49.50000
62.623,-49.37500
62.674,-49.75000
62.724,-49.62500
62.775,-49.87500
62.826,-49.75000
62.877,-50.00000
62.927,-50.12500
62.978,-50.12500
63.029,-50.25000
63.080,-50.25000
63.130,-50.50000
63.181,-50.62500
63.232,-50.75000
63.283,-50.87500
63.333,-50.87500
63.384,-51.00000
63.435,-51.00000
63.485,-51.12500
63.536,-51.12500
63.587,-51.37500
63.638,-51.37500
63.688,-51.75000
63.739,-51.75000
63.790,-51.75000
63.841,-51.87500
63.891,-51.87500
63.942,-52.12500
63.993,-52.12500
64.043,-52.25000
64.094,-52.25000
64.145,-52.62500
64.196,-52.50000
64.246,-52.75000
64.297,-52.62500
64.348,-53.00000
64.399,-53.00000
64.449,-52.87500
64.500,-53.25000
64.551,-53.12500
64.601,-53.25000
64.652,-53.25000
64.703,-53.62500
64.754,-53.50000
64.804,-53.62500
64.855,-53.62500
64.906,-53.87500
64.957,-54.00000
65.007,-54.00000
65.058,-54.12500
65.109,-54.12500
65.159,-54.25000
65.210,-54.37500
65.261,-54.37500
65.312,-54.50000
65.362,-54.75000
65.413,-54.75000
65.464,-54.87500
65.515,-54.87500
65.565,-55.00000
65.616,-55.00000
65.667,-55.00000
65.717,-55.25000
65.768,-55.25000
65.819,-55.25000
65.869,-55.37500
65.920,-55.62500
65.970,-55.62500
66.021,-55.75000
66.072,-55.75000
66.122,-55.75000
66.173,-55.87500
66.224,-55.87500
66.274,-56.00000
66.325,-56.00000
66.375,-56.25000
66.426,-56.25000
66.477,-56.25000
66.527,-56.25000
66.578,-56.50000
66.629,-56.50000
66.679,-56.62500
66.730,-56.62500
66.781,-56.62500
66.831,-56.62500
66.882,-56.75000
66.932,-56.87500
66.983,-56.87500
67.034,-56.87500
67.084,-57.00000
67.135,-57.12500
67.186,-57.25000
67.236,-57.25000
67.287,-57.37500
67.338,-57.37500
67.388,-57.37500
67.439,-57.50000
67.489,-57.62500
67.540,-57.75000
67.591,-57.62500
67.641,-57.75000
67.692,-57.87500
67.743,-57.87500
67.793,-57.87500
67.844,-58.00000
67.894,-58.00000
67.945,-57.87500
67.996,-58.00000
68.046,-58.00000
68.097,-58.12500
68.148,-58.25000
68.198,-58.25000
68.249,-58.50000
68.300,-58.37500
68.350,-58.50000
68.401,-58.50000
68.452,-58.62500
68.502,-58.50000
68.553,-58.62500
68.603,-58.75000
68.654,-58.62500
68.705,-58.87500
68.755,-58.75000
68.806,-58.87500
68.857,-58.75000
68.907,-59.12500
68.958,-58.87500
69.008,-59.00000
69.059,-59.12500
69.110,-59.12500
69.160,-59.25000
69.211,-59.12500
69.262,-59.37500
69.312,-59.37500
69.363,-59.37500
69.413,-59.37500
69.464,-59.50000
69.515,-59.50000
69.565,-59.50000
69.616,-59.75000
69.667,-59.62500
69.717,-59.75000
69.768,-59.25000
69.819,-59.75000
69.869,-59.87500
69.920,-59.87500
69.970,-60.00000
70.021,-60.00000
70.072,-59.87500
70.122,-60.12500
70.173,-60.25000
70.224,-60.25000
70.274,-60.12500
70.325,-60.37500
70.376,-60.25000
70.426,-60.50000
70.477,-60.37500
70.527,-60.50000
70.578,-60.62500
70.629,-60.50000
70.679,-60.75000
70.730,-60.50000
70.781,-60.75000
70.831,-60.75000
70.882,-60.75000
70.933,-60.75000
70.983,-61.00000
71.034,-60.87500
71.085,-60.75000
71.135,-61.00000
71.186,-61.12500
71.236,-61.00000
71.287,-61.00000
71.338,-61.25000
71.388,-61.25000
71.439,-61.25000
71.490,-61.25000
71.540,-61.25000
71.591,-61.37500
71.642,-61.37500
71.692,-61.50000
71.743,-61.62500
71.793,-61.62500
71.844,-61.50000
71.895,-61.62500
71.945,-61.62500
71.996,-61.75000
72.047,-61.75000
72.097,-61.75000
72.148,-61.87500
72.199,-61.75000
72.249,-62.00000
72.300,-62.00000
72.351,-62.12500
72.401,-62.12500
72.452,-62.12500
72.502,-62.12500
72.553,-62.00000
72.604,-62.12500
72.654,-62.25000
72.705,-62.37500
72.756,-62.25000
72.806,-62.37500
72.857,-62.50000
72.908,-62.50000
72.958,-62.50000
73.009,-62.50000
73.060,-62.50000
73.110,-62.62500
73.161,-62.50000
73.212,-62.62500
73.262,-62.62500
73.313,-62.62500
73.363,-62.75000
73.414,-62.62500
73.465,-62.62500
73.515,-62.75000
73.566,-62.75000
73.617,-62.87500
73.667,-63.00000
73.718,-62.87500
73.769,-63.00000
73.819,-62.75000
73.870,-63.00000
73.921,-62.75000
73.971,-63.00000
74.022,-62.75000
74.073,-63.12500
74.123,-63.25000
74.174,-63.12500
74.225,-63.25000
74.275,-63.00000
74.326,-63.12500
74.377,-63.12500
74.427,-63.12500
74.478,-63.12500
74.528,-63.12500
74.579,-63.37500
74.630,-63.25000
74.680,-63.37500
74.731,-63.25000
74.782,-63.25000
74.832,-63.37500
74.883,-63.37500
74.934,-63.37500
74.984,-63.25000
75.035,-63.50000
75.086,-63.37500
75.136,-63.25000
75.187,-63.62500
75.238,-63.62500
75.288,-63.75000
75.339,-63.62500
75.390,-64.00000
75.440,-63.75000
75.491,-64.00000
75.541,-64.00000
75.592,-64.00000
75.643,-63.87500
75.693,-63.87500
75.744,-64.00000
75.795,-63.75000
75.845,-64.00000
75.896,-63.87500
75.947,-64.00000
75.997,-64.12500
76.048,-64.12500
76.099,-64.12500
76.149,-64.00000
76.200,-64.12500
76.251,-64.12500
76.301,-64.25000
76.352,-64.25000
76.403,-64.37500
76.453,-64.25000
76.504,-64.37500
76.554,-64.37500
76.605,-64.25000
76.656,-64.37500
76.706,-64.37500
76.757,-64.50000
76.808,-64.50000
76.858,-64.50000
76.909,-64.50000
76.960,-64.50000
77.010,-64.50000
77.061,-64.62500
77.112,-64.62500
77.163,-64.50000
77.213,-64.62500
77.264,-64.62500
77.315,-64.75000
77.365,-64.75000
77.416,-64.75000
77.467,-64.62500
77.518,-64.75000
77.568,-64.75000
77.619,-64.87500
77.670,-65.00000
77.720,-64.87500
77.771,-65.00000
77.822,-64.87500
77.872,-65.00000
77.923,-65.00000
77.974,-65.00000
78.025,-65.00000
78.075,-65.00000
78.126,-65.12500
78.177,-64.87500
78.227,-65.00000
78.278,-64.87500
78.329,-65.12500
78.379,-65.25000
78.430,-65.12500
78.481,-65.25000
78.532,-65.00000
78.582,-65.25000
78.633,-65.00000
78.684,-65.25000
78.735,-65.12500
78.785,-65.25000
78.836,-65.25000
78.887,-65.25000
78.937,-65.12500
78.988,-65.25000
79.039,-65.37500
79.089,-65.12500
79.140,-65.37500
79.191,-65.37500
79.241,-65.37500
79.292,-65.50000
79.343,-65.37500
79.393,-65.62500
79.444,-65.50000
79.494,-65.62500
79.545,-65.62500
79.596,-65.62500
79.646,-65.50000
79.697,-65.62500
79.748,-65.75000
79.798,-65.62500
79.849,-65.75000
79.899,-65.87500
79.950,-65.75000
80.001,-65.75000
80.051,-65.62500
80.102,-65.75000
80.153,-65.75000
80.203,-65.87500
80.254,-65.75000
80.305,-65.87500
80.355,-65.75000
80.406,-66.00000
80.456,-65.87500
80.507,-65.87500
80.558,-65.87500
80.608,-66.00000
80.659,-66.12500
80.710,-66.00000
80.760,-66.00000
80.811,-66.12500
80.862,-66.12500
80.912,-66.00000
80.963,-66.00000
81.013,-66.12500
81.064,-66.00000
81.115,-66.12500
81.165,-66.25000
81.216,-66.25000
81.267,-66.12500
81.317,-66.50000
81.368,-66.37500
81.419,-66.12500
81.469,-66.37500
81.520,-66.37500
81.570,-66.50000
81.621,-66.50000
81.672,-66.50000
81.722,-66.62500
81.773,-66.50000
81.824,-66.62500
81.874,-66.50000
81.925,-66.62500
81.975,-66.50000
82.026,-66.62500
82.077,-66.50000
82.127,-66.75000
82.178,-66.50000
82.229,-66.75000
82.279,-66.62500
82.330,-66.62500
82.381,-66.62500
82.431,-66.75000
82.482,-66.75000
82.532,-66.75000
82.583,-66.87500
82.634,-66.75000
82.684,-66.75000
82.735,-66.87500
82.786,-66.87500
82.836,-66.87500
82.887,-66.75000
82.937,-66.87500
82.988,-67.00000
83.039,-66.87500
83.089,-66.87500
83.140,-66.75000
83.191,-67.00000
83.241,-66.87500
83.292,-67.12500
83.343,-66.87500
83.393,-67.12500
83.444,-67.12500
83.495,-67.00000
83.545,-67.25000
83.596,-67.00000
83.646,-67.12500
83.697,-67.00000
83.748,-67.12500
83.798,-67.00000
83.849,-67.12500
83.900,-67.25000
83.950,-67.25000
84.001,-67.25000
84.052,-67.12500
84.102,-67.25000
84.153,-67.12500
84.204,-67.25000
84.254,-67.12500
84.305,-67.37500
84.355,-67.50000
84.406,-67.12500
84.457,-67.37500
84.507,-67.12500
84.558,-67.50000
84.609,-67.25000
84.659,-67.37500
84.710,-67.25000
84.760,-67.37500
84.811,-67.25000
84.862,-67.37500
84.912,-67.50000
84.963,-67.37500
85.014,-67.37500
85.064,-67.37500
85.115,-67.37500
85.166,-67.50000
85.216,-67.25000
85.267,-67.37500
85.317,-67.37500
85.368,-67.50000
85.419,-67.37500
85.469,-67.50000
85.520,-67.37500
85.571,-67.50000
85.621,-67.37500
85.672,-67.37500
85.723,-67.37500
85.773,-67.37500
85.824,-67.50000
85.875,-67.50000
85.925,-67.50000
85.976,-67.62500
86.026,-67.37500
86.077,-67.62500
86.128,-67.50000
86.178,-67.75000
86.229,-67.62500
86.280,-67.87500
86.330,-67.75000
86.381,-67.62500
86.432,-67.75000
86.482,-67.62500
86.533,-67.75000
86.583,-67.75000
86.634,-67.87500
86.685,-67.75000
86.735,-68.00000
86.786,-68.00000
86.837,-68.00000
86.887,-68.00000
86.938,-67.87500
86.988,-68.00000
87.039,-68.00000
87.090,-68.00000
87.140,-68.12500
87.191,-68.12500
87.242,-68.12500
87.292,-68.00000
87.343,-68.12500
87.394,-68.12500
87.444,-68.25000
87.495,-68.25000
87.545,-68.25000
87.596,-68.25000
87.647,-68.37500
87.697,-68.12500
87.748,-68.25000
87.799,-68.12500
87.849,-68.25000
87.900,-68.25000
87.950,-68.12500
88.001,-68.37500
88.052,-68.25000
88.102,-68.37500
88.153,-68.25000
88.204,-68.37500
88.254,-68.37500
88.305,-68.37500
88.356,-68.37500
88.406,-68.50000
88.457,-68.37500
88.507,-68.37500
88.558,-68.37500
88.609,-68.50000
88.659,-68.50000
88.710,-68.50000
88.761,-68.50000
88.811,-68.37500
88.862,-68.50000
88.912,-68.37500
88.963,-68.50000
89.014,-68.37500
89.064,-68.62500
89.115,-68.37500
89.166,-68.50000
89.216,-68.50000
89.267,-68.50000
89.318,-68.62500
89.368,-68.62500
89.419,-68.62500
89.470,-68.50000
89.520,-68.62500
89.571,-68.37500
89.621,-68.62500
89.672,-68.37500
89.723,-68.62500
89.773,-68.87500
89.824,-68.62500
89.875,-68.62500
89.926,-68.62500
89.976,-68.75000
90.027,-68.62500
90.078,-68.75000
90.128,-68.62500
90.179,-68.75000
90.230,-68.62500
90.281,-68.75000
90.331,-68.87500
90.382,-68.87500
90.433,-68.75000
90.483,-68.62500
90.534,-68.62500
90.585,-68.75000
90.635,-68.87500
90.686,-68.75000
90.737,-68.75000
90.788,-68.87500
90.838,-68.87500
90.889,-69.00000
90.940,-68.87500
90.990,-68.87500
91.041,-69.00000
91.092,-68.87500
91.142,-69.00000
91.193,-68.87500
91.244,-69.00000
91.295,-68.87500
91.345,-69.00000
91.396,-69.00000
91.447,-69.12500
91.497,-69.12500
91.548,-69.00000
91.599,-69.00000
91.650,-69.00000
91.700,-69.25000
91.751,-69.12500
91.802,-69.25000
91.852,-69.12500
91.903,-69.25000
91.954,-69.12500
92.004,-69.25000
92.055,-69.25000
92.106,-69.25000
92.157,-69.25000
92.207,-69.25000
92.258,-69.37500
92.309,-69.37500
92.359,-69.37500
92.410,-69.37500
92.461,-69.50000
92.511,-69.37500
92.562,-69.37500
92.613,-69.37500
92.664,-69.37500
92.714,-69.50000
92.765,-69.37500
92.816,-69.37500
92.866,-69.37500
92.917,-69.50000
92.968,-69.62500
93.019,-69.50000
93.069,-69.62500
93.120,-69.50000
93.171,-69.50000
93.221,-69.50000
93.272,-69.50000
93.323,-69.50000
93.374,-69.62500
93.424,-69.62500
93.475,-69.50000
93.526,-69.75000
93.576,-69.62500
93.627,-69.62500
93.678,-69.62500
93.728,-69.62500
93.779,-69.50000
93.830,-69.62500
93.881,-69.12500
93.931,-69.62500
93.982,-69.75000
94.033,-69.62500
94.083,-69.75000
94.134,-69.62500
94.185,-69.75000
94.236,-69.62500
94.286,-69.75000
94.337,-69.62500
94.388,-69.62500
94.438,-69.62500
94.489,-69.62500
94.540,-69.87500
94.591,-69.50000
94.641,-69.75000
94.692,-69.62500
94.743,-69.62500
94.793,-69.25000
94.844,-69.62500
94.895,-69.75000
94.946,-69.75000
94.996,-69.75000
95.047,-69.75000
95.098,-69.75000
95.148,-69.75000
95.199,-69.87500
95.250,-69.87500
95.301,-70.00000
95.351,-70.00000
95.402,-69.87500
95.453,-70.00000
95.503,-69.87500
95.554,-69.87500
95.605,-69.87500
95.656,-70.00000
95.706,-70.00000
95.757,-69.87500
95.808,-70.12500
95.858,-69.87500
95.909,-70.00000
95.960,-69.87500
96.011,-70.12500
96.061,-70.00000
96.112,-70.12500
96.163,-70.12500
96.213,-70.12500
96.264,-70.25000
96.315,-70.12500
96.365,-70.25000
96.416,-70.12500
96.467,-70.25000
96.518,-70.12500
96.568,-70.37500
96.619,-70.25000
96.670,-70.37500
96.720,-70.37500
96.771,-70.25000
96.822,-70.25000
96.872,-70.37500
96.923,-70.37500
96.974,-70.25000
97.025,-70.25000
97.075,-70.37500
97.126,-70.25000
97.177,-70.37500
97.227,-70.37500
97.278,-70.37500
97.329,-70.37500
97.380,-70.37500
97.430,-70.37500
97.481,-70.37500
97.532,-70.37500
97.582,-70.37500
97.633,-70.50000
97.684,-70.37500
97.734,-70.50000
97.785,-70.37500
97.836,-70.37500
97.887,-70.37500
97.937,-70.37500
97.988,-70.37500
98.039,-70.50000
98.089,-70.62500
98.140,-70.50000
98.191,-70.50000
98.241,-70.50000
98.292,-70.62500
98.343,-70.37500
98.394,-70.50000
98.444,-70.37500
98.495,-70.62500
98.546,-70.37500
98.596,-70.37500
98.647,-70.50000
98.698,-70.37500
98.749,-70.50000
98.799,-70.50000
98.850,-70.62500
98.901,-70.62500
98.951,-70.50000
99.002,-70.50000
99.053,-70.50000
99.103,-70.50000
99.154,-70.50000
99.205,-70.62500
99.256,-70.50000
99.306,-70.50000
99.357,-70.62500
99.408,-70.50000
99.458,-70.75000
99.509,-70.62500
99.560,-70.75000
99.611,-70.62500
99.661,-70.87500
99.712,-70.75000
99.763,-70.87500
99.813,-70.75000
99.864,-70.75000
99.915,-70.75000
99.965,-70.75000
100.016,-71.00000
100.067,-70.87500
100.118,-70.87500
100.168,-70.87500
100.219,-71.00000
100.270,-70.87500
100.320,-70.87500
100.371,-71.00000
100.422,-71.12500
100.473,-71.00000
100.523,-71.00000
100.574,-71.12500
100.625,-70.87500
100.675,-71.00000
100.726,-71.00000
100.777,-71.12500
100.827,-71.00000
100.878,-71.12500
100.929,-71.12500
100.980,-71.25000
101.030,-71.12500
101.081,-71.12500
101.132,-71.25000
101.182,-71.12500
101.233,-71.12500
101.284,-71.12500
101.335,-71.12500
101.385,-71.25000
101.436,-71.25000
101.487,-71.12500
101.537,-71.12500
101.588,-71.25000
101.639,-71.25000
101.690,-71.37500
101.740,-71.37500
101.791,-71.25000
101.842,-71.25000
101.893,-71.25000
101.943,-71.37500
101.994,-71.25000
102.045,-71.37500
102.095,-71.12500
102.146,-71.25000
102.197,-71.12500
102.248,-71.25000
102.298,-71.37500
102.349,-71.25000
102.400,-71.37500
102.450,-71.25000
102.501,-71.37500
102.552,-71.12500
102.603,-71.25000
102.653,-71.00000
102.704,-71.25000
102.755,-71.12500
102.806,-71.12500
102.856,-71.00000
102.907,-71.12500
102.958,-71.37500
103.008,-71.12500
103.059,-71.37500
103.110,-71.25000
103.161,-71.37500
103.211,-71.37500
103.262,-71.37500
103.312,-71.50000
103.363,-71.37500
103.414,-71.50000
103.464,-71.37500
103.515,-71.50000
103.566,-71.37500
103.616,-71.37500
103.667,-71.50000
103.717,-71.37500
103.768,-71.50000
103.819,-71.37500
103.869,-71.62500
103.920,-71.50000
103.971,-71.25000
104.021,-71.62500
104.072,-71.50000
104.123,-71.62500
104.173,-71.50000
104.224,-71.62500
104.274,-71.50000
104.325,-71.75000
104.376,-71.62500
104.426,-71.62500
104.477,-71.62500
104.528,-71.62500
104.578,-71.87500
104.629,-71.75000
104.680,-71.87500
104.730,-71.75000
104.781,-71.75000
104.831,-71.75000
104.882,-71.75000
104.933,-71.87500
104.983,-71.75000
105.034,-71.75000
105.085,-71.75000
105.135,-71.87500
105.186,-71.75000
105.236,-71.87500
105.287,-71.75000
105.338,-71.75000
105.388,-71.75000
105.439,-71.87500
105.490,-71.87500
105.540,-71.75000
105.591,-71.87500
105.641,-72.00000
105.692,-71.87500
105.743,-71.87500
105.793,-72.00000
105.844,-72.00000
105.895,-71.87500
105.945,-71.87500
105.996,-71.87500
106.047,-72.00000
106.097,-71.87500
106.148,-72.00000
106.199,-72.00000
106.249,-71.87500
106.300,-71.87500
106.350,-72.00000
106.401,-71.87500
106.452,-71.87500
106.502,-72.00000
106.553,-72.00000
106.604,-72.00000
106.654,-72.00000
106.705,-72.12500
106.755,-72.00000
106.806,-72.12500
106.857,-72.00000
106.907,-72.12500
106.958,-72.12500
107.009,-72.12500
107.059,-72.00000
107.110,-72.12500
107.161,-72.12500
107.211,-72.25000
107.262,-72.12500
107.312,-72.25000
107.363,-72.12500
107.414,-72.25000
107.464,-72.25000
107.515,-72.12500
107.566,-72.25000
107.616,-72.12500
107.667,-72.25000
107.718,-72.25000
107.768,-72.25000
107.819,-72.00000
107.869,-72.25000
107.920,-72.37500
107.971,-72.25000
108.021,-72.37500
108.072,-72.37500
108.123,-72.37500
108.173,-72.25000
108.224,-72.37500
108.275,-72.12500
108.325,-72.12500
108.376,-72.25000
108.427,-72.25000
108.477,-72.37500
108.528,-72.25000
108.578,-72.25000
108.629,-72.12500
108.680,-72.37500
108.730,-72.25000
108.781,-72.25000
108.832,-72.37500
108.882,-72.25000
108.933,-72.37500
108.984,-72.12500
109.034,-72.25000
109.085,-72.12500
109.136,-72.37500
109.186,-72.25000
109.237,-72.37500
109.288,-72.25000
109.338,-72.37500
109.389,-72.50000
109.439,-72.25000
109.490,-72.25000
109.541,-72.25000
109.591,-72.25000
109.642,-72.37500
109.693,-72.37500
109.743,-72.50000
109.794,-72.37500
109.845,-72.25000
109.895,-72.50000
109.946,-72.37500
109.997,-72.37500
110.047,-72.37500
110.098,-72.50000
110.148,-72.37500
110.199,-72.62500
110.250,-72.50000
110.300,-72.75000
110.351,-72.62500
110.402,-72.50000
110.452,-72.62500
110.503,-72.50000
110.554,-72.75000
110.604,-72.62500
110.655,-72.62500
110.706,-72.62500
110.756,-72.62500
110.807,-72.62500
110.857,-72.62500
110.908,-72.75000
110.959,-72.62500
111.009,-72.75000
111.060,-72.75000
111.111,-72.75000
111.161,-72.62500
111.212,-72.75000
111.263,-72.75000
111.313,-72.75000
111.364,-72.75000
111.415,-72.62500
111.465,-72.87500
111.516,-72.75000
111.567,-72.87500
111.617,-72.75000
111.668,-72.87500
111.719,-72.75000
111.769,-72.87500
111.820,-72.75000
111.871,-72.87500
111.921,-72.87500
111.972,-72.75000
112.023,-72.87500
112.073,-72.87500
112.124,-73.00000
112.175,-73.00000
112.225,-73.00000
112.276,-73.00000
112.327,-73.12500
112.377,-73.00000
112.428,-73.00000
112.479,-73.12500
112.529,-73.12500
112.580,-73.12500
112.630,-73.12500
112.681,-73.12500
112.732,-73.12500
112.782,-73.12500
112.833,-73.12500
112.884,-73.12500
112.935,-73.12500
112.985,-73.00000
113.036,-73.12500
113.087,-73.25000
113.138,-73.12500
113.188,-73.12500
113.239,-73.12500
113.290,-73.12500
113.340,-73.12500
113.391,-73.25000
113.442,-73.25000
113.493,-73.25000
113.543,-73.12500
113.594,-73.25000
113.645,-73.12500
113.695,-73.37500
113.746,-73.25000
113.797,-73.12500
113.848,-73.25000
113.898,-73.12500
113.949,-73.25000
114.000,-73.25000
114.050,-73.25000
114.101,-73.12500
114.152,-73.25000
114.203,-73.37500
114.253,-73.37500
114.304,-73.37500
114.355,-73.25000
114.406,-73.37500
114.456,-73.25000
114.507,-73.37500
114.558,-73.12500
114.608,-73.37500
114.659,-73.12500
114.710,-73.25000
114.761,-73.25000
114.811,-73.25000
114.862,-73.50000
114.913,-73.25000
114.963,-73.37500
115.014,-73.12500
115.065,-73.25000
115.116,-73.12500
115.166,-73.25000
115.217,-73.25000
115.268,-73.25000
115.318,-73.37500
115.369,-73.25000
115.420,-73.37500
115.471,-73.25000
115.521,-73.25000
115.572,-73.25000
115.623,-73.25000
115.673,-73.37500
115.724,-73.37500
115.775,-73.37500
115.826,-73.37500
115.876,-73.50000
115.927,-73.37500
115.978,-73.50000
116.029,-73.62500
116.079,-73.50000
116.130,-73.50000
116.181,-73.37500
116.232,-73.50000
116.282,-73.25000
116.333,-73.62500
116.384,-73.62500
116.434,-73.62500
116.485,-73.62500
116.536,-73.62500
116.587,-73.62500
116.637,-73.75000
116.688,-73.62500
116.739,-73.62500
116.790,-73.62500
116.840,-73.62500
116.891,-73.75000
116.942,-73.62500
116.992,-73.75000
117.043,-73.75000
117.094,-73.87500
117.145,-73.75000
117.195,-73.87500
117.246,-73.75000
117.297,-73.87500
117.348,-73.87500
117.398,-73.75000
117.449,-73.87500
117.500,-73.75000
117.550,-73.87500
117.601,-73.87500
117.652,-73.87500
117.703,-73.75000
117.753,-73.87500
117.804,-73.87500
117.855,-74.00000
117.906,-73.75000
117.956,-73.87500
118.007,-73.87500
118.058,-74.00000
118.108,-74.00000
118.159,-74.00000
118.210,-74.00000
118.261,-74.00000
118.311,-74.00000
118.362,-74.12500
118.413,-73.87500
118.464,-74.12500
118.514,-73.87500
118.565,-74.00000
118.616,-74.12500
118.666,-74.00000
118.717,-74.12500
118.768,-73.75000
118.819,-74.00000
118.869,-73.87500
118.920,-74.12500
118.971,-73.87500
119.021,-74.12500
119.072,-74.00000
119.123,-73.87500
119.174,-74.00000
119.224,-73.87500
119.275,-74.12500
119.326,-74.00000
119.376,-73.87500
119.427,-73.87500
119.478,-73.87500
119.528,-74.00000
119.579,-73.87500
119.629,-74.12500
119.680,-74.00000
119.731,-74.00000
119.781,-74.00000
119.832,-73.87500
119.883,-74.00000
119.933,-73.87500
119.984,-74.00000
