time(s),mvs
0.000,-1483.00000
0.201,-96.75000
0.401,-97.12500
0.602,-97.25000
0.803,-97.00000
1.003,-97.00000
1.204,-97.37500
1.405,-97.50000
1.605,-97.37500
1.806,-97.62500
2.007,-97.75000
2.207,-97.62500
2.408,-97.37500
2.609,-97.62500
2.809,-97.62500
3.010,-97.75000
3.210,-98.00000
3.411,-97.75000
3.612,-97.75000
3.812,-98.25000
4.013,-97.25000
4.214,-82.62500
4.414,-64.62500
4.615,-45.87500
4.816,-27.87500
5.017,-13.25000
5.217,-0.62500
5.418,13.12500
5.619,23.75000
5.820,31.25000
6.020,38.00000
6.221,43.75000
6.422,48.75000
6.622,53.75000
6.823,58.87500
7.024,64.50000
7.225,69.87500
7.425,75.50000
7.626,82.37500
7.827,88.62500
8.028,94.25000
8.228,98.25000
8.429,101.75000
8.630,105.00000
8.831,108.12500
9.031,110.37500
9.232,112.50000
9.433,114.37500
9.634,115.87500
9.834,117.12500
10.035,118.25000
10.236,119.12500
10.437,120.00000
10.637,120.62500
10.838,120.75000
11.039,121.00000
11.239,121.50000
11.440,121.62500
11.641,121.50000
11.842,121.75000
12.042,122.50000
12.243,122.37500
12.444,122.50000
12.645,122.87500
12.845,123.00000
13.046,122.87500
13.247,123.00000
13.448,122.87500
13.648,122.87500
13.849,123.25000
14.050,122.87500
14.251,122.75000
14.451,122.87500
14.652,122.75000
14.853,122.37500
15.054,122.25000
15.254,122.62500
15.455,122.00000
15.656,121.87500
15.856,122.00000
16.057,121.75000
16.258,121.50000
16.459,121.25000
16.659,121.00000
16.860,120.87500
17.061,120.87500
17.262,120.37500
17.462,120.37500
17.663,120.50000
17.864,120.12500
18.065,119.62500
18.265,119.37500
18.466,119.50000
18.667,118.62500
18.868,118.50000
19.068,118.37500
19.269,117.87500
19.470,117.50000
19.671,117.25000
19.871,117.12500
20.072,116.87500
20.273,116.25000
20.474,115.87500
20.674,115.50000
20.875,115.50000
21.076,115.12500
21.277,114.37500
21.477,114.12500
21.678,114.12500
21.879,113.37500
22.080,113.00000
22.280,112.75000
22.481,112.37500
22.682,111.75000
22.882,111.37500
23.083,111.12500
23.284,110.75000
23.485,110.12500
23.685,109.75000
23.886,109.25000
24.087,109.00000
24.287,108.75000
24.488,107.75000
24.689,107.37500
24.890,107.12500
25.090,106.87500
25.291,106.00000
25.492,105.75000
25.692,105.37500
25.893,104.50000
26.094,104.12500
26.294,103.87500
26.495,103.37500
26.696,102.87500
26.896,102.25000
27.097,101.87500
27.298,101.50000
27.498,100.87500
27.699,100.00000
27.900,99.62500
28.100,99.50000
28.301,98.87500
28.502,98.00000
28.703,97.62500
28.903,97.50000
29.104,96.75000
29.305,96.25000
29.505,96.00000
29.706,95.25000
29.907,94.75000
30.107,94.12500
30.308,93.62500
30.509,93.12500
30.709,92.75000
30.910,91.87500
31.111,91.37500
31.312,91.50000
31.512,90.87500
31.713,89.75000
31.914,89.25000
32.115,89.00000
32.316,88.25000
32.516,87.75000
32.717,87.50000
32.918,86.87500
33.119,86.25000
33.319,85.75000
33.520,85.12500
33.721,84.62500
33.921,84.25000
34.122,83.37500
34.322,83.00000
34.523,82.75000
34.724,82.25000
34.924,81.25000
35.125,80.87500
35.326,80.62500
35.527,80.00000
35.727,79.00000
35.928,78.50000
36.128,78.37500
36.329,77.62500
36.530,77.25000
36.731,76.87500
36.931,76.37500
37.132,76.00000
37.333,75.37500
37.533,74.87500
37.734,74.37500
37.934,74.25000
38.135,73.50000
38.336,73.12500
38.537,73.00000
38.737,72.50000
38.938,71.75000
39.139,71.50000
39.340,71.50000
39.540,71.00000
39.741,70.37500
39.942,70.12500
40.142,69.75000
40.343,69.50000
40.544,69.12500
40.745,68.50000
40.945,68.25000
41.146,68.12500
41.347,67.50000
41.548,67.00000
41.748,67.12500
41.949,66.75000
42.150,66.00000
42.351,65.75000
42.551,65.62500
42.752,65.37500
42.953,64.87500
43.153,64.62500
43.354,64.37500
43.555,64.12500
43.756,63.75000
43.956,63.25000
44.157,62.87500
44.358,62.87500
44.559,62.37500
44.759,62.12500
44.960,62.37500
45.161,62.12500
45.362,61.37500
45.562,61.00000
45.763,61.12500
45.964,61.00000
46.165,60.50000
46.365,60.25000
46.566,60.00000
46.767,59.75000
46.968,59.62500
47.168,59.12500
47.369,59.00000
47.570,59.12500
47.770,58.87500
47.971,58.25000
48.172,58.37500
48.373,58.25000
48.573,57.62500
48.774,57.50000
48.975,57.87500
49.175,57.50000
49.376,57.12500
49.577,57.12500
49.778,57.00000
49.978,56.87500
50.179,56.62500
50.380,56.25000
50.580,56.12500
50.781,56.25000
50.982,56.12500
51.182,55.62500
51.383,55.87500
51.584,55.75000
51.784,55.25000
51.985,55.25000
52.186,55.37500
52.387,55.25000
52.587,54.87500
52.788,54.87500
52.989,54.62500
53.189,54.62500
53.390,54.37500
53.591,54.12500
53.791,54.12500
53.992,54.25000
54.193,54.12500
54.393,53.62500
54.594,53.37500
54.795,53.62500
54.995,53.62500
55.196,53.00000
55.397,53.12500
55.597,53.12500
55.798,52.75000
55.999,52.75000
56.199,52.62500
56.400,52.50000
56.601,52.50000
56.801,52.25000
57.002,52.12500
57.203,52.25000
57.403,52.25000
57.604,51.75000
57.805,51.50000
58.005,52.00000
58.206,51.87500
58.407,51.37500
58.607,51.25000
58.808,51.50000
59.009,51.37500
59.209,51.25000
59.410,51.37500
59.611,51.25000
59.811,51.12500
60.012,51.00000
60.213,50.62500
60.413,50.37500
60.614,50.50000
60.815,50.00000
61.016,49.87500
61.216,50.25000
61.417,50.12500
61.618,49.62500
61.818,49.62500
62.019,49.75000
62.220,49.75000
62.421,49.50000
62.621,49.62500
62.822,49.50000
63.023,49.37500
63.224,49.37500
63.424,49.12500
63.625,49.00000
63.826,49.12500
64.027,48.75000
64.227,48.37500
64.428,48.75000
64.629,48.75000
64.829,48.37500
65.030,48.25000
65.231,48.50000
65.432,48.50000
65.632,48.12500
65.833,48.12500
66.034,48.12500
66.235,48.12500
66.435,48.00000
66.636,47.75000
66.837,47.62500
67.038,47.87500
67.238,47.87500
67.439,47.62500
67.640,47.87500
67.841,47.87500
68.041,47.37500
68.242,47.37500
68.443,47.75000
68.644,47.50000
68.844,47.12500
69.045,47.12500
69.246,47.25000
69.446,47.25000
69.647,47.00000
69.848,46.87500
70.049,46.75000
70.249,47.12500
70.450,47.00000
70.651,46.62500
70.851,47.12500
71.052,47.00000
71.253,46.50000
71.453,46.50000
71.654,46.87500
71.855,46.75000
72.055,46.37500
72.256,46.25000
72.457,46.25000
72.657,46.37500
72.858,46.25000
73.059,46.00000
73.259,45.75000
73.460,46.12500
73.661,46.12500
73.861,45.62500
74.062,45.62500
74.263,45.87500
74.463,45.87500
74.664,45.50000
74.865,45.75000
75.065,45.75000
75.266,45.25000
75.466,45.25000
75.667,45.12500
75.868,45.00000
76.068,45.00000
76.269,45.00000
76.470,44.87500
76.671,45.12500
76.871,45.00000
77.072,44.75000
77.272,44.62500
77.473,45.00000
77.674,44.75000
77.874,44.37500
78.075,44.37500
78.276,44.62500
78.476,44.50000
78.677,44.25000
78.878,44.25000
79.078,44.12500
79.279,44.12500
79.480,44.00000
79.680,43.75000
79.881,43.75000
80.082,44.00000
80.282,44.00000
80.483,43.50000
80.684,43.87500
80.885,43.62500
81.085,43.12500
81.286,43.25000
81.487,43.25000
81.687,43.50000
81.888,43.25000
82.089,43.12500
82.289,43.12500
82.490,43.25000
82.691,43.25000
82.892,42.87500
83.092,43.00000
83.293,43.12500
83.494,43.12500
83.694,42.62500
83.895,42.50000
84.096,42.87500
84.296,42.37500
84.497,42.37500
84.698,42.62500
84.899,42.50000
85.099,42.37500
85.300,42.25000
85.501,42.00000
85.701,42.12500
85.902,42.25000
86.103,41.75000
86.304,41.62500
86.504,41.87500
86.705,41.87500
86.906,41.37500
87.106,41.37500
87.307,41.75000
87.508,41.50000
87.708,41.37500
87.909,41.37500
88.110,41.37500
88.311,41.25000
88.511,41.00000
88.712,40.87500
88.913,40.75000
89.113,40.87500
89.314,40.50000
89.515,40.37500
89.715,40.62500
89.916,40.50000
90.117,40.25000
90.317,40.12500
90.518,40.12500
90.719,40.25000
90.919,40.00000
91.120,40.00000
91.321,40.00000
91.522,40.12500
91.722,40.12500
91.923,39.62500
92.124,39.75000
92.324,40.00000
92.525,39.87500
92.726,39.50000
92.926,39.50000
93.127,39.62500
93.328,39.25000
93.528,38.87500
93.729,39.12500
93.930,39.12500
94.131,38.87500
94.331,38.75000
94.532,38.75000
94.733,38.87500
94.933,38.87500
95.134,38.62500
95.335,38.50000
95.535,38.87500
95.736,38.87500
95.937,38.50000
96.138,38.50000
96.338,38.75000
96.539,38.50000
96.740,38.37500
96.940,38.62500
97.141,38.37500
97.342,38.25000
97.542,38.25000
97.743,38.00000
97.944,37.87500
98.145,38.00000
98.345,37.62500
98.546,37.50000
98.747,37.87500
98.947,37.87500
99.148,37.50000
99.349,37.37500
99.550,37.62500
99.750,37.62500
99.951,37.37500
100.152,37.50000
100.353,37.25000
100.553,37.12500
100.754,37.12500
100.955,36.87500
101.156,36.87500
101.356,37.00000
101.557,36.62500
101.758,36.50000
101.959,36.62500
102.159,36.75000
102.360,36.25000
102.561,36.00000
102.761,36.25000
102.963,36.12500
103.164,36.12500
103.365,35.87500
103.565,35.87500
103.766,35.75000
103.967,35.87500
104.167,35.62500
104.368,35.50000
104.569,36.00000
104.769,35.37500
104.970,35.37500
105.171,35.62500
105.371,35.62500
105.572,35.00000
105.773,35.00000
105.973,35.25000
106.174,35.12500
106.375,35.00000
106.575,34.87500
106.776,34.62500
106.976,34.87500
107.177,34.75000
107.378,34.50000
107.579,34.37500
107.779,34.62500
107.980,34.62500
108.181,34.25000
108.381,34.12500
108.582,34.37500
108.783,34.00000
108.983,34.00000
109.184,34.00000
109.385,33.87500
109.585,33.75000
109.786,33.87500
109.987,33.50000
110.187,33.62500
110.388,33.75000
110.589,33.37500
110.789,33.12500
110.990,33.50000
111.191,33.50000
111.391,33.00000
111.592,33.00000
111.793,33.12500
111.993,33.00000
112.194,32.75000
112.395,32.75000
112.595,32.62500
112.796,32.75000
112.997,32.62500
113.197,32.25000
113.398,32.12500
113.599,32.50000
113.799,32.25000
114.000,32.00000
114.201,32.25000
114.401,32.37500
114.602,32.00000
114.803,31.75000
115.003,32.00000
115.204,32.00000
115.405,31.75000
115.605,31.62500
115.806,31.50000
116.007,31.25000
116.207,31.25000
116.408,30.87500
116.609,30.75000
116.809,31.12500
117.010,30.87500
117.211,30.37500
117.411,30.25000
117.612,30.62500
117.813,30.62500
118.014,30.12500
118.214,30.12500
118.415,29.87500
118.616,29.87500
118.816,29.75000
119.017,29.50000
119.218,29.50000
119.418,29.50000
119.619,29.50000
119.820,29.12500
