time(s),mvs
0.000,-75.12500
0.051,-75.25000
0.101,-75.12500
0.152,-75.12500
0.203,-75.25000
0.253,-75.50000
0.304,-75.25000
0.355,-75.37500
0.405,-75.37500
0.456,-75.37500
0.507,-75.50000
0.557,-75.37500
0.608,-75.50000
0.659,-75.37500
0.709,-75.37500
0.760,-75.37500
0.811,-75.37500
0.861,-75.25000
0.912,-75.25000
0.963,-75.37500
1.013,-75.25000
1.064,-75.37500
1.115,-75.25000
1.165,-75.25000
1.216,-75.12500
1.267,-75.37500
1.317,-75.12500
1.368,-75.12500
1.419,-74.37500
1.469,-74.12500
1.520,-73.75000
1.571,-73.25000
1.621,-73.00000
1.672,-72.62500
1.723,-72.50000
1.774,-72.12500
1.824,-72.00000
1.875,-71.62500
1.926,-70.75000
1.976,-67.50000
2.027,-64.00000
2.078,-60.87500
2.128,-57.37500
2.179,-55.00000
2.230,-52.50000
2.280,-50.75000
2.331,-48.87500
2.382,-47.62500
2.432,-46.12500
2.483,-45.00000
2.534,-42.87500
2.584,-40.50000
2.635,-37.75000
2.686,-29.87500
2.736,-17.62500
2.787,1.25000
2.838,17.37500
2.888,33.75000
2.939,46.12500
2.990,58.37500
3.040,67.62500
3.091,75.37500
3.237,91.25000
3.288,95.12500
3.338,97.87500
3.389,100.37500
3.440,103.25000
3.490,105.25000
3.541,107.62500
3.592,109.12500
3.642,110.75000
3.693,111.75000
3.744,113.25000
3.795,114.00000
3.845,115.25000
3.896,116.00000
3.947,116.87500
3.997,117.75000
4.048,118.75000
4.099,119.87500
4.149,120.50000
4.200,121.62500
4.251,122.00000
4.301,122.87500
4.352,123.25000
4.403,124.00000
4.453,124.50000
4.504,124.87500
4.555,125.50000
4.605,125.87500
4.656,126.50000
4.707,127.00000
4.757,127.87500
4.808,128.37500
4.859,129.50000
4.909,130.12500
4.960,130.87500
5.011,131.37500
5.061,131.75000
5.112,132.62500
5.163,133.00000
5.213,133.87500
5.264,135.12500
5.315,137.75000
5.365,140.12500
5.416,142.87500
5.467,145.12500
5.517,147.37500
5.568,149.00000
5.619,150.00000
5.669,151.25000
5.720,151.62500
5.771,152.50000
5.821,152.87500
5.872,153.25000
5.923,153.50000
5.973,153.50000
6.024,153.62500
6.075,153.62500
6.126,153.62500
6.177,153.50000
6.227,153.87500
6.278,153.87500
6.329,154.12500
6.379,154.62500
6.430,154.87500
6.481,155.25000
6.532,155.50000
6.582,155.87500
6.633,155.87500
6.684,156.25000
6.735,156.12500
6.785,156.37500
6.836,156.75000
6.887,157.37500
6.937,158.12500
6.988,159.12500
7.039,160.00000
7.090,161.00000
7.140,161.87500
7.191,162.50000
7.242,163.00000
7.293,163.12500
7.343,163.50000
7.394,164.00000
7.445,164.25000
7.495,164.62500
7.546,165.00000
7.597,165.37500
7.648,165.50000
7.698,166.12500
7.749,166.50000
7.800,167.00000
7.851,167.25000
7.901,167.62500
7.952,167.62500
8.003,167.75000
8.053,167.87500
8.104,168.00000
8.155,168.37500
8.206,168.37500
8.256,168.75000
8.307,168.62500
8.358,168.75000
8.409,168.75000
8.459,168.62500
8.510,168.37500
8.561,168.50000
8.612,168.37500
8.662,168.37500
8.713,168.37500
8.764,168.50000
8.814,168.50000
8.865,168.25000
8.916,168.25000
8.967,168.25000
9.017,168.37500
9.068,168.37500
9.119,168.37500
9.170,168.37500
9.220,168.62500
9.271,168.50000
9.322,168.50000
9.373,168.62500
9.423,168.62500
9.474,168.62500
9.525,168.50000
9.575,168.62500
9.626,168.50000
9.677,168.62500
9.728,168.37500
9.778,168.50000
9.829,168.50000
9.880,168.50000
9.931,168.37500
9.981,168.25000
10.032,168.25000
10.083,168.12500
10.133,168.12500
10.184,168.00000
10.235,168.12500
10.286,168.00000
10.336,168.00000
10.387,167.87500
10.438,168.00000
10.489,167.87500
10.539,168.00000
10.590,167.87500
10.641,167.87500
10.692,167.87500
10.742,167.87500
10.793,167.75000
10.844,167.75000
10.894,167.75000
10.945,167.75000
10.996,167.62500
11.047,167.62500
11.097,167.62500
11.148,167.50000
11.199,167.50000
11.250,167.50000
11.300,167.50000
11.351,167.37500
11.402,167.37500
11.452,167.25000
11.503,167.25000
11.554,167.25000
11.605,167.25000
11.655,167.12500
11.706,167.12500
11.757,167.00000
11.808,166.87500
11.858,166.75000
11.909,166.62500
11.960,166.50000
12.010,166.37500
12.061,166.37500
12.112,166.12500
12.163,166.25000
12.213,166.00000
12.264,166.00000
12.315,165.87500
12.366,165.87500
12.416,165.75000
12.467,165.75000
12.518,165.62500
12.568,165.25000
12.619,165.25000
12.670,165.12500
12.720,165.12500
12.771,165.00000
12.821,165.00000
12.872,164.87500
12.923,165.00000
12.973,164.62500
13.024,164.37500
13.075,164.50000
13.125,164.25000
13.176,164.25000
13.227,164.00000
13.277,164.12500
13.328,164.00000
13.379,164.00000
13.429,163.75000
13.480,163.62500
13.530,163.62500
13.581,163.37500
13.632,163.37500
13.682,163.25000
13.733,163.25000
13.784,163.00000
13.834,163.00000
13.885,162.75000
13.936,162.87500
13.986,162.75000
14.037,162.50000
14.088,162.62500
14.138,162.25000
14.189,162.37500
14.240,162.12500
14.290,162.25000
14.341,162.00000
14.392,162.12500
14.442,161.87500
14.493,162.00000
14.544,161.50000
14.594,161.37500
14.645,161.50000
14.696,161.25000
14.746,161.37500
14.797,161.25000
14.848,161.25000
14.898,161.12500
14.949,161.00000
14.999,161.00000
15.050,160.87500
15.101,160.87500
15.151,160.62500
15.202,160.62500
15.253,160.62500
15.303,160.37500
15.354,160.12500
15.405,160.00000
15.455,160.00000
15.506,159.62500
15.557,159.75000
15.607,159.62500
15.658,159.50000
15.709,159.50000
15.759,159.12500
15.810,159.25000
15.861,158.87500
15.911,158.87500
15.962,158.75000
16.013,158.75000
16.063,158.62500
16.114,158.50000
16.165,158.50000
16.215,158.25000
16.266,158.25000
16.317,158.12500
16.367,158.25000
16.418,157.87500
16.469,157.87500
16.519,157.62500
16.570,157.62500
16.621,157.50000
16.671,157.37500
16.722,157.37500
16.773,157.12500
16.823,157.12500
16.874,156.87500
16.925,156.75000
16.975,156.62500
17.026,156.62500
17.077,156.37500
17.127,156.37500
17.178,156.37500
17.229,156.25000
17.279,156.25000
17.330,156.12500
17.381,156.00000
17.431,155.62500
17.482,155.62500
17.533,155.50000
17.584,155.50000
17.634,155.37500
17.685,155.25000
17.736,155.25000
17.786,155.00000
17.837,155.00000
17.888,154.75000
17.938,154.87500
17.989,154.50000
18.040,154.50000
18.091,154.37500
18.141,154.12500
18.192,154.12500
18.243,154.00000
18.293,153.87500
18.344,153.87500
18.395,153.87500
18.446,153.62500
18.496,153.62500
18.547,153.37500
18.598,153.37500
18.648,153.25000
18.699,153.12500
18.750,153.00000
18.801,152.87500
18.851,152.75000
18.902,152.75000
18.953,152.75000
19.003,152.50000
19.054,152.50000
19.105,152.50000
19.156,152.37500
19.206,152.12500
19.257,152.12500
19.308,151.87500
19.358,151.87500
19.409,151.75000
19.460,151.75000
19.510,151.50000
19.561,151.37500
19.612,151.37500
19.663,151.12500
19.713,151.12500
19.764,151.00000
19.815,150.87500
19.865,150.75000
19.916,150.75000
19.967,150.62500
20.017,150.50000
20.068,150.25000
20.119,150.37500
20.170,150.12500
20.220,149.87500
20.271,149.62500
20.322,149.62500
20.372,149.50000
20.423,149.25000
20.474,149.25000
20.525,149.25000
20.575,149.00000
20.626,148.87500
20.677,148.75000
20.727,148.75000
20.778,148.50000
20.829,148.50000
20.879,148.25000
20.930,148.25000
20.981,148.12500
21.032,148.12500
21.082,147.75000
21.133,147.75000
21.184,147.62500
21.234,147.50000
21.285,147.50000
21.336,147.37500
21.386,147.12500
21.437,147.12500
21.488,147.00000
21.539,146.75000
21.589,146.75000
21.640,146.62500
21.691,146.37500
21.741,146.37500
21.792,146.12500
21.843,146.25000
21.893,146.00000
21.944,145.87500
21.995,145.75000
22.046,145.50000
22.096,145.62500
22.147,145.37500
22.198,145.37500
22.248,145.12500
22.299,145.12500
22.350,144.75000
22.401,144.87500
22.451,144.62500
22.502,144.62500
22.552,144.50000
22.603,144.37500
22.654,144.25000
22.704,144.00000
22.755,144.00000
22.806,143.87500
22.856,143.75000
22.907,143.50000
22.958,143.50000
23.008,143.37500
23.059,143.25000
23.110,143.25000
23.160,143.00000
23.211,142.75000
23.261,142.62500
23.312,142.62500
23.363,142.37500
23.413,142.37500
23.464,142.12500
23.515,142.00000
23.565,141.87500
23.616,141.62500
23.667,141.75000
23.717,141.50000
23.768,141.37500
23.819,141.12500
23.869,141.12500
23.920,141.00000
23.971,140.62500
24.021,140.62500
24.072,140.37500
24.122,140.37500
24.173,140.00000
24.224,140.00000
24.274,139.87500
24.325,139.87500
24.376,139.50000
24.426,139.62500
24.477,139.37500
24.528,139.12500
24.578,139.12500
24.629,138.75000
24.680,138.87500
24.730,138.50000
24.781,138.62500
24.831,138.25000
24.882,138.37500
24.933,138.00000
24.983,137.75000
25.034,137.75000
25.085,137.62500
25.136,137.62500
25.186,137.37500
25.237,137.25000
25.288,137.00000
25.338,137.00000
25.389,136.62500
25.440,136.50000
25.490,136.25000
25.541,136.12500
25.591,136.00000
25.642,135.75000
25.693,135.75000
25.743,135.50000
25.794,135.50000
25.845,135.25000
25.895,135.25000
25.946,134.87500
25.997,134.75000
26.047,134.62500
26.098,134.37500
26.149,134.37500
26.199,134.00000
26.250,134.12500
26.300,133.87500
26.351,133.75000
26.402,133.62500
26.452,133.37500
26.503,133.12500
26.554,132.87500
26.604,133.00000
26.655,132.50000
26.706,132.62500
26.756,132.25000
26.807,132.25000
26.857,132.00000
26.908,132.00000
26.959,131.75000
27.009,131.50000
27.060,131.50000
27.111,131.12500
27.161,131.25000
27.212,131.00000
27.263,131.00000
27.313,130.62500
27.364,130.62500
27.415,130.25000
27.465,130.12500
27.516,130.00000
27.567,129.75000
27.617,129.62500
27.668,129.37500
27.718,129.37500
27.769,128.87500
27.820,128.87500
27.870,128.62500
27.921,128.50000
27.972,128.37500
28.022,128.00000
28.073,127.87500
28.124,127.75000
28.174,127.62500
28.225,127.37500
28.276,127.12500
28.326,127.00000
28.377,126.87500
28.428,126.75000
28.478,126.50000
28.529,126.37500
28.579,126.00000
28.630,126.00000
28.681,125.75000
28.731,125.75000
28.782,125.50000
28.833,125.37500
28.883,125.12500
28.934,125.00000
28.984,124.75000
29.035,124.37500
29.086,124.50000
29.136,124.12500
29.187,124.12500
29.238,123.75000
29.288,123.62500
29.339,123.25000
29.390,123.00000
29.440,122.87500
29.491,122.50000
29.542,122.37500
29.592,122.12500
29.643,122.12500
29.694,121.75000
29.744,121.75000
29.795,121.37500
29.846,121.37500
29.896,121.00000
29.947,120.87500
29.998,120.62500
30.048,120.37500
30.099,120.37500
30.150,120.00000
30.200,119.87500
30.251,119.62500
30.302,119.50000
30.352,119.25000
30.403,119.00000
30.454,118.87500
30.504,118.50000
30.555,118.37500
30.606,118.12500
30.656,118.12500
30.707,117.75000
30.757,117.62500
30.808,117.37500
30.859,117.25000
30.910,116.75000
30.960,116.75000
31.011,116.50000
31.062,116.37500
31.112,116.00000
31.163,115.75000
31.214,115.62500
31.264,115.25000
31.315,115.12500
31.366,114.87500
31.416,114.75000
31.467,114.37500
31.518,114.25000
31.568,114.12500
31.619,113.75000
31.669,113.62500
31.720,113.37500
31.771,113.25000
31.821,112.87500
31.872,112.75000
31.923,112.50000
31.973,112.37500
32.024,112.00000
32.075,111.87500
32.125,111.62500
32.176,111.37500
32.227,111.12500
32.277,111.12500
32.328,110.75000
32.379,110.62500
32.429,110.37500
32.480,110.12500
32.531,109.87500
32.581,109.62500
32.632,109.37500
32.682,109.12500
32.733,109.00000
32.784,108.75000
32.834,108.62500
32.885,108.25000
32.936,107.87500
32.986,107.62500
33.037,107.37500
33.088,107.12500
33.138,107.12500
33.189,106.75000
33.240,106.50000
33.290,106.25000
33.341,106.12500
33.392,105.87500
33.442,105.50000
33.493,105.37500
33.544,105.00000
33.594,104.75000
33.645,104.50000
33.695,104.37500
33.746,104.25000
33.797,103.75000
33.847,103.62500
33.898,103.37500
33.949,103.12500
33.999,102.62500
34.050,102.75000
34.101,102.37500
34.151,102.25000
34.202,102.00000
34.253,101.62500
34.303,101.50000
34.354,101.12500
34.405,101.00000
34.455,100.62500
34.506,100.50000
34.557,100.00000
34.607,100.00000
34.658,99.50000
34.709,99.25000
34.759,99.12500
34.810,98.87500
34.861,98.62500
34.912,98.25000
34.962,98.12500
35.013,97.62500
35.064,97.50000
35.114,97.12500
35.165,97.00000
35.216,96.50000
35.266,96.50000
35.317,96.12500
35.368,95.87500
35.419,95.50000
35.469,95.25000
35.520,95.12500
35.571,94.50000
35.621,94.50000
35.672,94.00000
35.723,93.75000
35.773,93.50000
35.824,93.25000
35.875,93.12500
35.926,92.62500
35.976,92.62500
36.027,92.00000
36.078,91.75000
36.128,91.50000
36.179,91.25000
36.230,90.75000
36.280,90.62500
36.331,90.25000
36.382,90.12500
36.433,89.62500
36.483,89.50000
36.534,89.25000
36.585,88.87500
36.635,88.75000
36.686,88.25000
36.737,88.12500
36.787,87.50000
36.838,87.25000
36.889,86.87500
36.939,86.62500
36.990,86.12500
37.041,86.00000
37.092,85.87500
37.142,85.37500
37.193,85.25000
37.244,84.75000
37.294,84.62500
37.345,84.12500
37.396,84.00000
37.446,83.50000
37.497,83.25000
37.548,82.87500
37.599,82.62500
37.649,82.37500
37.700,82.00000
37.751,81.62500
37.801,81.37500
37.852,81.12500
37.903,80.62500
37.953,80.37500
38.004,80.00000
38.055,79.75000
38.105,79.25000
38.156,79.12500
38.207,78.75000
38.257,78.37500
38.308,78.12500
38.359,77.62500
38.409,77.50000
38.460,77.12500
38.510,76.75000
38.561,76.37500
38.612,76.12500
38.662,76.00000
38.713,75.50000
38.764,75.25000
38.814,74.87500
38.865,74.62500
38.916,74.25000
38.966,74.00000
39.017,73.62500
39.068,73.25000
39.118,73.00000
39.169,72.62500
39.220,72.50000
39.270,72.00000
39.321,71.75000
39.372,71.25000
39.422,71.00000
39.473,70.62500
39.524,70.50000
39.574,70.00000
39.625,69.75000
39.676,69.50000
39.726,69.12500
39.777,68.75000
39.828,68.50000
39.878,68.12500
39.929,67.75000
39.979,67.37500
40.030,67.00000
40.081,66.75000
40.131,66.25000
40.182,66.12500
40.233,65.75000
40.283,65.37500
40.334,65.12500
40.385,64.75000
40.435,64.50000
40.486,63.87500
40.537,63.87500
40.587,63.37500
40.638,63.00000
40.688,62.75000
40.739,62.37500
40.790,62.12500
40.840,61.62500
40.891,61.37500
40.942,61.00000
40.992,60.62500
41.043,60.25000
41.094,59.87500
41.144,59.62500
41.195,59.37500
41.246,59.12500
41.296,58.75000
41.347,58.37500
41.397,58.00000
41.448,57.75000
41.499,57.25000
41.550,57.12500
41.601,56.62500
41.651,56.37500
41.702,55.87500
41.753,55.62500
41.804,55.37500
41.854,55.00000
41.905,54.62500
41.956,54.37500
42.006,54.12500
42.057,53.62500
42.108,53.25000
42.159,52.87500
42.209,52.50000
42.260,52.25000
42.311,51.87500
42.361,51.62500
42.412,51.12500
42.463,50.87500
42.514,50.50000
42.564,50.25000
42.615,49.87500
42.666,49.62500
42.716,49.12500
42.767,48.87500
42.818,48.62500
42.869,48.12500
42.919,47.87500
42.970,47.50000
43.021,47.25000
43.071,46.87500
43.122,46.62500
43.173,46.25000
43.224,45.75000
43.274,45.50000
43.325,45.25000
43.376,45.00000
43.427,44.50000
43.477,44.25000
43.528,43.87500
43.579,43.62500
43.629,43.25000
43.680,42.87500
43.731,42.62500
43.782,42.25000
43.832,42.00000
43.883,41.62500
43.934,41.25000
43.984,40.75000
44.035,40.62500
44.086,40.12500
44.137,40.00000
44.187,39.50000
44.238,39.37500
44.289,38.87500
44.340,38.50000
44.390,38.25000
44.441,37.75000
44.492,37.62500
44.542,37.12500
44.593,37.00000
44.644,36.75000
44.695,36.37500
44.745,35.87500
44.796,35.75000
44.847,35.37500
44.898,35.12500
44.948,34.62500
44.999,34.25000
45.050,34.12500
45.100,33.50000
45.152,33.37500
45.203,32.87500
45.253,32.75000
45.304,32.37500
45.355,32.25000
45.405,31.87500
45.456,31.37500
45.507,31.00000
45.558,30.75000
45.608,30.62500
45.659,30.00000
45.710,29.87500
45.761,29.62500
45.811,29.25000
45.862,28.87500
45.913,28.62500
45.963,28.37500
46.014,27.87500
46.065,27.75000
46.116,27.37500
46.166,27.12500
46.217,26.75000
46.268,26.37500
46.319,26.12500
46.369,25.87500
46.420,25.50000
46.471,25.12500
46.521,24.75000
46.572,24.37500
46.622,24.12500
46.673,23.75000
46.724,23.50000
46.774,23.12500
46.825,23.00000
46.876,22.62500
46.926,22.25000
46.977,22.12500
47.028,21.50000
47.078,21.37500
47.129,21.00000
47.180,20.75000
47.230,20.12500
47.281,20.00000
47.331,19.75000
47.382,19.50000
47.433,19.12500
47.483,18.87500
47.534,18.62500
47.585,18.12500
47.635,17.87500
47.686,17.50000
47.736,17.25000
47.787,17.12500
47.838,16.62500
47.888,16.37500
47.939,16.00000
47.990,15.62500
48.041,15.37500
48.091,15.12500
48.142,14.75000
48.193,14.62500
48.243,14.25000
48.294,14.00000
48.345,13.75000
48.395,13.37500
48.446,13.00000
48.497,12.62500
48.547,12.62500
48.598,12.12500
48.648,12.00000
48.699,11.50000
48.750,11.37500
48.800,10.87500
48.851,10.62500
48.902,10.62500
48.952,10.12500
49.003,9.87500
49.054,9.62500
49.104,9.25000
49.155,8.87500
49.206,8.75000
49.256,8.25000
49.307,8.25000
49.358,7.62500
49.408,7.50000
49.459,7.25000
49.510,7.00000
49.560,6.75000
49.611,6.37500
49.662,6.25000
49.712,5.75000
49.763,5.62500
49.814,5.25000
49.864,5.12500
49.915,5.00000
49.966,4.50000
50.016,4.37500
50.067,3.87500
50.118,3.62500
50.168,3.37500
50.219,3.25000
50.270,2.75000
50.320,2.62500
50.371,2.25000
50.422,2.00000
50.472,1.75000
50.523,1.50000
50.574,1.37500
50.624,0.87500
50.675,0.75000
50.725,0.37500
50.776,0.25000
50.827,-0.12500
50.877,-0.37500
50.928,-0.37500
50.979,-1.00000
51.029,-1.00000
51.080,-1.50000
51.131,-1.62500
51.181,-2.00000
51.232,-2.12500
51.283,-2.62500
51.333,-2.75000
51.384,-3.12500
51.435,-3.25000
51.485,-3.37500
51.536,-3.75000
51.586,-3.87500
51.637,-4.37500
51.688,-4.50000
51.738,-4.87500
51.789,-5.00000
51.840,-5.50000
51.890,-5.50000
51.941,-5.62500
51.992,-6.12500
52.042,-6.12500
52.093,-6.62500
52.144,-6.75000
52.194,-7.25000
52.245,-7.37500
52.296,-7.62500
52.346,-7.87500
52.397,-8.12500
52.448,-8.37500
52.498,-8.37500
52.549,-8.87500
52.599,-9.00000
52.650,-9.37500
52.701,-9.37500
52.751,-9.87500
52.802,-10.00000
52.853,-10.37500
52.903,-10.62500
52.954,-10.75000
53.005,-11.12500
53.055,-11.25000
53.106,-11.50000
53.157,-11.62500
53.207,-12.00000
53.258,-12.12500
53.308,-12.37500
53.359,-12.62500
53.410,-13.00000
53.460,-13.00000
53.511,-13.25000
53.562,-13.62500
53.612,-13.87500
53.663,-14.12500
53.714,-14.25000
53.764,-14.62500
53.815,-14.75000
53.865,-15.12500
53.916,-15.25000
53.967,-15.37500
54.017,-15.87500
54.068,-15.75000
54.119,-16.37500
54.169,-16.37500
54.220,-16.75000
54.271,-16.87500
54.321,-17.12500
54.372,-17.25000
54.423,-17.50000
54.473,-17.75000
54.524,-17.87500
54.574,-18.12500
54.625,-18.25000
54.676,-18.75000
54.727,-18.75000
54.777,-19.00000
54.828,-19.25000
54.878,-19.50000
54.929,-19.62500
54.980,-19.87500
55.031,-20.12500
55.081,-20.37500
55.132,-20.62500
55.182,-20.75000
55.233,-21.00000
55.284,-21.12500
55.334,-21.37500
55.385,-21.50000
55.436,-21.87500
55.486,-22.00000
55.537,-22.12500
55.588,-22.50000
55.638,-22.75000
55.689,-23.00000
55.740,-23.25000
55.790,-23.50000
55.841,-23.50000
55.891,-23.87500
55.942,-24.00000
55.993,-24.12500
56.043,-24.62500
56.094,-24.62500
56.145,-24.87500
56.195,-25.00000
56.246,-25.25000
56.296,-25.25000
56.347,-25.62500
56.398,-25.62500
56.448,-25.87500
56.499,-26.00000
56.550,-26.12500
56.600,-26.37500
56.651,-26.50000
56.702,-26.87500
56.752,-27.00000
56.803,-27.25000
56.853,-27.37500
56.904,-27.62500
56.955,-27.87500
57.005,-28.00000
57.056,-28.25000
57.107,-28.37500
57.157,-28.62500
57.208,-28.75000
57.259,-28.87500
57.309,-29.12500
57.360,-29.37500
57.410,-29.37500
57.461,-29.62500
57.512,-29.87500
57.562,-30.00000
57.613,-30.25000
57.664,-30.37500
57.714,-30.62500
57.765,-30.75000
57.816,-30.87500
57.866,-31.00000
57.917,-31.12500
57.968,-31.50000
58.018,-31.62500
58.069,-31.75000
58.120,-31.87500
58.170,-32.25000
58.221,-32.37500
58.272,-32.50000
58.322,-32.62500
58.373,-33.00000
58.423,-33.00000
58.474,-33.12500
58.525,-33.37500
58.575,-33.50000
58.626,-33.62500
58.677,-33.87500
58.727,-34.25000
58.778,-34.25000
58.828,-34.37500
58.879,-34.50000
58.930,-34.75000
58.980,-34.87500
59.031,-35.00000
59.082,-35.25000
59.132,-35.25000
59.183,-35.62500
59.234,-35.75000
59.284,-35.87500
59.335,-36.00000
59.386,-36.25000
59.436,-36.37500
59.487,-36.50000
59.538,-36.75000
59.588,-36.75000
59.639,-37.00000
59.690,-37.12500
59.740,-37.25000
59.791,-37.50000
59.842,-37.62500
59.892,-37.75000
59.943,-37.87500
59.994,-38.12500
60.044,-38.25000
60.095,-38.50000
60.146,-38.62500
60.196,-38.75000
60.247,-38.87500
60.298,-39.00000
60.348,-39.12500
60.399,-39.37500
60.450,-39.37500
60.500,-39.50000
60.551,-39.75000
60.602,-39.75000
60.652,-40.12500
60.703,-40.12500
60.754,-40.25000
60.804,-40.37500
60.855,-40.62500
60.906,-40.62500
60.956,-40.87500
61.007,-41.12500
61.058,-41.00000
61.108,-41.25000
61.159,-41.37500
61.210,-41.62500
61.260,-41.62500
61.311,-41.75000
61.362,-41.87500
61.412,-42.12500
61.463,-42.12500
61.514,-42.37500
61.564,-42.50000
61.615,-42.62500
61.665,-42.75000
61.716,-42.75000
61.767,-43.00000
61.817,-43.12500
61.868,-43.37500
61.919,-43.50000
61.969,-43.62500
62.020,-43.75000
62.071,-43.87500
62.122,-43.87500
62.172,-43.87500
62.223,-44.12500
62.274,-44.25000
62.324,-44.50000
62.375,-44.50000
62.425,-44.75000
62.476,-44.75000
62.527,-44.87500
62.578,-44.87500
62.628,-45.00000
62.679,-45.25000
62.730,-45.25000
62.780,-45.50000
62.831,-45.50000
62.882,-45.87500
62.932,-45.87500
62.983,-46.00000
63.033,-46.12500
63.084,-46.25000
63.135,-46.25000
63.185,-46.50000
63.236,-46.50000
63.287,-46.62500
63.337,-46.75000
63.388,-46.87500
63.439,-47.12500
63.489,-47.25000
63.540,-47.12500
63.591,-47.37500
63.641,-47.37500
63.692,-47.50000
63.743,-47.62500
63.793,-47.87500
63.844,-47.87500
63.895,-48.00000
63.945,-48.00000
63.996,-48.00000
64.047,-48.25000
64.097,-48.37500
64.148,-48.50000
64.199,-48.62500
64.249,-48.62500
64.300,-48.75000
64.351,-48.87500
64.401,-48.87500
64.452,-49.12500
64.503,-49.12500
64.553,-49.12500
64.604,-49.25000
64.655,-49.37500
64.705,-49.50000
64.756,-49.50000
64.806,-49.50000
64.857,-49.62500
64.908,-49.62500
64.958,-49.87500
65.009,-49.87500
65.060,-50.00000
65.110,-50.00000
65.161,-50.25000
65.212,-50.25000
65.262,-50.37500
65.313,-50.50000
65.364,-50.62500
65.414,-50.75000
65.465,-50.75000
65.516,-50.87500
65.566,-50.87500
65.617,-51.00000
65.668,-51.00000
65.718,-51.25000
65.769,-51.37500
65.819,-51.25000
65.870,-51.50000
65.921,-51.50000
65.971,-51.50000
66.022,-51.62500
66.073,-51.75000
66.123,-51.75000
66.174,-51.87500
66.225,-52.00000
66.275,-52.12500
66.326,-52.25000
66.377,-52.12500
66.427,-52.37500
66.478,-52.37500
66.529,-52.50000
66.579,-52.50000
66.630,-52.62500
66.681,-52.50000
66.731,-52.75000
66.782,-52.75000
66.833,-52.87500
66.883,-53.00000
66.934,-53.00000
66.985,-53.12500
67.035,-53.12500
67.086,-53.25000
67.137,-53.25000
67.187,-53.37500
67.238,-53.25000
67.289,-53.50000
67.339,-53.75000
67.390,-53.62500
67.440,-53.87500
67.491,-53.75000
67.542,-54.00000
67.592,-53.87500
67.643,-54.00000
67.694,-54.00000
67.744,-54.12500
67.795,-54.37500
67.846,-54.25000
67.896,-54.50000
67.947,-54.50000
67.998,-54.62500
68.048,-54.50000
68.099,-54.62500
68.150,-54.62500
68.200,-54.75000
68.251,-54.62500
68.302,-54.87500
68.352,-55.00000
68.403,-55.00000
68.454,-55.00000
68.504,-54.87500
68.555,-55.12500
68.606,-55.00000
68.656,-55.25000
68.707,-55.37500
68.758,-55.37500
68.808,-55.37500
68.859,-55.37500
68.910,-55.75000
68.960,-55.50000
69.011,-55.75000
69.062,-55.62500
69.112,-55.87500
69.163,-55.75000
69.214,-55.75000
69.264,-55.75000
69.315,-55.87500
69.366,-56.00000
69.416,-56.00000
69.467,-56.12500
69.518,-56.00000
69.568,-56.25000
69.619,-56.12500
69.670,-56.37500
69.720,-56.25000
69.771,-56.37500
69.822,-56.37500
69.872,-56.37500
69.923,-56.62500
69.973,-56.62500
70.024,-56.75000
70.075,-56.62500
70.125,-56.87500
70.176,-56.75000
70.227,-56.75000
70.277,-56.87500
70.328,-56.87500
70.379,-57.00000
70.429,-57.00000
70.480,-57.12500
70.531,-57.00000
70.581,-57.12500
70.632,-57.25000
70.683,-57.25000
70.733,-57.25000
70.784,-57.37500
70.835,-57.50000
70.885,-57.50000
70.936,-57.50000
70.987,-57.50000
71.037,-57.50000
71.088,-57.50000
71.139,-57.62500
71.189,-57.75000
71.240,-57.75000
71.291,-57.87500
71.341,-57.87500
71.392,-58.00000
71.443,-57.87500
71.493,-58.00000
71.544,-58.12500
71.594,-58.12500
71.645,-58.12500
71.696,-58.12500
71.746,-58.12500
71.797,-58.12500
71.848,-58.37500
71.898,-58.25000
71.949,-58.25000
72.000,-58.50000
72.050,-58.50000
72.101,-58.50000
72.152,-58.50000
72.202,-58.62500
72.253,-58.75000
72.304,-58.62500
72.354,-58.62500
72.405,-58.75000
72.456,-58.75000
72.506,-58.75000
72.557,-58.75000
72.608,-58.75000
72.658,-59.00000
72.709,-58.87500
72.760,-59.00000
72.810,-58.87500
72.861,-59.12500
72.912,-59.00000
72.962,-59.25000
73.013,-59.00000
73.064,-59.12500
73.114,-59.12500
73.165,-59.12500
73.216,-59.37500
73.266,-59.25000
73.317,-59.50000
73.367,-59.50000
73.418,-59.62500
73.469,-59.50000
73.519,-59.37500
73.570,-59.50000
73.621,-59.62500
73.671,-59.75000
73.722,-59.62500
73.773,-59.75000
73.824,-59.87500
73.874,-60.00000
73.925,-59.75000
73.976,-59.87500
74.027,-59.87500
74.077,-60.12500
74.128,-60.00000
74.179,-60.00000
74.229,-60.12500
74.280,-60.00000
74.331,-60.12500
74.381,-60.12500
74.432,-60.37500
74.483,-60.25000
74.533,-60.37500
74.584,-60.37500
74.635,-60.50000
74.685,-60.37500
74.736,-60.37500
74.787,-60.37500
74.838,-60.50000
74.888,-60.50000
74.939,-60.50000
74.990,-60.50000
75.040,-60.50000
75.091,-60.75000
75.142,-60.50000
75.192,-60.75000
75.243,-60.62500
75.294,-60.62500
75.344,-60.75000
75.395,-60.75000
75.446,-60.87500
75.497,-60.75000
75.547,-61.00000
75.598,-61.00000
75.649,-61.00000
75.699,-61.00000
75.750,-61.00000
75.801,-61.00000
75.851,-60.87500
75.902,-61.12500
75.953,-61.00000
76.003,-61.12500
76.054,-61.00000
76.105,-61.25000
76.156,-61.12500
76.206,-61.25000
76.257,-61.25000
76.308,-61.37500
76.358,-61.37500
76.409,-61.37500
76.460,-61.62500
76.510,-61.50000
76.561,-61.50000
76.612,-61.50000
76.663,-61.50000
76.713,-61.37500
76.764,-61.50000
76.815,-61.62500
76.865,-61.62500
76.916,-61.62500
76.967,-61.62500
77.017,-61.62500
77.068,-61.62500
77.119,-61.87500
77.170,-61.75000
77.220,-61.87500
77.271,-61.75000
77.322,-61.87500
77.372,-61.87500
77.423,-62.00000
77.473,-61.87500
77.524,-61.87500
77.575,-62.00000
77.625,-61.87500
77.676,-62.00000
77.727,-62.00000
77.777,-62.12500
77.828,-62.00000
77.879,-62.12500
77.929,-62.00000
77.980,-62.12500
78.031,-62.12500
78.081,-62.12500
78.132,-62.12500
78.183,-62.25000
78.233,-62.37500
78.284,-62.25000
78.335,-62.37500
78.385,-62.37500
78.436,-62.50000
78.487,-62.37500
78.537,-62.37500
78.588,-62.37500
78.639,-62.50000
78.689,-62.50000
78.740,-62.50000
78.791,-62.50000
78.841,-62.62500
78.892,-62.50000
78.943,-62.50000
78.993,-62.62500
79.044,-62.62500
79.095,-62.50000
79.145,-62.62500
79.196,-62.62500
79.247,-62.75000
79.298,-62.75000
79.348,-62.87500
79.399,-62.75000
79.450,-62.75000
79.501,-62.75000
79.551,-62.87500
79.602,-62.87500
79.653,-62.87500
79.703,-62.87500
79.754,-62.87500
79.805,-63.00000
79.856,-62.87500
79.906,-62.87500
79.957,-62.87500
80.008,-63.00000
80.058,-63.00000
80.109,-63.12500
80.160,-63.12500
80.211,-63.12500
80.261,-63.12500
80.312,-63.12500
80.363,-63.25000
80.414,-63.25000
80.464,-63.25000
80.515,-63.37500
80.566,-63.25000
80.616,-63.37500
80.667,-63.37500
80.718,-63.50000
80.769,-63.37500
80.819,-63.37500
80.870,-63.37500
80.921,-63.50000
80.971,-63.37500
81.022,-63.62500
81.073,-63.50000
81.124,-63.62500
81.174,-63.62500
81.225,-63.62500
81.276,-63.62500
81.327,-63.62500
81.377,-63.75000
81.428,-63.62500
81.479,-63.62500
81.529,-63.62500
81.580,-63.75000
81.631,-63.62500
81.682,-63.75000
81.732,-63.62500
81.783,-63.75000
81.834,-63.75000
81.884,-63.75000
81.935,-63.87500
81.986,-63.75000
82.037,-64.00000
82.087,-63.87500
82.138,-63.87500
82.189,-63.75000
82.239,-63.87500
82.290,-63.87500
82.341,-63.87500
82.392,-64.00000
82.442,-63.75000
82.493,-64.00000
82.544,-63.75000
82.594,-64.00000
82.645,-63.87500
82.696,-64.00000
82.747,-63.75000
82.797,-63.87500
82.848,-64.00000
82.899,-64.00000
82.950,-64.12500
83.000,-64.00000
83.051,-64.12500
83.102,-64.00000
83.152,-64.12500
83.203,-64.00000
83.254,-64.12500
83.305,-64.00000
83.355,-64.12500
83.406,-64.00000
83.457,-64.12500
83.507,-64.25000
83.558,-64.12500
83.609,-64.25000
83.660,-64.25000
83.710,-64.37500
83.761,-64.12500
83.812,-64.37500
83.862,-64.12500
83.913,-64.37500
83.964,-64.25000
84.015,-64.37500
84.065,-64.37500
84.116,-64.25000
84.167,-64.50000
84.217,-64.25000
84.268,-64.37500
84.319,-64.25000
84.369,-64.50000
84.420,-64.37500
84.470,-64.37500
84.521,-64.37500
84.572,-64.25000
84.622,-64.50000
84.673,-64.50000
84.724,-64.62500
84.774,-64.50000
84.825,-64.62500
84.876,-64.37500
84.926,-64.50000
84.977,-64.62500
85.028,-64.62500
85.078,-64.75000
85.129,-64.62500
85.180,-64.75000
85.230,-64.62500
85.281,-64.75000
85.331,-64.75000
85.382,-64.75000
85.433,-64.75000
85.483,-64.62500
85.534,-64.75000
85.585,-64.62500
85.635,-64.87500
85.686,-64.87500
85.737,-64.87500
85.787,-64.75000
85.838,-64.75000
85.889,-65.00000
85.939,-64.75000
85.990,-64.87500
86.041,-64.87500
86.091,-65.00000
86.142,-65.00000
86.193,-64.87500
86.243,-64.87500
86.294,-65.00000
86.344,-64.87500
86.395,-65.00000
86.446,-65.00000
86.496,-64.87500
86.547,-64.87500
86.598,-65.00000
86.648,-65.12500
86.699,-65.00000
86.750,-65.12500
86.800,-65.00000
86.851,-65.12500
86.902,-65.12500
86.952,-65.12500
87.003,-65.12500
87.054,-65.12500
87.104,-65.25000
87.155,-65.12500
87.206,-65.25000
87.256,-65.25000
87.307,-65.50000
87.358,-65.25000
87.408,-65.37500
87.459,-65.25000
87.510,-65.25000
87.560,-65.25000
87.611,-65.25000
87.662,-65.50000
87.712,-65.37500
87.763,-65.37500
87.814,-65.37500
87.864,-65.25000
87.915,-65.25000
87.965,-65.37500
88.016,-65.37500
88.067,-65.37500
88.117,-65.37500
88.168,-65.37500
88.219,-65.50000
88.269,-65.37500
88.320,-65.50000
88.371,-65.62500
88.421,-65.50000
88.472,-65.62500
88.523,-65.50000
88.573,-65.62500
88.624,-65.50000
88.675,-65.62500
88.725,-65.62500
88.776,-65.50000
88.826,-65.62500
88.877,-65.62500
88.928,-65.75000
88.978,-65.62500
89.029,-65.75000
89.080,-65.75000
89.130,-65.75000
89.181,-65.62500
89.232,-65.87500
89.282,-65.75000
89.333,-65.75000
89.384,-65.75000
89.434,-65.75000
89.485,-65.87500
89.536,-65.75000
89.586,-66.00000
89.637,-65.87500
89.688,-65.87500
89.738,-65.87500
89.789,-66.00000
89.840,-66.00000
89.890,-65.87500
89.941,-66.00000
89.992,-65.87500
90.042,-66.00000
90.093,-66.00000
90.144,-66.00000
90.194,-66.00000
90.245,-66.00000
90.296,-66.12500
90.346,-66.00000
90.397,-66.12500
90.448,-66.12500
90.498,-66.25000
90.549,-66.12500
90.599,-66.25000
90.650,-66.00000
90.701,-65.87500
90.751,-66.00000
90.802,-66.00000
90.853,-66.25000
90.903,-66.00000
90.954,-66.12500
91.005,-66.00000
91.055,-66.25000
91.106,-66.25000
91.157,-66.37500
91.207,-66.25000
91.258,-66.12500
91.309,-66.37500
91.359,-66.25000
91.410,-66.37500
91.461,-66.25000
91.511,-66.50000
91.562,-66.50000
91.613,-66.50000
91.664,-66.50000
91.714,-66.50000
91.765,-66.50000
91.816,-66.37500
91.866,-66.50000
91.917,-66.37500
91.968,-66.62500
92.018,-66.50000
92.069,-66.62500
92.120,-66.37500
92.171,-66.62500
92.221,-66.75000
92.272,-66.75000
92.323,-66.75000
92.373,-66.62500
92.424,-66.75000
92.475,-66.75000
92.525,-66.87500
92.576,-66.75000
92.627,-66.75000
92.678,-66.87500
92.728,-66.87500
92.779,-66.87500
92.830,-66.87500
92.880,-66.87500
92.931,-66.87500
92.982,-66.87500
93.032,-66.75000
93.083,-66.87500
93.134,-66.87500
93.185,-66.87500
93.235,-66.75000
93.286,-66.87500
93.337,-67.00000
93.387,-67.12500
93.438,-67.00000
93.489,-67.12500
93.539,-67.00000
93.590,-67.00000
93.641,-67.00000
93.691,-67.00000
93.742,-67.00000
93.793,-67.00000
93.843,-67.12500
93.894,-67.00000
93.945,-67.12500
93.995,-67.12500
94.046,-67.00000
94.097,-67.12500
94.147,-67.12500
94.198,-67.12500
94.249,-67.12500
94.299,-67.25000
94.350,-67.12500
94.400,-67.12500
94.451,-67.12500
94.502,-67.25000
94.552,-67.12500
94.603,-67.12500
94.654,-67.37500
94.704,-67.25000
94.755,-67.25000
94.806,-67.25000
94.856,-67.37500
94.907,-67.25000
94.958,-67.37500
95.008,-67.37500
95.059,-67.25000
95.109,-67.37500
95.160,-67.12500
95.211,-67.25000
95.261,-67.25000
95.312,-67.25000
95.363,-67.25000
95.413,-67.25000
95.464,-67.25000
95.515,-67.37500
95.565,-67.37500
95.616,-67.37500
95.667,-67.37500
95.717,-67.50000
95.768,-67.37500
95.818,-67.37500
95.869,-67.37500
95.920,-67.50000
95.970,-67.37500
96.021,-67.50000
96.072,-67.37500
96.122,-67.50000
96.173,-67.37500
96.224,-67.50000
96.274,-67.50000
96.325,-67.50000
96.375,-67.50000
96.426,-67.50000
96.477,-67.50000
96.527,-67.37500
96.578,-67.50000
96.629,-67.50000
96.679,-67.50000
96.730,-67.50000
96.781,-67.50000
96.831,-67.50000
96.882,-67.50000
96.933,-67.50000
96.983,-67.37500
97.034,-67.62500
97.085,-67.50000
97.135,-67.62500
97.186,-67.62500
97.237,-67.62500
97.287,-67.62500
97.338,-67.50000
97.388,-67.62500
97.439,-67.62500
97.490,-67.62500
97.540,-67.50000
97.591,-67.75000
97.642,-67.75000
97.692,-67.62500
97.743,-67.75000
97.794,-67.75000
97.844,-67.75000
97.895,-67.62500
97.946,-67.75000
97.996,-67.62500
98.047,-67.75000
98.098,-67.75000
98.148,-67.87500
98.199,-67.87500
98.250,-67.75000
98.300,-67.87500
98.351,-67.75000
98.401,-67.87500
98.452,-67.87500
98.503,-68.00000
98.553,-67.75000
98.604,-67.87500
98.655,-68.00000
98.705,-67.87500
98.756,-68.00000
98.807,-67.87500
98.857,-68.00000
98.908,-67.87500
98.959,-68.00000
99.009,-67.87500
99.060,-67.87500
99.110,-68.12500
99.161,-67.87500
99.212,-68.00000
99.262,-68.00000
99.313,-67.87500
99.364,-67.75000
99.414,-68.00000
99.465,-67.87500
99.516,-67.87500
99.567,-67.75000
99.617,-68.00000
99.668,-68.12500
99.719,-68.00000
99.769,-68.25000
99.820,-68.00000
99.871,-68.00000
99.921,-67.87500
99.972,-68.00000
100.023,-68.00000
100.073,-68.12500
100.124,-67.87500
100.175,-68.12500
100.225,-68.12500
100.276,-68.00000
100.326,-68.00000
100.377,-68.00000
100.428,-68.12500
100.478,-67.87500
100.529,-68.00000
100.580,-68.00000
100.630,-68.12500
100.681,-68.12500
100.732,-68.12500
100.782,-68.25000
100.833,-68.00000
100.884,-68.25000
100.934,-68.12500
100.985,-68.12500
101.036,-68.00000
101.086,-68.25000
101.137,-68.00000
101.188,-68.12500
101.238,-68.25000
101.289,-68.12500
101.340,-68.25000
101.390,-68.12500
101.441,-68.25000
101.492,-68.12500
101.542,-68.25000
101.593,-68.12500
101.643,-68.25000
101.694,-68.50000
101.745,-68.25000
101.795,-68.37500
101.846,-68.25000
101.897,-68.37500
101.947,-68.25000
101.998,-68.37500
102.049,-68.25000
102.099,-68.25000
102.150,-68.37500
102.201,-68.25000
102.251,-68.37500
102.302,-68.25000
102.353,-68.50000
102.403,-68.25000
102.454,-68.37500
102.505,-68.25000
102.555,-68.37500
102.606,-68.37500
102.657,-68.50000
102.707,-68.37500
102.758,-68.50000
102.809,-68.62500
102.859,-68.50000
102.910,-68.50000
102.961,-68.50000
103.011,-68.37500
103.062,-68.50000
103.113,-68.50000
103.163,-68.62500
103.214,-68.50000
103.265,-68.62500
103.315,-68.50000
103.366,-68.50000
103.417,-68.62500
103.467,-68.50000
103.518,-68.62500
103.568,-68.62500
103.619,-68.62500
103.670,-68.75000
103.720,-68.75000
103.771,-68.62500
103.822,-68.62500
103.872,-68.62500
103.923,-68.75000
103.974,-68.75000
104.024,-68.62500
104.075,-68.75000
104.126,-68.62500
104.176,-68.75000
104.227,-68.75000
104.278,-68.87500
104.328,-68.75000
104.379,-68.75000
104.430,-68.75000
104.480,-68.75000
104.531,-68.75000
104.582,-68.75000
104.632,-68.75000
104.683,-68.75000
104.734,-68.87500
104.784,-68.75000
104.835,-68.75000
104.886,-68.75000
104.936,-68.75000
104.987,-68.87500
105.038,-68.75000
105.088,-69.00000
105.139,-68.87500
105.189,-69.00000
105.240,-68.75000
105.291,-69.00000
105.341,-68.87500
105.392,-68.75000
105.443,-68.87500
105.493,-68.87500
105.544,-68.87500
105.595,-68.87500
105.645,-69.00000
105.696,-68.87500
105.747,-69.00000
105.797,-68.87500
105.848,-68.87500
105.899,-69.00000
105.949,-69.00000
106.000,-69.00000
106.051,-69.00000
106.101,-69.12500
106.152,-69.00000
106.203,-69.12500
106.253,-69.00000
106.304,-69.12500
106.355,-69.00000
106.405,-69.00000
106.456,-69.00000
106.507,-69.00000
106.557,-69.25000
106.608,-69.12500
106.659,-69.12500
106.709,-69.12500
106.760,-69.12500
106.810,-69.12500
106.861,-69.00000
106.912,-69.25000
106.962,-69.25000
107.013,-69.25000
107.064,-69.12500
107.114,-69.25000
107.165,-69.25000
107.216,-69.37500
107.266,-69.25000
107.317,-69.37500
107.368,-69.37500
107.418,-69.25000
107.469,-69.50000
107.520,-69.25000
107.570,-69.50000
107.621,-69.37500
107.672,-69.37500
107.722,-69.37500
107.773,-69.37500
107.824,-69.37500
107.874,-69.50000
107.925,-69.37500
107.976,-69.37500
108.026,-69.37500
108.077,-69.25000
108.128,-69.50000
108.178,-69.37500
108.229,-69.50000
108.280,-69.37500
108.330,-69.50000
108.381,-69.37500
108.432,-69.37500
108.482,-69.62500
108.533,-69.37500
108.584,-69.50000
108.634,-69.50000
108.685,-69.62500
108.736,-69.62500
108.786,-69.62500
108.837,-69.62500
108.888,-69.75000
108.938,-69.62500
108.989,-69.62500
109.039,-69.75000
109.090,-69.50000
109.141,-69.62500
109.191,-69.62500
109.242,-69.62500
109.293,-69.62500
109.343,-69.75000
109.394,-69.75000
109.445,-69.62500
109.495,-69.62500
109.546,-69.75000
109.597,-69.62500
109.647,-69.62500
109.698,-69.87500
109.749,-69.87500
109.799,-69.87500
109.850,-69.87500
109.901,-69.87500
109.951,-69.75000
110.002,-69.75000
110.053,-69.75000
110.103,-69.87500
110.154,-69.87500
110.205,-69.75000
110.255,-69.87500
110.306,-69.75000
110.356,-70.00000
110.407,-70.00000
110.458,-69.87500
110.508,-69.75000
110.559,-69.75000
110.610,-69.87500
110.660,-69.87500
110.711,-69.75000
110.762,-69.75000
110.812,-70.00000
110.863,-69.87500
110.914,-69.87500
110.964,-69.87500
111.015,-69.75000
111.065,-70.00000
111.116,-69.87500
111.167,-70.00000
111.217,-69.87500
111.268,-70.00000
111.319,-70.00000
111.369,-70.12500
111.420,-70.00000
111.471,-70.00000
111.521,-70.00000
111.572,-70.00000
111.622,-70.25000
111.673,-70.12500
111.724,-70.12500
111.774,-70.00000
111.825,-70.12500
111.876,-70.12500
111.926,-70.12500
111.977,-70.12500
112.028,-70.12500
112.078,-70.12500
112.129,-70.00000
112.179,-70.12500
112.230,-70.12500
112.281,-70.12500
112.331,-70.25000
112.382,-70.25000
112.433,-70.25000
112.483,-70.12500
112.534,-70.37500
112.585,-70.37500
112.635,-70.37500
112.686,-70.37500
112.737,-70.25000
112.787,-70.25000
112.838,-70.37500
112.889,-70.37500
112.939,-70.25000
112.990,-70.37500
113.041,-70.25000
113.091,-70.37500
113.142,-70.25000
113.192,-70.25000
113.243,-70.37500
113.294,-70.37500
113.344,-70.37500
113.395,-70.37500
113.446,-70.37500
113.496,-70.50000
113.547,-70.50000
113.597,-70.50000
113.648,-70.50000
113.699,-70.37500
113.749,-70.50000
113.800,-70.50000
113.851,-70.37500
113.901,-70.50000
113.952,-70.37500
114.003,-70.50000
114.053,-70.62500
114.104,-70.50000
114.155,-70.62500
114.205,-70.62500
114.256,-70.50000
114.307,-70.50000
114.358,-70.50000
114.408,-70.37500
114.459,-70.62500
114.510,-70.50000
114.560,-70.62500
114.611,-70.62500
114.662,-70.50000
114.712,-70.62500
114.763,-70.50000
114.814,-70.62500
114.865,-70.50000
114.915,-70.62500
114.966,-70.62500
115.017,-70.75000
115.067,-70.50000
115.118,-70.62500
115.169,-70.75000
115.220,-70.62500
115.270,-70.62500
115.321,-70.75000
115.372,-70.62500
115.422,-70.50000
115.473,-70.75000
115.524,-70.62500
115.575,-70.62500
115.625,-70.50000
115.676,-70.75000
115.727,-70.50000
115.777,-70.62500
115.828,-70.75000
115.879,-70.62500
115.929,-70.75000
115.980,-70.75000
116.031,-70.75000
116.082,-70.50000
116.132,-70.75000
116.183,-70.50000
116.234,-70.75000
116.284,-70.62500
116.335,-70.87500
116.386,-70.87500
116.437,-70.62500
116.487,-70.75000
116.538,-70.62500
116.589,-70.75000
116.639,-70.62500
116.690,-70.87500
116.741,-70.75000
116.792,-70.75000
116.842,-70.75000
116.893,-70.75000
116.944,-70.87500
116.994,-70.75000
117.045,-70.87500
117.096,-70.75000
117.146,-71.00000
117.197,-70.75000
117.248,-70.87500
117.299,-70.87500
117.349,-70.87500
117.400,-70.87500
117.451,-70.75000
117.501,-70.75000
117.552,-70.87500
117.603,-70.87500
117.654,-70.87500
117.704,-70.87500
117.755,-70.75000
117.806,-70.87500
117.856,-70.87500
117.907,-70.87500
117.958,-70.87500
118.009,-70.75000
118.059,-71.00000
118.110,-71.00000
118.161,-71.00000
118.211,-70.87500
118.262,-71.00000
118.313,-70.87500
118.363,-70.75000
118.414,-70.87500
118.465,-70.87500
118.516,-70.87500
118.566,-70.87500
118.617,-71.00000
118.668,-71.00000
118.718,-71.00000
118.769,-70.87500
118.820,-71.00000
118.871,-71.00000
118.921,-70.87500
118.972,-71.00000
119.023,-70.87500
119.073,-71.12500
119.124,-71.12500
119.175,-71.12500
119.225,-71.00000
119.276,-71.25000
119.327,-71.12500
119.378,-71.00000
119.428,-71.12500
119.479,-71.12500
119.530,-71.12500
119.580,-71.25000
119.631,-71.37500
119.682,-71.25000
119.733,-71.37500
119.783,-71.37500
119.834,-71.37500
119.885,-71.25000
119.935,-71.37500
119.986,-71.37500
