time(s),mvs
0.000,-84.50000
0.051,-84.37500
0.101,-84.37500
0.152,-84.25000
0.203,-84.62500
0.253,-84.37500
0.304,-84.75000
0.354,-84.62500
0.405,-84.50000
0.456,-84.50000
0.506,-84.37500
0.557,-84.62500
0.608,-84.37500
0.658,-84.62500
0.709,-84.62500
0.759,-84.62500
0.810,-84.62500
0.861,-84.50000
0.911,-84.62500
0.962,-84.50000
1.013,-84.75000
1.063,-84.62500
1.114,-84.75000
1.164,-84.62500
1.215,-84.75000
1.266,-84.62500
1.316,-84.62500
1.367,-84.62500
1.418,-84.62500
1.468,-84.62500
1.519,-84.62500
1.569,-84.62500
1.620,-84.50000
1.671,-84.50000
1.721,-84.37500
1.772,-84.12500
1.823,-84.12500
1.873,-83.87500
1.924,-83.75000
1.974,-83.50000
2.025,-83.25000
2.076,-83.12500
2.126,-82.87500
2.177,-82.87500
2.228,-82.62500
2.278,-82.00000
2.329,-80.37500
2.379,-77.00000
2.430,-73.62500
2.481,-69.87500
2.531,-67.37500
2.582,-63.62500
2.632,-58.62500
2.683,-51.37500
2.734,-43.62500
2.784,-36.00000
2.835,-25.37500
2.886,-15.87500
2.936,-3.87500
2.987,6.00000
3.037,16.25000
3.088,23.25000
3.236,36.75000
3.286,42.62500
3.337,52.12500
3.388,60.37500
3.438,69.25000
3.489,75.12500
3.539,80.12500
3.590,83.75000
3.641,86.25000
3.691,88.62500
3.742,90.37500
3.792,92.25000
3.843,93.62500
3.894,94.62500
3.944,95.50000
3.995,95.62500
4.046,96.25000
4.096,96.87500
4.147,97.87500
4.197,99.50000
4.248,102.25000
4.299,105.12500
4.349,108.00000
4.400,110.50000
4.451,113.75000
4.501,117.87500
4.552,123.87500
4.602,129.12500
4.653,133.50000
4.704,137.00000
4.754,139.25000
4.805,141.25000
4.856,142.75000
4.906,144.00000
4.957,145.00000
5.008,146.00000
5.058,146.75000
5.109,147.50000
5.160,148.25000
5.210,148.75000
5.261,149.25000
5.311,149.62500
5.362,150.25000
5.413,150.75000
5.463,151.25000
5.514,151.62500
5.565,152.00000
5.615,152.50000
5.666,153.00000
5.717,153.50000
5.767,154.00000
5.818,154.62500
5.869,155.00000
5.919,155.62500
5.970,155.87500
6.022,156.62500
6.073,157.00000
6.124,157.25000
6.174,157.50000
6.225,157.87500
6.276,158.00000
6.326,158.37500
6.377,158.75000
6.428,159.12500
6.478,159.50000
6.529,159.75000
6.580,159.75000
6.630,159.87500
6.681,159.75000
6.732,159.87500
6.782,159.75000
6.833,159.75000
6.884,159.62500
6.934,159.37500
6.985,159.37500
7.036,159.12500
7.086,159.12500
7.137,158.87500
7.188,158.75000
7.238,158.75000
7.289,158.75000
7.340,158.75000
7.390,158.75000
7.441,158.75000
7.492,158.75000
7.542,158.87500
7.593,159.00000
7.644,159.00000
7.694,159.12500
7.745,159.00000
7.796,159.25000
7.846,159.12500
7.897,159.25000
7.948,159.25000
7.998,159.37500
8.049,159.37500
8.100,159.25000
8.150,159.25000
8.201,159.25000
8.252,159.50000
8.302,159.37500
8.353,160.00000
8.404,160.00000
8.454,160.25000
8.505,160.75000
8.556,160.87500
8.606,161.12500
8.657,161.00000
8.708,161.25000
8.758,161.12500
8.809,160.87500
8.860,160.62500
8.910,160.25000
8.961,160.00000
9.012,160.00000
9.062,159.87500
9.113,160.12500
9.164,160.00000
9.214,160.25000
9.265,160.25000
9.316,160.37500
9.366,160.37500
9.417,160.50000
9.468,160.37500
9.518,160.62500
9.569,160.75000
9.620,160.62500
9.670,160.75000
9.721,160.62500
9.772,160.62500
9.823,160.50000
9.873,160.50000
9.924,160.25000
9.975,160.12500
10.025,160.00000
10.076,160.00000
10.127,159.87500
10.177,159.62500
10.228,159.62500
10.279,159.62500
10.330,159.62500
10.380,159.50000
10.431,159.50000
10.482,159.37500
10.532,159.50000
10.583,159.62500
10.634,159.62500
10.684,159.37500
10.735,159.62500
10.786,159.50000
10.837,159.75000
10.887,159.50000
10.938,159.75000
10.989,159.75000
11.039,159.75000
11.090,159.62500
11.141,159.87500
11.191,159.75000
11.242,159.62500
11.293,159.75000
11.344,159.75000
11.394,159.75000
11.445,159.75000
11.496,159.75000
11.546,159.87500
11.597,159.62500
11.648,159.75000
11.698,159.62500
11.749,159.62500
11.800,159.37500
11.850,159.62500
11.901,159.62500
11.952,159.37500
12.003,159.37500
12.053,159.25000
12.104,159.37500
12.155,159.25000
12.205,159.37500
12.256,159.25000
12.307,159.37500
12.358,159.25000
12.408,159.37500
12.459,159.37500
12.510,159.25000
12.560,159.25000
12.611,159.12500
12.662,159.00000
12.712,159.00000
12.763,159.12500
12.814,159.25000
12.865,159.00000
12.915,159.00000
12.966,158.87500
13.017,158.87500
13.067,158.75000
13.118,158.75000
13.169,158.75000
13.219,158.62500
13.270,158.62500
13.321,158.62500
13.372,158.62500
13.422,158.25000
13.473,158.50000
13.524,158.37500
13.574,158.12500
13.625,158.12500
13.676,158.00000
13.727,158.00000
13.777,157.87500
13.828,157.62500
13.879,157.75000
13.929,157.50000
13.980,157.50000
14.031,157.37500
14.082,157.25000
14.132,157.12500
14.183,157.00000
14.234,156.75000
14.285,157.12500
14.335,156.87500
14.386,156.75000
14.437,156.62500
14.487,156.37500
14.538,156.37500
14.589,156.25000
14.640,156.12500
14.690,156.00000
14.741,156.00000
14.792,155.75000
14.843,155.75000
14.893,155.75000
14.944,155.62500
14.995,155.50000
15.045,155.37500
15.096,155.25000
15.147,154.87500
15.198,154.87500
15.248,154.75000
15.299,154.62500
15.350,154.62500
15.400,154.50000
15.451,154.50000
15.502,154.25000
15.553,154.25000
15.603,154.37500
15.654,154.12500
15.705,154.12500
15.756,154.00000
15.806,154.00000
15.857,153.62500
15.908,153.87500
15.958,153.62500
16.009,153.62500
16.060,153.37500
16.111,153.37500
16.161,153.25000
16.212,153.12500
16.263,153.00000
16.314,152.87500
16.364,152.62500
16.415,152.75000
16.466,152.50000
16.517,152.62500
16.567,152.37500
16.618,152.50000
16.669,152.12500
16.719,152.12500
16.770,152.25000
16.821,151.87500
16.871,151.87500
16.922,151.75000
16.973,151.62500
17.023,151.37500
17.074,151.25000
17.125,151.12500
17.175,151.00000
17.226,150.87500
17.276,150.87500
17.327,150.75000
17.378,150.50000
17.428,150.37500
17.479,150.25000
17.530,150.37500
17.580,150.00000
17.631,150.00000
17.682,149.87500
17.732,149.62500
17.783,149.62500
17.834,149.50000
17.884,149.50000
17.935,149.25000
17.986,149.12500
18.036,149.12500
18.087,148.87500
18.137,149.00000
18.188,148.75000
18.239,148.87500
18.289,148.62500
18.340,148.50000
18.391,148.37500
18.441,148.25000
18.492,148.37500
18.543,148.00000
18.593,148.00000
18.644,147.75000
18.694,148.00000
18.745,147.62500
18.796,147.62500
18.846,147.62500
18.897,147.37500
18.948,147.37500
18.998,147.37500
19.049,147.12500
19.100,147.25000
19.150,147.00000
19.201,147.00000
19.252,146.75000
19.302,146.75000
19.353,146.62500
19.404,146.62500
19.454,146.50000
19.505,146.25000
19.555,146.25000
19.606,146.00000
19.657,146.00000
19.707,145.75000
19.758,145.62500
19.809,145.62500
19.859,145.37500
19.910,145.37500
19.961,145.12500
20.011,145.12500
20.062,145.00000
20.113,144.75000
20.163,144.62500
20.214,144.50000
20.264,144.62500
20.315,144.37500
20.366,144.37500
20.416,144.12500
20.467,144.12500
20.518,144.00000
20.568,143.75000
20.619,143.75000
20.670,143.50000
20.720,143.37500
20.771,143.37500
20.821,143.25000
20.872,143.12500
20.923,143.00000
20.973,143.00000
21.024,142.87500
21.075,142.75000
21.125,142.50000
21.176,142.50000
21.227,142.37500
21.277,142.25000
21.328,142.00000
21.379,141.87500
21.429,141.75000
21.480,141.75000
21.531,141.87500
21.581,141.50000
21.632,141.62500
21.683,141.37500
21.733,141.37500
21.784,141.00000
21.834,140.75000
21.885,141.00000
21.936,140.62500
21.986,140.62500
22.037,140.37500
22.088,140.50000
22.138,140.37500
22.189,140.25000
22.240,140.12500
22.290,139.87500
22.341,139.87500
22.392,139.62500
22.442,139.62500
22.493,139.50000
22.543,139.25000
22.594,139.12500
22.645,139.00000
22.695,138.87500
22.746,138.75000
22.797,138.75000
22.847,138.50000
22.898,138.25000
22.949,138.37500
22.999,138.00000
23.050,138.00000
23.100,137.62500
23.151,137.62500
23.202,137.25000
23.252,137.25000
23.303,137.37500
23.354,137.00000
23.404,136.87500
23.455,136.62500
23.506,136.50000
23.556,136.25000
23.607,136.25000
23.658,136.00000
23.708,136.00000
23.759,135.87500
23.809,135.50000
23.860,135.50000
23.911,135.25000
23.961,135.25000
24.012,135.00000
24.063,135.00000
24.113,134.75000
24.164,134.50000
24.215,134.50000
24.265,134.25000
24.316,134.25000
24.367,134.00000
24.417,133.87500
24.468,133.62500
24.519,133.37500
24.569,133.62500
24.620,133.25000
24.670,133.12500
24.721,133.00000
24.772,132.87500
24.822,132.62500
24.873,132.50000
24.924,132.25000
24.974,132.12500
25.025,132.12500
25.076,131.87500
25.126,131.75000
25.177,131.50000
25.228,131.37500
25.278,131.25000
25.329,131.00000
25.380,131.00000
25.430,130.87500
25.481,130.75000
25.532,130.50000
25.582,130.37500
25.633,130.37500
25.683,130.12500
25.734,129.87500
25.785,129.75000
25.835,129.75000
25.886,129.62500
25.937,129.50000
25.987,129.37500
26.038,129.00000
26.089,128.87500
26.139,128.75000
26.190,128.62500
26.241,128.37500
26.291,128.25000
26.342,128.37500
26.393,128.00000
26.443,128.37500
26.494,127.62500
26.544,127.62500
26.595,127.37500
26.646,127.25000
26.696,127.00000
26.747,126.87500
26.798,127.00000
26.848,126.62500
26.899,126.62500
26.950,126.37500
27.000,126.37500
27.051,126.12500
27.102,126.00000
27.152,125.75000
27.203,125.62500
27.254,125.37500
27.304,125.25000
27.355,125.12500
27.406,125.00000
27.456,124.75000
27.507,124.62500
27.557,124.37500
27.608,124.25000
27.659,124.00000
27.709,124.00000
27.760,123.75000
27.811,123.75000
27.861,123.50000
27.912,123.25000
27.963,123.25000
28.013,123.00000
28.064,123.00000
28.115,122.62500
28.165,122.62500
28.216,122.50000
28.266,122.37500
28.317,122.12500
28.368,121.87500
28.418,121.75000
28.469,121.62500
28.520,121.25000
28.570,121.25000
28.621,121.00000
28.672,120.87500
28.722,120.62500
28.773,120.50000
28.824,120.37500
28.874,120.50000
28.925,120.00000
28.975,119.62500
29.026,119.62500
29.077,119.25000
29.128,119.25000
29.178,118.75000
29.229,118.50000
29.279,118.37500
29.330,118.12500
29.381,118.00000
29.431,117.75000
29.482,117.50000
29.533,117.25000
29.583,117.00000
29.634,116.87500
29.685,116.62500
29.735,116.37500
29.786,116.25000
29.836,116.12500
29.887,115.87500
29.938,115.75000
29.988,115.50000
30.039,115.25000
30.090,115.00000
30.140,114.87500
30.191,114.62500
30.241,114.37500
30.292,114.37500
30.343,113.87500
30.393,113.75000
30.444,113.62500
30.495,113.25000
30.545,113.12500
30.596,112.87500
30.647,112.75000
30.697,112.50000
30.748,112.25000
30.798,112.00000
30.849,111.62500
30.900,111.62500
30.950,111.25000
31.001,111.25000
31.052,110.75000
31.102,110.87500
31.153,110.37500
31.204,110.37500
31.254,110.25000
31.305,109.75000
31.356,109.62500
31.406,109.37500
31.457,109.25000
31.508,108.87500
31.558,108.75000
31.609,108.50000
31.660,108.12500
31.710,107.87500
31.761,107.75000
31.812,107.50000
31.862,107.37500
31.913,107.00000
31.963,106.87500
32.014,106.50000
32.065,106.62500
32.116,106.12500
32.166,105.87500
32.217,105.50000
32.267,105.37500
32.318,105.12500
32.369,105.00000
32.420,104.75000
32.470,104.50000
32.521,104.37500
32.572,104.00000
32.622,103.87500
32.673,103.50000
32.724,103.25000
32.774,103.12500
32.825,102.75000
32.876,102.62500
32.926,102.25000
32.977,102.12500
33.028,101.75000
33.078,101.50000
33.129,101.37500
33.180,101.00000
33.230,100.87500
33.281,100.50000
33.332,100.50000
33.382,100.00000
33.433,99.75000
33.484,99.62500
33.534,99.25000
33.585,99.12500
33.636,98.75000
33.686,98.87500
33.737,98.25000
33.788,98.25000
33.838,97.87500
33.889,97.75000
33.940,97.37500
33.990,97.00000
34.041,96.87500
34.092,96.62500
34.142,96.25000
34.193,96.12500
34.244,95.75000
34.294,95.62500
34.345,95.12500
34.396,95.12500
34.446,94.50000
34.497,94.87500
34.548,94.25000
34.598,93.75000
34.649,93.62500
34.700,93.37500
34.750,93.12500
34.801,92.62500
34.852,92.50000
34.902,92.25000
34.953,92.00000
35.004,91.62500
35.054,91.37500
35.105,91.37500
35.156,90.87500
35.206,90.75000
35.257,90.37500
35.308,90.25000
35.359,89.87500
35.409,89.62500
35.460,89.37500
35.511,89.12500
35.561,88.87500
35.612,88.50000
35.663,88.25000
35.713,88.00000
35.764,87.75000
35.815,87.62500
35.865,87.25000
35.916,86.87500
35.967,86.75000
36.017,86.37500
36.068,86.12500
36.119,85.87500
36.169,85.50000
36.220,85.25000
36.271,85.12500
36.321,84.62500
36.372,84.50000
36.423,84.00000
36.473,83.87500
36.524,83.50000
36.575,83.12500
36.625,82.87500
36.676,82.62500
36.727,82.50000
36.777,82.12500
36.828,81.87500
36.879,81.50000
36.929,81.12500
36.980,81.00000
37.031,80.62500
37.081,80.50000
37.132,80.00000
37.183,79.87500
37.233,79.62500
37.284,79.12500
37.335,79.00000
37.385,78.50000
37.436,78.12500
37.487,77.87500
37.537,77.62500
37.588,77.12500
37.639,77.00000
37.689,76.62500
37.740,76.25000
37.791,76.12500
37.841,75.62500
37.892,75.50000
37.943,75.00000
37.994,74.75000
38.044,74.25000
38.095,74.00000
38.146,73.62500
38.196,73.37500
38.247,73.00000
38.298,72.62500
38.348,72.25000
38.399,72.00000
38.450,71.62500
38.500,71.37500
38.551,71.00000
38.602,70.75000
38.652,70.25000
38.703,70.00000
38.754,69.62500
38.804,69.37500
38.855,68.87500
38.906,68.75000
38.956,68.37500
39.007,68.12500
39.058,67.87500
39.108,67.37500
39.159,67.25000
39.210,66.75000
39.260,66.62500
39.311,66.12500
39.362,65.75000
39.412,65.50000
39.463,65.12500
39.514,65.00000
39.564,64.37500
39.615,64.25000
39.666,63.87500
39.716,63.62500
39.767,63.25000
39.818,62.87500
39.868,62.50000
39.919,62.12500
39.970,61.87500
40.020,61.62500
40.071,61.12500
40.122,60.75000
40.172,60.37500
40.223,60.00000
40.274,59.62500
40.324,59.37500
40.375,59.00000
40.426,58.62500
40.476,58.25000
40.527,58.00000
40.578,57.87500
40.628,57.25000
40.679,57.00000
40.730,56.62500
40.780,56.37500
40.831,55.87500
40.882,55.50000
40.932,55.12500
40.983,54.62500
41.034,54.62500
41.084,54.00000
41.135,53.75000
41.186,53.37500
41.237,52.87500
41.287,52.50000
41.338,52.25000
41.389,52.00000
41.439,51.62500
41.490,51.37500
41.541,50.87500
41.591,50.62500
41.642,50.12500
41.693,49.87500
41.743,49.62500
41.794,49.25000
41.845,49.00000
41.895,48.50000
41.946,48.37500
41.997,47.75000
42.047,47.50000
42.098,47.25000
42.149,46.87500
42.199,46.50000
42.250,46.12500
42.301,46.00000
42.351,45.50000
42.402,45.25000
42.453,44.87500
42.504,44.50000
42.554,44.12500
42.605,43.75000
42.656,43.50000
42.706,43.12500
42.757,42.75000
42.808,42.62500
42.859,42.12500
42.909,41.75000
42.960,41.50000
43.011,41.12500
43.062,40.62500
43.112,40.50000
43.163,39.87500
43.214,39.62500
43.264,39.37500
43.315,38.87500
43.366,38.62500
43.416,38.12500
43.467,37.87500
43.518,37.37500
43.568,37.12500
43.619,36.75000
43.670,36.50000
43.720,36.00000
43.771,35.75000
43.822,35.37500
43.872,35.00000
43.923,34.75000
43.974,34.25000
44.024,34.00000
44.075,33.50000
44.126,33.12500
44.176,32.75000
44.227,32.37500
44.278,32.00000
44.328,31.75000
44.379,31.37500
44.430,31.00000
44.480,30.75000
44.531,30.50000
44.582,30.12500
44.632,29.87500
44.683,29.37500
44.734,29.25000
44.784,28.87500
44.835,28.62500
44.886,28.25000
44.937,27.75000
44.987,27.62500
45.038,27.00000
45.089,27.00000
45.139,26.50000
45.190,26.37500
45.241,26.00000
45.291,25.50000
45.342,25.25000
45.393,24.75000
45.444,24.50000
45.494,24.12500
45.545,23.87500
45.596,23.37500
45.646,23.12500
45.697,22.75000
45.748,22.37500
45.798,22.12500
45.849,21.50000
45.900,21.37500
45.950,21.00000
46.001,20.75000
46.052,20.62500
46.102,20.12500
46.153,20.00000
46.204,19.37500
46.254,19.25000
46.305,18.75000
46.356,18.50000
46.406,18.12500
46.457,17.75000
46.508,17.37500
46.558,17.00000
46.609,16.75000
46.660,16.50000
46.710,16.12500
46.761,15.75000
46.812,15.62500
46.862,15.12500
46.913,14.87500
46.964,14.50000
47.014,14.25000
47.065,13.87500
47.116,13.50000
47.166,13.37500
47.217,12.87500
47.268,12.62500
47.319,12.37500
47.369,12.00000
47.420,11.75000
47.471,11.25000
47.521,11.12500
47.572,10.87500
47.623,10.50000
47.673,10.25000
47.724,9.87500
47.775,9.62500
47.825,9.12500
47.876,9.12500
47.927,8.50000
47.977,8.37500
48.028,8.00000
48.079,7.75000
48.129,7.37500
48.180,7.12500
48.231,6.87500
48.281,6.50000
48.332,6.37500
48.383,6.00000
48.433,5.75000
48.484,5.50000
48.535,5.12500
48.585,4.87500
48.636,4.37500
48.687,4.12500
48.737,3.87500
48.788,3.50000
48.839,3.37500
48.889,2.87500
48.940,2.62500
48.991,2.12500
49.041,2.00000
49.092,1.62500
49.143,1.37500
49.193,1.00000
49.244,0.75000
49.295,0.50000
49.345,0.00000
49.396,-0.12500
49.447,-0.37500
49.497,-0.62500
49.548,-1.12500
49.599,-1.12500
49.649,-1.62500
49.700,-1.87500
49.751,-2.12500
49.801,-2.37500
49.852,-2.75000
49.903,-3.12500
49.953,-3.25000
50.004,-3.62500
50.055,-4.00000
50.105,-4.12500
50.156,-4.37500
50.207,-4.62500
50.257,-5.00000
50.308,-5.37500
50.359,-5.50000
50.409,-5.87500
50.460,-5.87500
50.511,-6.25000
50.561,-6.37500
50.612,-6.75000
50.663,-6.87500
50.713,-7.25000
50.764,-7.62500
50.815,-7.75000
50.865,-8.12500
50.916,-8.37500
50.967,-8.62500
51.017,-8.75000
51.068,-9.12500
51.119,-9.50000
51.169,-9.50000
51.220,-10.12500
51.271,-10.12500
51.321,-10.62500
51.372,-10.75000
51.423,-11.00000
51.473,-11.37500
51.524,-11.37500
51.575,-11.87500
51.625,-12.00000
51.676,-12.37500
51.727,-12.62500
51.777,-13.00000
51.828,-13.12500
51.879,-13.37500
51.929,-13.62500
51.980,-13.87500
52.031,-14.12500
52.081,-14.37500
52.132,-14.62500
52.183,-15.00000
52.233,-15.25000
52.284,-15.50000
52.335,-15.87500
52.385,-16.00000
52.436,-16.25000
52.487,-16.50000
52.537,-16.75000
52.588,-17.00000
52.639,-17.25000
52.689,-17.37500
52.740,-17.75000
52.791,-18.00000
52.841,-18.12500
52.892,-18.37500
52.943,-18.50000
52.993,-18.87500
53.044,-19.12500
53.095,-19.37500
53.145,-19.37500
53.196,-19.62500
53.247,-19.87500
53.297,-20.12500
53.348,-20.37500
53.399,-20.50000
53.449,-20.75000
53.500,-20.87500
53.551,-21.25000
53.601,-21.50000
53.652,-21.75000
53.703,-21.87500
53.753,-22.00000
53.804,-22.25000
53.855,-22.50000
53.905,-22.87500
53.956,-22.87500
54.008,-23.25000
54.058,-23.50000
54.109,-23.87500
54.160,-24.00000
54.210,-24.00000
54.261,-24.37500
54.312,-24.50000
54.362,-25.00000
54.413,-25.12500
54.464,-25.37500
54.515,-25.62500
54.565,-26.00000
54.616,-26.00000
54.667,-26.25000
54.717,-26.37500
54.768,-26.50000
54.819,-26.87500
54.870,-27.00000
54.920,-27.37500
54.971,-27.50000
55.022,-27.87500
55.072,-28.00000
55.123,-28.37500
55.174,-28.37500
55.224,-28.62500
55.275,-28.87500
55.326,-29.12500
55.377,-29.25000
55.427,-29.37500
55.478,-29.62500
55.529,-29.87500
55.579,-30.00000
55.630,-30.25000
55.681,-30.37500
55.731,-30.75000
55.782,-30.75000
55.833,-31.00000
55.884,-31.12500
55.934,-31.50000
55.985,-31.75000
56.036,-31.75000
56.086,-32.12500
56.137,-32.12500
56.188,-32.50000
56.239,-32.37500
56.289,-32.62500
56.340,-32.75000
56.391,-33.00000
56.441,-33.25000
56.492,-33.37500
56.543,-33.87500
56.594,-33.87500
56.644,-34.00000
56.695,-34.25000
56.746,-34.25000
56.796,-34.62500
56.847,-34.75000
56.898,-35.00000
56.948,-35.00000
56.999,-35.50000
57.050,-35.37500
57.100,-35.37500
57.151,-35.75000
57.202,-35.87500
57.253,-36.25000
57.303,-36.37500
57.354,-36.75000
57.405,-36.87500
57.455,-37.12500
57.506,-37.12500
57.557,-37.62500
57.607,-37.62500
57.658,-37.87500
57.709,-37.87500
57.760,-38.12500
57.810,-38.25000
57.861,-38.50000
57.912,-38.75000
57.962,-38.62500
58.013,-39.00000
58.064,-39.12500
58.114,-39.37500
58.165,-39.62500
58.216,-39.75000
58.267,-39.87500
58.317,-40.00000
58.368,-40.25000
58.419,-40.37500
58.470,-40.50000
58.521,-40.75000
58.571,-40.87500
58.622,-40.87500
58.673,-41.12500
58.723,-41.25000
58.774,-41.25000
58.825,-41.50000
58.876,-41.62500
58.926,-41.87500
58.977,-42.12500
59.028,-42.00000
59.078,-42.25000
59.129,-42.50000
59.180,-42.50000
59.230,-42.62500
59.281,-42.75000
59.332,-43.12500
59.383,-43.00000
59.433,-43.37500
59.484,-43.50000
59.535,-43.37500
59.585,-43.75000
59.636,-43.75000
59.687,-44.12500
59.737,-44.12500
59.788,-44.50000
59.839,-44.50000
59.890,-44.75000
59.940,-44.87500
59.991,-45.25000
60.042,-45.25000
60.092,-45.37500
60.143,-45.75000
60.194,-45.75000
60.244,-45.87500
60.295,-46.00000
60.346,-46.37500
60.397,-46.37500
60.447,-46.50000
60.498,-46.75000
60.549,-46.75000
60.599,-47.00000
60.650,-47.00000
60.701,-47.12500
60.751,-47.25000
60.802,-47.37500
60.853,-47.37500
60.903,-47.50000
60.954,-47.75000
61.005,-47.75000
61.056,-48.00000
61.106,-47.87500
61.157,-48.25000
61.208,-48.12500
61.258,-48.37500
61.309,-48.62500
61.360,-48.75000
61.411,-48.87500
61.461,-48.75000
61.512,-49.00000
61.563,-49.12500
61.613,-49.25000
61.664,-49.37500
61.715,-49.00000
61.765,-49.62500
61.816,-49.75000
61.867,-49.75000
61.918,-49.87500
61.968,-50.00000
62.019,-50.25000
62.070,-50.25000
62.120,-50.62500
62.171,-50.50000
62.222,-50.87500
62.272,-50.87500
62.323,-51.12500
62.374,-51.12500
62.425,-51.37500
62.475,-51.37500
62.526,-51.37500
62.577,-51.62500
62.627,-51.62500
62.678,-51.87500
62.729,-51.87500
62.780,-52.00000
62.830,-52.12500
62.881,-52.37500
62.932,-52.37500
62.982,-52.62500
63.033,-52.75000
63.084,-52.75000
63.134,-53.00000
63.185,-53.00000
63.236,-53.12500
63.287,-53.37500
63.337,-53.25000
63.388,-53.50000
63.439,-53.50000
63.489,-53.62500
63.540,-53.50000
63.591,-53.75000
63.642,-53.87500
63.692,-53.87500
63.743,-54.00000
63.794,-54.00000
63.844,-54.25000
63.895,-54.25000
63.946,-54.50000
63.996,-54.37500
64.047,-54.62500
64.098,-54.62500
64.148,-54.62500
64.199,-54.87500
64.250,-54.87500
64.300,-55.00000
64.351,-55.12500
64.401,-55.12500
64.452,-55.25000
64.503,-55.37500
64.553,-55.62500
64.604,-55.50000
64.655,-55.87500
64.705,-55.87500
64.756,-55.87500
64.807,-56.00000
64.857,-56.00000
64.908,-56.25000
64.959,-56.25000
65.009,-56.37500
65.060,-56.50000
65.111,-56.62500
65.161,-56.62500
65.212,-56.87500
65.263,-57.00000
65.313,-57.00000
65.364,-57.12500
65.415,-57.12500
65.465,-57.37500
65.516,-57.50000
65.567,-57.62500
65.618,-57.62500
65.668,-57.75000
65.719,-57.87500
65.770,-57.87500
65.820,-58.00000
65.871,-58.12500
65.922,-58.12500
65.972,-58.25000
66.023,-58.12500
66.074,-58.25000
66.125,-58.25000
66.175,-58.37500
66.226,-58.25000
66.277,-58.50000
66.327,-58.37500
66.378,-58.62500
66.429,-58.75000
66.479,-58.75000
66.530,-58.87500
66.581,-58.75000
66.632,-59.00000
66.682,-58.75000
66.733,-59.00000
66.784,-59.12500
66.834,-59.25000
66.885,-59.37500
66.936,-59.37500
66.987,-59.37500
67.037,-59.50000
67.088,-59.37500
67.139,-59.75000
67.189,-59.75000
67.240,-59.87500
67.291,-59.87500
67.341,-60.12500
67.392,-60.12500
67.443,-60.12500
67.494,-60.25000
67.544,-60.25000
67.595,-60.37500
67.646,-60.25000
67.696,-60.50000
67.747,-60.50000
67.798,-60.62500
67.848,-60.62500
67.899,-60.75000
67.950,-60.87500
68.001,-61.00000
68.051,-60.87500
68.102,-60.87500
68.153,-61.00000
68.203,-61.12500
68.254,-61.25000
68.304,-61.25000
68.355,-61.37500
68.406,-61.37500
68.456,-61.25000
68.507,-61.50000
68.558,-61.25000
68.608,-61.37500
68.659,-61.62500
68.710,-61.62500
68.760,-61.75000
68.811,-61.62500
68.861,-61.75000
68.912,-61.75000
68.963,-61.87500
69.013,-61.87500
69.064,-62.12500
69.115,-62.12500
69.165,-62.00000
69.216,-62.25000
69.267,-62.12500
69.317,-62.25000
69.368,-62.12500
69.418,-62.25000
69.469,-62.37500
69.520,-62.25000
69.570,-62.37500
69.621,-62.37500
69.672,-62.50000
69.722,-62.37500
69.773,-62.50000
69.824,-62.37500
69.874,-62.50000
69.925,-62.87500
69.976,-62.75000
70.026,-63.00000
70.077,-62.87500
70.127,-62.87500
70.178,-63.12500
70.229,-63.00000
70.279,-63.12500
70.330,-63.12500
70.381,-63.37500
70.431,-63.37500
70.482,-63.37500
70.533,-63.37500
70.583,-63.50000
70.634,-63.50000
70.684,-63.50000
70.735,-63.75000
70.786,-63.75000
70.836,-63.62500
70.887,-63.87500
70.938,-63.75000
70.988,-63.87500
71.039,-64.00000
71.089,-64.00000
71.140,-63.87500
71.191,-63.87500
71.241,-64.00000
71.292,-64.12500
71.343,-64.12500
71.393,-64.12500
71.444,-64.25000
71.495,-64.12500
71.545,-64.37500
71.596,-64.50000
71.646,-64.37500
71.697,-64.37500
71.748,-64.50000
71.798,-64.62500
71.849,-64.50000
71.900,-64.62500
71.950,-64.50000
72.001,-64.62500
72.052,-64.75000
72.102,-64.75000
72.153,-64.87500
72.204,-64.62500
72.254,-64.87500
72.305,-64.62500
72.356,-64.87500
72.406,-64.75000
72.457,-64.75000
72.508,-64.87500
72.558,-64.87500
72.609,-64.87500
72.660,-64.87500
72.711,-65.12500
72.761,-65.00000
72.812,-65.00000
72.863,-65.12500
72.913,-65.25000
72.964,-65.25000
73.015,-65.12500
73.065,-65.37500
73.116,-65.25000
73.167,-65.37500
73.218,-65.37500
73.268,-65.37500
73.319,-65.50000
73.370,-65.50000
73.420,-65.75000
73.471,-65.62500
73.522,-65.75000
73.573,-65.62500
73.623,-65.62500
73.674,-65.75000
73.725,-65.87500
73.775,-65.75000
73.826,-65.75000
73.877,-65.87500
73.927,-66.00000
73.978,-66.00000
74.029,-66.00000
74.080,-66.00000
74.130,-66.12500
74.181,-66.12500
74.232,-66.12500
74.282,-66.12500
74.333,-66.25000
74.384,-66.25000
74.435,-66.12500
74.485,-66.37500
74.536,-66.25000
74.587,-66.37500
74.637,-66.12500
74.688,-66.37500
74.739,-66.25000
74.789,-66.62500
74.840,-66.25000
74.891,-66.37500
74.942,-66.37500
74.993,-66.37500
75.044,-66.50000
75.094,-66.50000
75.145,-66.62500
75.196,-66.50000
75.247,-66.50000
75.297,-66.62500
75.348,-66.62500
75.399,-66.75000
75.449,-66.62500
75.500,-66.87500
75.551,-66.62500
75.601,-66.87500
75.652,-66.87500
75.703,-66.62500
75.754,-66.87500
75.804,-66.87500
75.855,-67.00000
75.906,-66.87500
75.956,-67.12500
76.007,-67.00000
76.058,-67.00000
76.108,-67.12500
76.159,-67.25000
76.210,-67.25000
76.261,-67.25000
76.311,-67.25000
76.362,-67.37500
76.413,-67.37500
76.463,-67.37500
76.514,-67.50000
76.565,-67.37500
76.615,-67.50000
76.666,-67.50000
76.717,-67.50000
76.768,-67.62500
76.818,-67.50000
76.869,-67.62500
76.920,-67.62500
76.970,-67.62500
77.021,-67.62500
77.072,-67.62500
77.122,-67.62500
77.173,-67.62500
77.224,-67.62500
77.274,-67.50000
77.325,-67.62500
77.376,-67.50000
77.427,-67.75000
77.477,-67.75000
77.528,-67.62500
77.579,-67.75000
77.629,-67.62500
77.680,-67.75000
77.731,-67.75000
77.781,-67.75000
77.832,-67.75000
77.883,-67.87500
77.934,-67.75000
77.984,-67.75000
78.035,-67.75000
78.086,-67.75000
78.136,-68.00000
78.187,-67.87500
78.238,-67.87500
78.289,-67.87500
78.339,-67.87500
78.390,-68.00000
78.441,-67.87500
78.491,-68.12500
78.542,-68.00000
78.593,-67.37500
78.643,-68.12500
78.694,-68.00000
78.745,-68.25000
78.796,-68.12500
78.846,-68.25000
78.897,-68.25000
78.948,-68.37500
78.998,-68.25000
79.049,-68.50000
79.100,-68.50000
79.150,-68.50000
79.201,-68.50000
79.252,-68.50000
79.303,-68.62500
79.353,-68.62500
79.404,-68.62500
79.455,-68.50000
79.505,-68.62500
79.556,-68.62500
79.607,-68.75000
79.657,-68.75000
79.708,-68.62500
79.759,-68.75000
79.810,-68.75000
79.860,-68.75000
79.911,-68.75000
79.962,-68.87500
80.012,-68.75000
80.063,-68.62500
80.114,-68.75000
80.165,-68.62500
80.215,-68.75000
80.266,-68.62500
80.317,-68.75000
80.367,-68.87500
80.418,-68.62500
80.469,-68.87500
80.519,-68.62500
80.570,-68.75000
80.621,-68.75000
80.672,-68.75000
80.722,-68.75000
80.773,-68.75000
80.824,-68.87500
80.874,-68.75000
80.925,-68.87500
80.976,-68.87500
81.026,-68.87500
81.077,-69.00000
81.128,-69.00000
81.179,-69.12500
81.229,-68.87500
81.280,-69.12500
81.331,-69.00000
81.381,-69.12500
81.432,-69.12500
81.483,-69.25000
81.533,-69.25000
81.584,-69.25000
81.635,-69.25000
81.686,-69.12500
81.736,-69.37500
81.787,-69.25000
81.838,-69.25000
81.888,-69.37500
81.939,-69.37500
81.990,-69.50000
82.040,-69.37500
82.091,-69.50000
82.142,-69.37500
82.193,-69.37500
82.243,-69.37500
82.294,-69.50000
82.345,-69.50000
82.395,-69.50000
82.446,-69.50000
82.497,-69.50000
82.547,-69.62500
82.598,-69.50000
82.649,-69.50000
82.700,-69.62500
82.750,-69.62500
82.801,-69.62500
82.852,-69.50000
82.902,-69.62500
82.953,-69.50000
83.004,-69.62500
83.054,-69.50000
83.105,-69.75000
83.156,-69.50000
83.206,-69.62500
83.257,-69.75000
83.308,-69.62500
83.359,-69.75000
83.409,-69.50000
83.460,-69.75000
83.511,-69.50000
83.561,-69.62500
83.612,-69.50000
83.663,-69.50000
83.713,-69.62500
83.764,-69.50000
83.815,-69.75000
83.866,-69.50000
83.916,-69.62500
83.967,-69.75000
84.018,-69.75000
84.068,-69.75000
84.119,-69.75000
84.170,-70.00000
84.220,-69.87500
84.271,-70.00000
84.322,-69.87500
84.373,-70.00000
84.423,-69.87500
84.474,-69.87500
84.525,-70.12500
84.575,-69.87500
84.626,-70.00000
84.677,-69.87500
84.727,-70.00000
84.778,-70.00000
84.828,-70.12500
84.879,-70.12500
84.930,-70.00000
84.980,-70.12500
85.031,-70.12500
85.082,-70.25000
85.133,-70.25000
85.183,-70.37500
85.234,-70.37500
85.284,-70.37500
85.335,-70.37500
85.386,-70.25000
85.436,-70.37500
85.487,-70.25000
85.538,-70.37500
85.588,-70.37500
85.639,-70.25000
85.690,-70.37500
85.740,-70.12500
85.791,-70.37500
85.842,-70.12500
85.892,-70.37500
85.943,-70.12500
85.994,-70.12500
86.044,-70.25000
86.095,-70.12500
86.145,-70.37500
86.196,-70.25000
86.247,-70.37500
86.297,-70.37500
86.348,-70.25000
86.399,-70.37500
86.449,-70.50000
86.500,-70.50000
86.551,-70.50000
86.601,-70.50000
86.652,-70.50000
86.703,-70.37500
86.753,-70.62500
86.804,-70.37500
86.854,-70.50000
86.905,-70.50000
86.956,-70.50000
87.006,-70.62500
87.057,-70.62500
87.108,-70.75000
87.158,-70.62500
87.209,-70.75000
87.259,-70.62500
87.310,-70.62500
87.361,-70.62500
87.411,-70.62500
87.462,-70.62500
87.513,-70.62500
87.563,-70.75000
87.614,-70.62500
87.665,-70.75000
87.715,-70.75000
87.766,-70.75000
87.816,-70.75000
87.867,-71.00000
87.918,-70.87500
87.968,-70.87500
88.019,-71.00000
88.070,-70.87500
88.120,-70.87500
88.171,-70.87500
88.222,-70.75000
88.272,-71.00000
88.323,-70.87500
88.374,-70.87500
88.424,-70.75000
88.475,-71.00000
88.525,-70.87500
88.576,-70.87500
88.627,-70.87500
88.677,-70.87500
88.728,-71.00000
88.779,-70.75000
88.829,-71.00000
88.880,-70.87500
88.931,-71.00000
88.981,-71.00000
89.032,-70.37500
89.083,-71.12500
89.133,-70.87500
89.184,-71.00000
89.234,-71.00000
89.285,-71.00000
89.336,-71.00000
89.386,-70.87500
89.437,-71.12500
89.488,-70.87500
89.538,-71.00000
89.589,-71.12500
89.640,-71.12500
89.690,-71.25000
89.741,-71.12500
89.791,-71.25000
89.842,-71.25000
89.893,-71.25000
89.944,-71.25000
89.994,-71.25000
90.045,-71.37500
90.096,-71.25000
90.146,-71.37500
90.197,-71.25000
90.248,-71.50000
90.298,-71.37500
90.349,-71.37500
90.400,-71.25000
90.450,-71.37500
90.501,-71.50000
90.552,-71.37500
90.603,-71.50000
90.653,-71.50000
90.704,-71.50000
90.755,-71.62500
90.805,-71.37500
90.856,-71.62500
90.907,-71.50000
90.957,-71.50000
91.008,-71.50000
91.059,-71.50000
91.110,-71.62500
91.160,-71.50000
91.211,-71.62500
91.262,-71.50000
91.312,-71.37500
91.364,-71.25000
91.415,-71.50000
91.465,-71.37500
91.516,-71.37500
91.566,-71.37500
91.617,-71.50000
91.668,-71.50000
91.718,-71.37500
91.769,-71.50000
91.820,-71.37500
91.870,-71.62500
91.921,-71.50000
91.972,-71.50000
92.022,-71.62500
92.073,-71.50000
92.124,-71.62500
92.174,-71.50000
92.225,-71.75000
92.275,-71.62500
92.326,-71.62500
92.377,-71.75000
92.427,-71.62500
92.478,-71.75000
92.529,-71.62500
92.579,-71.75000
92.630,-71.62500
92.681,-71.87500
92.731,-71.87500
92.782,-71.75000
92.832,-71.87500
92.883,-71.75000
92.934,-72.00000
92.984,-71.87500
93.035,-71.87500
93.086,-72.00000
93.136,-72.00000
93.187,-71.87500
93.237,-71.87500
93.288,-72.00000
93.339,-72.00000
93.390,-72.12500
93.440,-72.12500
93.491,-72.12500
93.541,-72.12500
93.592,-72.12500
93.643,-72.12500
93.693,-72.12500
93.744,-72.00000
93.795,-72.12500
93.845,-72.00000
93.896,-72.12500
93.947,-72.00000
93.997,-72.12500
94.048,-72.00000
94.098,-72.25000
94.149,-71.87500
94.200,-72.12500
94.250,-72.12500
94.301,-72.12500
94.352,-72.12500
94.402,-72.00000
94.453,-72.12500
94.503,-72.00000
94.554,-72.00000
94.605,-71.87500
94.655,-72.12500
94.706,-72.25000
94.757,-72.00000
94.807,-72.12500
94.858,-72.00000
94.908,-72.00000
94.959,-71.87500
95.010,-72.12500
95.060,-72.00000
95.111,-72.00000
95.162,-72.12500
95.212,-72.25000
95.263,-72.12500
95.314,-72.25000
95.364,-72.12500
95.415,-72.25000
95.465,-72.12500
95.516,-72.37500
95.567,-72.25000
95.617,-72.37500
95.668,-72.25000
95.719,-72.37500
95.769,-72.37500
95.820,-72.25000
95.871,-72.50000
95.921,-72.37500
95.972,-72.37500
96.023,-72.50000
96.073,-72.50000
96.124,-72.37500
96.175,-72.37500
96.225,-72.50000
96.276,-72.50000
96.326,-72.50000
96.377,-72.25000
96.428,-72.62500
96.478,-72.50000
96.529,-72.50000
96.580,-72.50000
96.630,-72.50000
96.681,-72.50000
96.731,-72.50000
96.782,-72.62500
96.833,-72.62500
96.883,-72.62500
96.934,-72.50000
96.985,-72.50000
97.035,-72.62500
97.086,-72.62500
97.137,-72.62500
97.187,-72.75000
97.238,-72.62500
97.288,-72.75000
97.339,-72.62500
97.390,-72.75000
97.440,-72.62500
97.491,-72.62500
97.542,-72.50000
97.592,-72.62500
97.643,-72.50000
97.694,-72.62500
97.744,-72.62500
97.795,-72.50000
97.846,-72.62500
97.896,-72.37500
97.947,-72.50000
97.998,-72.62500
98.048,-72.50000
98.099,-72.50000
98.149,-72.37500
98.200,-72.50000
98.251,-72.50000
98.301,-72.50000
98.352,-72.25000
98.403,-72.50000
98.453,-72.62500
98.504,-72.75000
98.554,-72.75000
98.605,-72.62500
98.656,-72.62500
98.706,-72.75000
98.757,-72.75000
98.808,-72.75000
98.858,-72.62500
98.909,-72.87500
98.960,-72.87500
99.010,-73.00000
99.061,-72.87500
99.111,-73.00000
99.162,-73.00000
99.213,-72.87500
99.263,-73.00000
99.314,-73.00000
99.365,-73.12500
99.415,-73.12500
99.466,-73.12500
99.517,-73.12500
99.567,-73.12500
99.618,-73.12500
99.668,-73.12500
99.719,-73.25000
99.770,-73.25000
99.820,-73.25000
99.871,-73.25000
99.922,-73.25000
99.972,-73.25000
100.023,-73.12500
100.074,-73.12500
100.124,-73.12500
100.175,-73.12500
100.225,-73.12500
100.276,-73.12500
100.327,-73.25000
100.377,-73.00000
100.428,-73.12500
100.479,-73.00000
100.529,-73.25000
100.580,-73.00000
100.630,-73.12500
100.681,-73.25000
100.732,-73.12500
100.782,-73.12500
100.833,-73.00000
100.884,-73.12500
100.934,-73.12500
100.985,-73.12500
101.036,-73.12500
101.086,-73.12500
101.137,-73.12500
101.188,-73.12500
101.238,-73.12500
101.289,-73.25000
101.340,-73.25000
101.390,-73.25000
101.441,-73.12500
101.492,-73.37500
101.542,-73.25000
101.593,-73.00000
101.643,-73.37500
101.694,-73.12500
101.745,-73.25000
101.795,-73.25000
101.846,-73.25000
101.897,-73.37500
101.947,-73.37500
101.998,-73.37500
102.049,-73.50000
102.099,-73.50000
102.150,-73.37500
102.201,-73.50000
102.251,-73.50000
102.302,-73.50000
102.352,-73.37500
102.403,-73.50000
102.454,-73.62500
102.504,-73.50000
102.555,-73.50000
102.606,-73.50000
102.656,-73.62500
102.707,-73.50000
102.757,-73.62500
102.808,-73.62500
102.859,-73.62500
102.909,-73.62500
102.960,-73.62500
103.011,-73.62500
103.061,-73.75000
103.112,-73.75000
103.163,-73.75000
103.213,-73.62500
103.264,-73.62500
103.314,-73.50000
103.365,-73.62500
103.416,-73.50000
103.466,-73.62500
103.517,-73.37500
103.568,-73.62500
103.618,-73.62500
103.669,-73.75000
103.719,-73.62500
103.770,-73.37500
103.821,-73.62500
103.871,-73.62500
103.922,-73.62500
103.973,-73.00000
104.023,-73.62500
104.074,-73.75000
104.125,-73.50000
104.175,-73.50000
104.226,-73.50000
104.277,-73.62500
104.327,-73.62500
104.378,-73.62500
104.428,-73.62500
104.479,-73.50000
104.530,-73.87500
104.580,-73.87500
104.631,-73.62500
104.682,-73.75000
104.732,-73.75000
104.783,-73.62500
104.834,-73.62500
104.884,-73.87500
104.935,-73.87500
104.985,-73.87500
105.036,-73.87500
105.087,-73.62500
105.137,-73.75000
105.188,-73.87500
105.239,-73.87500
105.289,-73.87500
105.340,-73.87500
105.391,-73.87500
105.441,-74.00000
105.492,-73.87500
105.543,-74.00000
105.593,-74.00000
105.644,-73.87500
105.695,-74.00000
105.745,-73.87500
105.796,-74.00000
105.847,-74.25000
105.897,-73.87500
105.948,-74.00000
105.999,-73.87500
106.049,-74.00000
106.100,-74.00000
106.151,-74.12500
106.201,-74.00000
106.252,-74.00000
106.303,-74.12500
106.353,-73.87500
106.404,-74.00000
106.454,-74.00000
106.505,-73.87500
106.556,-73.75000
106.606,-73.87500
106.657,-74.00000
106.708,-73.87500
106.758,-74.12500
106.809,-73.87500
106.860,-74.00000
106.910,-74.00000
106.961,-74.12500
107.012,-74.00000
107.062,-73.87500
107.113,-74.00000
107.163,-74.00000
107.214,-74.00000
107.265,-74.00000
107.315,-73.87500
107.366,-74.00000
107.417,-74.00000
107.467,-74.12500
107.518,-74.00000
107.569,-74.00000
107.619,-74.00000
107.670,-74.12500
107.720,-74.12500
107.771,-74.25000
107.822,-74.12500
107.872,-74.00000
107.923,-74.25000
107.974,-74.12500
108.024,-74.25000
108.075,-74.25000
108.126,-74.12500
108.176,-74.25000
108.227,-74.12500
108.278,-74.37500
108.328,-74.25000
108.379,-74.37500
108.430,-74.25000
108.480,-74.25000
108.531,-74.12500
108.581,-74.25000
108.632,-74.37500
108.683,-74.25000
108.733,-74.50000
108.784,-74.50000
108.835,-74.50000
108.885,-74.50000
108.936,-74.37500
108.987,-74.62500
109.037,-74.50000
109.088,-74.50000
109.139,-74.50000
109.189,-74.62500
109.240,-74.50000
109.291,-74.62500
109.341,-74.50000
109.392,-74.50000
109.443,-74.62500
109.493,-74.50000
109.544,-74.50000
109.594,-74.62500
109.645,-74.37500
109.696,-74.50000
109.746,-74.37500
109.797,-74.37500
109.848,-74.25000
109.898,-74.50000
109.949,-74.25000
110.000,-74.37500
110.050,-74.25000
110.101,-74.25000
110.151,-74.50000
110.202,-74.37500
110.253,-74.50000
110.303,-74.37500
110.354,-74.37500
110.405,-74.25000
110.455,-74.37500
110.506,-74.50000
110.557,-74.62500
110.607,-74.37500
110.658,-74.37500
110.708,-74.37500
110.759,-74.50000
110.810,-74.37500
110.860,-74.37500
110.911,-74.37500
110.962,-74.62500
111.012,-74.50000
111.063,-74.75000
111.114,-74.62500
111.165,-74.50000
111.215,-74.50000
111.266,-74.50000
111.316,-74.50000
111.367,-74.62500
111.418,-74.75000
111.468,-74.75000
111.519,-74.75000
111.570,-74.75000
111.620,-74.75000
111.671,-74.62500
111.722,-74.62500
111.772,-74.75000
111.823,-74.62500
111.874,-74.62500
111.924,-74.75000
111.975,-74.75000
112.026,-74.87500
112.076,-74.75000
112.127,-74.87500
112.177,-74.87500
112.228,-74.75000
112.279,-74.87500
112.330,-74.75000
112.380,-74.75000
112.431,-74.62500
112.481,-74.87500
112.532,-74.75000
112.583,-74.75000
112.633,-75.00000
112.684,-74.87500
112.735,-74.87500
112.785,-74.75000
112.836,-75.00000
112.886,-74.75000
112.937,-74.87500
112.988,-74.75000
113.039,-74.75000
113.089,-74.75000
113.140,-74.75000
113.191,-75.00000
113.241,-74.75000
113.292,-74.75000
113.342,-74.25000
113.393,-74.75000
113.444,-74.75000
113.494,-74.62500
113.545,-74.87500
113.596,-74.75000
113.646,-74.87500
113.697,-74.75000
113.748,-74.75000
113.798,-74.87500
113.849,-74.62500
113.900,-74.87500
113.950,-74.75000
114.001,-75.00000
114.052,-74.87500
114.102,-74.87500
114.153,-74.87500
114.204,-74.87500
114.254,-75.00000
114.305,-74.87500
114.356,-75.12500
114.406,-75.00000
114.457,-75.12500
114.507,-75.00000
114.558,-75.25000
114.609,-75.25000
114.659,-75.12500
114.710,-75.12500
114.761,-75.25000
114.811,-75.12500
114.862,-75.12500
114.912,-75.25000
114.963,-75.12500
115.014,-75.25000
115.065,-75.12500
115.115,-75.12500
115.166,-75.25000
115.217,-75.25000
115.267,-75.12500
115.318,-75.12500
115.368,-75.00000
115.419,-75.12500
115.470,-75.12500
115.520,-75.25000
115.571,-75.00000
115.622,-75.25000
115.672,-75.25000
115.723,-75.12500
115.773,-75.25000
115.824,-75.12500
115.875,-75.25000
115.925,-75.12500
115.976,-75.12500
116.027,-75.12500
116.077,-75.12500
116.128,-74.62500
116.179,-75.00000
116.229,-75.12500
116.280,-75.12500
116.331,-75.12500
116.381,-75.12500
116.432,-75.12500
116.483,-75.25000
116.533,-75.12500
116.584,-75.25000
116.634,-75.12500
116.685,-75.00000
116.736,-75.12500
116.786,-75.12500
116.837,-75.25000
116.888,-75.12500
116.938,-75.37500
116.989,-75.25000
117.040,-75.50000
117.090,-75.37500
117.141,-75.37500
117.191,-75.50000
117.242,-75.37500
117.293,-75.37500
117.343,-75.25000
117.394,-75.37500
117.445,-75.25000
117.495,-75.37500
117.546,-75.37500
117.597,-75.50000
117.647,-75.37500
117.698,-75.37500
117.748,-75.50000
117.799,-75.50000
117.850,-75.50000
117.900,-75.50000
117.951,-75.62500
118.002,-75.50000
118.052,-75.62500
118.103,-75.62500
118.154,-75.62500
118.204,-75.50000
118.255,-75.50000
118.305,-75.62500
118.356,-75.62500
118.407,-75.62500
118.457,-75.50000
118.508,-75.50000
118.559,-75.62500
118.609,-75.50000
118.660,-75.62500
118.711,-75.62500
118.761,-75.62500
118.812,-75.62500
118.862,-75.37500
118.913,-75.50000
118.964,-75.37500
119.014,-75.62500
119.065,-75.37500
119.116,-75.50000
119.166,-75.62500
119.217,-75.50000
119.268,-75.50000
119.318,-75.50000
119.369,-75.37500
119.419,-75.50000
119.470,-75.37500
119.521,-75.50000
119.571,-75.50000
119.622,-75.62500
119.673,-75.50000
119.724,-75.50000
119.774,-75.62500
119.825,-75.50000
119.876,-75.75000
119.926,-75.50000
119.977,-75.75000
120.028,-75.75000
120.078,-75.75000
120.129,-75.62500
120.180,-75.75000
120.231,-75.62500
120.281,-75.62500
120.332,-75.62500
120.383,-75.75000
120.433,-75.75000
120.484,-75.75000
120.535,-75.75000
120.585,-75.75000
120.636,-75.75000
120.687,-75.75000
120.738,-75.75000
120.788,-75.75000
120.839,-75.75000
120.890,-75.87500
120.940,-75.87500
120.991,-75.87500
121.042,-75.87500
121.092,-75.75000
121.143,-76.00000
121.194,-75.75000
121.245,-76.00000
121.295,-75.75000
121.346,-75.87500
121.397,-75.87500
121.447,-75.75000
121.498,-75.87500
121.549,-75.87500
121.600,-75.87500
121.650,-75.75000
121.701,-75.75000
121.752,-75.62500
121.802,-75.75000
121.853,-75.75000
121.904,-75.75000
121.955,-75.75000
122.005,-75.75000
122.056,-75.87500
122.107,-75.75000
122.157,-75.87500
122.208,-75.75000
122.259,-75.37500
122.309,-75.87500
122.360,-75.75000
122.411,-76.00000
122.462,-75.87500
122.512,-75.87500
122.563,-75.87500
122.614,-75.87500
122.664,-76.00000
122.715,-76.00000
122.766,-76.00000
122.816,-75.87500
122.867,-76.00000
122.918,-75.87500
122.969,-76.12500
123.019,-76.00000
123.070,-76.12500
123.121,-76.12500
123.171,-76.12500
123.222,-76.12500
123.273,-76.12500
123.323,-76.25000
123.374,-76.12500
123.425,-76.25000
123.476,-76.12500
123.526,-76.12500
123.577,-76.12500
123.628,-76.12500
123.678,-76.12500
123.729,-76.12500
123.780,-76.25000
123.830,-76.25000
123.881,-76.25000
123.932,-76.25000
123.982,-76.12500
124.033,-76.25000
124.084,-76.12500
124.134,-76.25000
124.185,-76.12500
124.235,-76.25000
124.286,-76.25000
124.337,-76.25000
124.387,-76.25000
124.438,-76.12500
124.489,-76.25000
124.539,-76.00000
124.590,-76.12500
124.641,-76.00000
124.691,-76.12500
124.742,-76.25000
124.793,-76.00000
124.843,-76.25000
124.894,-76.12500
124.945,-76.25000
124.995,-76.12500
125.046,-76.12500
125.097,-76.12500
125.147,-76.12500
125.198,-76.25000
125.249,-76.37500
125.299,-76.25000
125.350,-76.25000
125.401,-76.25000
125.451,-76.25000
125.502,-76.12500
125.552,-76.37500
125.603,-75.75000
125.654,-76.37500
125.704,-76.25000
125.755,-76.37500
125.806,-76.37500
125.856,-76.12500
125.907,-76.50000
125.958,-76.37500
126.008,-76.50000
126.059,-76.50000
126.110,-76.62500
126.160,-76.50000
126.211,-76.50000
126.262,-76.37500
126.312,-76.50000
126.363,-76.50000
126.414,-76.37500
126.464,-76.50000
126.515,-76.50000
126.565,-76.50000
126.616,-76.50000
126.667,-76.62500
126.717,-76.62500
126.768,-76.62500
126.819,-76.62500
126.869,-76.62500
126.920,-76.62500
126.971,-76.50000
127.021,-76.62500
127.072,-76.62500
127.123,-76.62500
127.173,-76.62500
127.224,-76.50000
127.274,-76.62500
127.325,-76.62500
127.376,-76.62500
127.426,-76.75000
127.477,-76.50000
127.528,-76.75000
127.578,-76.50000
127.629,-76.62500
127.680,-76.62500
127.730,-76.62500
127.781,-76.75000
127.831,-76.62500
127.882,-76.75000
127.933,-76.50000
127.983,-76.62500
128.034,-76.62500
128.085,-76.50000
128.135,-76.75000
128.186,-76.50000
128.237,-76.62500
128.287,-76.50000
128.338,-76.62500
128.389,-76.12500
128.439,-76.50000
128.490,-76.50000
128.540,-76.50000
128.591,-76.62500
128.642,-76.50000
128.692,-76.75000
128.743,-76.75000
128.794,-76.75000
128.844,-76.87500
128.895,-76.62500
128.946,-76.87500
128.996,-76.75000
129.047,-76.75000
129.098,-76.87500
129.148,-76.87500
129.199,-76.87500
129.249,-76.87500
129.300,-76.87500
129.351,-76.87500
129.401,-76.87500
129.452,-76.87500
129.503,-76.87500
129.553,-76.87500
129.604,-77.00000
129.655,-77.00000
129.705,-77.00000
129.756,-77.00000
129.806,-77.00000
129.857,-76.87500
129.908,-76.87500
129.958,-77.00000
130.009,-77.00000
130.060,-77.00000
130.110,-77.00000
130.161,-76.87500
130.212,-77.00000
130.262,-77.00000
130.313,-76.87500
130.363,-77.00000
130.414,-76.87500
130.465,-77.00000
130.515,-76.75000
130.566,-76.87500
130.617,-76.62500
130.667,-76.87500
130.718,-76.62500
130.768,-76.87500
130.819,-77.00000
130.870,-76.62500
130.920,-76.87500
130.971,-76.62500
131.022,-76.87500
131.072,-76.87500
131.123,-76.87500
131.174,-77.00000
131.224,-76.87500
131.275,-77.00000
131.325,-76.87500
131.376,-76.75000
131.427,-76.87500
131.477,-76.87500
131.528,-76.87500
131.579,-77.00000
131.629,-77.00000
131.680,-76.75000
131.731,-76.75000
131.781,-76.87500
131.832,-76.75000
131.882,-77.00000
131.933,-76.50000
131.984,-77.00000
132.034,-76.87500
132.085,-77.12500
132.136,-77.00000
132.187,-77.12500
132.237,-77.12500
132.288,-77.00000
132.339,-77.25000
132.389,-77.12500
132.440,-77.25000
132.491,-77.25000
132.541,-77.25000
132.592,-77.25000
132.642,-77.25000
132.693,-77.25000
132.744,-77.25000
132.794,-77.12500
132.845,-77.12500
132.896,-77.12500
132.946,-77.25000
132.997,-77.25000
133.048,-77.25000
133.098,-77.25000
133.149,-77.25000
133.200,-77.12500
133.250,-77.25000
133.301,-77.25000
133.352,-77.25000
133.402,-77.12500
133.453,-77.12500
133.504,-77.25000
133.554,-77.12500
133.605,-77.25000
133.656,-77.12500
133.706,-77.25000
133.757,-77.25000
133.808,-77.12500
133.858,-77.37500
133.909,-77.25000
133.960,-77.12500
134.010,-77.25000
134.061,-77.12500
134.112,-77.12500
134.162,-77.12500
134.213,-77.25000
134.264,-77.12500
134.314,-77.37500
134.365,-77.25000
134.416,-77.25000
134.466,-77.25000
134.517,-77.12500
134.567,-77.37500
134.618,-77.50000
134.669,-77.50000
134.719,-77.62500
134.770,-77.50000
134.821,-77.50000
134.871,-77.37500
134.922,-77.62500
134.973,-77.37500
135.023,-77.37500
135.074,-77.25000
135.125,-77.37500
135.175,-77.50000
135.226,-77.62500
135.276,-77.50000
135.327,-77.37500
135.378,-77.50000
135.428,-77.50000
135.479,-77.50000
135.530,-77.50000
135.580,-77.62500
135.631,-77.62500
135.682,-77.62500
135.732,-77.62500
135.783,-77.62500
135.833,-77.62500
135.884,-77.62500
135.935,-77.62500
135.985,-77.62500
136.036,-77.75000
136.087,-77.62500
136.138,-77.62500
136.188,-77.75000
136.239,-77.62500
136.289,-77.75000
136.340,-77.75000
136.391,-77.62500
136.441,-77.62500
136.492,-77.62500
136.543,-77.62500
136.593,-77.62500
136.644,-77.75000
136.695,-77.50000
136.745,-77.62500
136.796,-77.62500
136.846,-77.62500
136.897,-77.62500
136.948,-77.50000
136.998,-77.62500
137.049,-77.50000
137.100,-77.50000
137.150,-77.50000
137.201,-77.50000
137.252,-77.62500
137.302,-77.62500
137.353,-77.50000
137.404,-77.62500
137.454,-77.50000
137.505,-77.75000
137.556,-77.62500
137.606,-77.87500
137.657,-77.62500
137.708,-77.87500
137.758,-77.62500
137.809,-77.87500
137.860,-77.87500
137.910,-77.75000
137.961,-77.75000
138.012,-77.62500
138.062,-77.87500
138.113,-77.75000
138.164,-77.87500
138.214,-77.87500
138.265,-77.87500
138.316,-77.75000
138.366,-77.87500
138.417,-77.87500
138.467,-77.87500
138.518,-78.00000
138.569,-77.87500
138.619,-78.00000
138.670,-78.00000
138.721,-77.87500
138.771,-78.00000
138.822,-77.87500
138.873,-78.00000
138.923,-77.87500
138.974,-78.00000
139.025,-78.00000
139.075,-78.00000
139.126,-78.12500
139.176,-78.00000
139.227,-77.87500
139.278,-77.87500
139.328,-78.00000
139.379,-77.75000
139.430,-77.62500
139.480,-78.00000
139.531,-77.75000
139.582,-78.00000
139.632,-77.87500
139.683,-77.87500
139.733,-77.87500
139.784,-77.75000
139.835,-78.00000
139.885,-77.87500
139.936,-77.87500
139.987,-77.87500
140.037,-77.87500
140.088,-77.87500
140.139,-77.87500
140.190,-78.00000
140.240,-77.87500
140.291,-78.00000
140.342,-78.00000
140.393,-78.12500
140.444,-78.12500
140.494,-78.12500
140.545,-78.25000
140.596,-77.87500
140.646,-78.12500
140.697,-78.00000
140.748,-78.00000
140.798,-78.00000
140.849,-78.12500
140.899,-78.12500
140.950,-78.00000
141.001,-78.12500
141.051,-78.00000
141.102,-78.12500
141.153,-78.25000
141.203,-78.25000
141.254,-78.25000
141.305,-78.25000
141.355,-78.25000
141.406,-78.25000
141.457,-78.37500
141.507,-78.37500
141.558,-78.37500
141.609,-78.37500
141.659,-78.37500
141.710,-78.50000
141.760,-78.37500
141.811,-78.37500
141.862,-78.37500
141.912,-78.50000
141.963,-78.25000
142.014,-78.25000
142.064,-78.50000
142.115,-78.37500
142.166,-78.37500
142.216,-78.25000
142.267,-78.37500
142.317,-78.25000
142.368,-78.37500
142.419,-78.25000
142.469,-78.37500
142.520,-78.50000
142.571,-78.12500
142.621,-78.50000
142.672,-78.25000
142.722,-78.50000
142.773,-77.75000
142.824,-78.37500
142.874,-78.25000
142.925,-78.25000
142.976,-78.37500
143.026,-78.25000
143.077,-78.25000
143.128,-78.37500
143.178,-78.25000
143.229,-78.37500
143.279,-78.25000
143.330,-78.50000
143.381,-78.50000
143.431,-78.50000
143.482,-78.50000
143.533,-78.50000
143.583,-78.37500
143.634,-78.37500
143.684,-78.50000
143.735,-78.50000
143.786,-78.50000
143.836,-78.50000
143.887,-78.50000
143.938,-78.37500
143.988,-78.37500
144.039,-78.50000
144.090,-78.50000
144.140,-78.62500
144.191,-78.50000
144.241,-78.62500
144.292,-78.62500
144.343,-78.62500
144.393,-78.50000
144.444,-78.50000
144.495,-78.75000
144.545,-78.62500
144.596,-78.62500
144.646,-78.62500
144.697,-78.62500
144.748,-78.75000
144.798,-78.50000
144.849,-78.62500
144.900,-78.37500
144.950,-78.62500
145.001,-78.75000
145.052,-78.62500
145.102,-78.75000
145.153,-78.37500
145.204,-78.75000
145.254,-78.62500
145.305,-78.50000
145.355,-78.50000
145.406,-78.50000
145.457,-78.62500
145.507,-78.50000
145.558,-78.50000
145.609,-78.62500
145.659,-78.50000
145.710,-78.50000
145.761,-78.50000
145.811,-78.75000
145.862,-78.50000
145.913,-78.75000
145.963,-78.75000
146.014,-78.87500
146.064,-78.75000
146.115,-78.75000
146.166,-78.87500
146.216,-78.75000
146.267,-78.87500
146.318,-78.87500
146.368,-79.00000
146.419,-78.87500
146.470,-78.87500
146.520,-79.00000
146.571,-79.00000
146.621,-79.00000
146.672,-79.00000
146.723,-79.00000
146.773,-78.87500
146.824,-79.12500
146.875,-79.00000
146.925,-78.87500
146.976,-79.00000
147.027,-78.87500
147.077,-78.87500
147.128,-79.00000
147.178,-79.00000
147.229,-79.00000
147.280,-79.00000
147.330,-79.00000
147.381,-79.12500
147.432,-79.00000
147.482,-79.00000
147.533,-79.12500
147.584,-79.12500
147.634,-79.00000
147.685,-79.25000
147.736,-79.00000
147.786,-79.12500
147.837,-79.00000
147.887,-79.12500
147.938,-79.25000
147.989,-79.12500
148.039,-79.12500
148.090,-79.12500
148.141,-79.12500
148.191,-78.87500
148.242,-79.12500
148.293,-78.87500
148.343,-79.00000
148.394,-79.00000
148.445,-79.00000
148.495,-79.12500
148.546,-78.87500
148.597,-79.00000
148.647,-79.00000
148.698,-78.87500
148.748,-78.87500
148.799,-79.00000
148.850,-79.12500
148.900,-79.00000
148.951,-78.87500
149.002,-78.87500
149.052,-79.00000
149.103,-79.00000
149.154,-79.12500
149.204,-79.00000
149.255,-79.00000
149.306,-79.12500
149.356,-79.00000
149.407,-79.12500
149.458,-79.12500
149.508,-79.00000
149.559,-79.25000
149.609,-79.12500
149.660,-79.25000
149.711,-79.00000
149.761,-79.37500
149.812,-79.25000
149.863,-79.37500
149.913,-79.25000
149.964,-79.25000
