time(s),mvs,
0.000,-89.50000,
0.201,-89.50000,
0.401,-89.50000,
0.602,-89.87500,
0.803,-89.62500,
1.003,-89.62500,
1.204,-90.00000,
1.404,-89.12500,
1.605,84.62500,
1.806,155.87500,
2.006,197.62500,
2.207,202.87500,
2.408,218.75000,
2.608,214.75000,
2.809,203.00000,
3.009,199.62500,
3.210,206.75000,
3.411,220.37500,
3.611,218.87500,
3.812,206.37500,
4.013,200.12500,
4.213,193.87500,
4.414,189.50000,
4.614,185.62500,
4.815,181.75000,
5.016,178.87500,
5.216,175.75000,
5.417,173.37500,
5.618,172.12500,
5.818,170.75000,
6.019,168.75000,
6.219,166.75000,
6.420,165.37500,
6.621,163.75000,
6.821,162.25000,
7.022,160.87500,
7.223,159.50000,
7.423,158.50000,
7.624,157.75000,
7.825,156.50000,
8.025,155.50000,
8.226,155.00000,
8.426,154.25000,
8.627,153.75000,
8.828,152.87500,
9.028,152.25000,
9.229,151.75000,
9.430,151.25000,
9.630,150.75000,
9.831,150.00000,
10.032,149.25000,
10.232,148.62500,
10.433,147.87500,
10.634,147.50000,
10.834,147.37500,
11.035,147.12500,
11.236,146.50000,
11.436,146.12500,
11.637,145.75000,
11.837,145.12500,
12.038,144.75000,
12.239,144.00000,
12.439,143.37500,
12.640,142.87500,
12.841,142.12500,
13.041,141.62500,
13.242,140.87500,
13.443,140.37500,
13.643,139.50000,
13.844,138.75000,
14.044,137.87500,
14.245,137.37500,
14.446,136.62500,
14.646,136.00000,
14.847,135.50000,
15.048,134.50000,
15.248,133.87500,
15.449,132.87500,
15.650,132.25000,
15.850,131.62500,
16.051,130.75000,
16.251,130.12500,
16.452,129.37500,
16.653,128.62500,
16.853,128.00000,
17.054,127.25000,
17.255,126.50000,
17.455,125.75000,
17.656,125.00000,
17.857,124.12500,
18.057,123.50000,
18.258,122.75000,
18.458,122.12500,
18.659,121.37500,
18.860,120.50000,
19.060,120.00000,
19.261,119.25000,
19.462,118.25000,
19.662,117.50000,
19.863,116.75000,
20.064,116.12500,
20.264,115.50000,
20.465,114.50000,
20.665,113.75000,
20.866,113.00000,
21.067,112.25000,
21.267,111.37500,
21.468,110.87500,
21.669,109.87500,
21.869,109.12500,
22.070,108.62500,
22.270,107.25000,
22.471,106.75000,
22.672,105.87500,
22.872,105.12500,
23.073,104.25000,
23.274,103.37500,
23.474,102.62500,
23.675,102.00000,
23.876,101.25000,
24.076,100.00000,
24.277,99.50000,
24.477,98.62500,
24.678,97.62500,
24.879,97.00000,
25.079,96.25000,
25.280,95.37500,
25.481,94.62500,
25.681,93.62500,
25.882,93.00000,
26.083,92.00000,
26.283,91.12500,
26.484,90.12500,
26.685,89.50000,
26.885,88.62500,
27.086,87.75000,
27.286,87.00000,
27.487,86.00000,
27.688,85.12500,
27.888,84.25000,
28.089,83.25000,
28.290,82.37500,
28.490,81.75000,
28.691,80.75000,
28.892,79.87500,
29.092,79.25000,
29.293,78.00000,
29.493,77.12500,
29.694,76.25000,
29.895,75.37500,
30.095,74.50000,
30.296,73.50000,
30.497,72.62500,
30.697,71.75000,
30.898,70.75000,
31.099,69.87500,
31.299,68.75000,
31.500,68.00000,
31.700,67.00000,
31.901,66.00000,
32.102,65.12500,
32.302,64.12500,
32.503,63.37500,
32.704,62.25000,
32.904,61.37500,
33.105,60.50000,
33.306,59.37500,
33.506,58.50000,
33.707,57.50000,
33.907,56.75000,
34.108,55.75000,
34.309,54.87500,
34.509,53.75000,
34.710,52.87500,
34.911,52.00000,
35.111,51.00000,
35.312,50.00000,
35.513,49.25000,
35.713,48.37500,
35.914,47.25000,
36.114,46.25000,
36.315,45.37500,
36.516,44.62500,
36.716,43.50000,
36.917,42.62500,
37.118,41.75000,
37.318,40.75000,
37.519,39.87500,
37.720,39.12500,
37.920,38.00000,
38.121,37.12500,
38.321,36.12500,
38.522,35.37500,
38.723,34.37500,
38.923,33.50000,
39.124,32.50000,
39.325,31.62500,
39.525,30.75000,
39.726,29.87500,
39.927,29.00000,
40.127,28.25000,
40.328,27.25000,
40.529,26.12500,
40.729,25.50000,
40.930,24.62500,
41.131,23.87500,
41.331,23.00000,
41.532,22.12500,
41.732,21.25000,
41.933,20.37500,
42.134,19.75000,
42.334,18.62500,
42.535,17.87500,
42.736,17.12500,
42.936,16.37500,
43.137,15.25000,
43.337,14.87500,
43.538,13.62500,
43.739,12.75000,
43.939,11.87500,
44.140,11.25000,
44.341,10.50000,
44.541,9.75000,
44.742,8.87500,
44.943,8.25000,
45.143,7.25000,
45.344,6.37500,
45.545,5.75000,
45.745,4.75000,
45.946,4.37500,
46.146,3.37500,
46.347,2.50000,
46.548,2.00000,
46.748,1.12500,
46.949,0.50000,
47.150,-0.12500,
47.350,-1.12500,
47.551,-1.62500,
47.752,-2.37500,
47.952,-3.00000,
48.153,-3.87500,
48.353,-4.37500,
48.554,-5.37500,
48.755,-6.12500,
48.955,-6.87500,
49.156,-7.50000,
49.357,-8.25000,
49.557,-8.75000,
49.758,-9.50000,
49.958,-10.12500,
50.159,-10.87500,
50.360,-11.62500,
50.560,-12.50000,
50.761,-13.12500,
50.962,-13.37500,
51.162,-14.25000,
51.363,-14.75000,
51.564,-15.50000,
51.764,-16.25000,
51.965,-16.75000,
52.165,-17.37500,
52.366,-18.12500,
52.567,-18.87500,
52.767,-19.50000,
52.968,-20.00000,
53.169,-20.62500,
53.369,-21.25000,
53.570,-22.00000,
53.771,-22.37500,
53.971,-23.00000,
54.172,-23.62500,
54.372,-24.37500,
54.573,-24.87500,
54.774,-25.37500,
54.974,-26.00000,
55.175,-26.62500,
55.376,-27.25000,
55.576,-27.62500,
55.777,-28.37500,
55.978,-28.87500,
56.178,-29.37500,
56.379,-30.00000,
56.579,-30.50000,
56.780,-31.25000,
56.981,-31.75000,
57.181,-32.12500,
57.382,-32.62500,
57.583,-33.12500,
57.783,-33.87500,
57.984,-34.37500,
58.185,-35.00000,
58.385,-35.25000,
58.586,-35.75000,
58.787,-36.25000,
58.987,-36.75000,
59.188,-37.37500,
59.389,-37.87500,
59.589,-38.37500,
59.790,-38.75000,
59.991,-39.25000,
60.191,-39.87500,
60.392,-40.25000,
60.592,-40.50000,
60.793,-41.25000,
60.994,-41.50000,
61.194,-42.00000,
61.395,-42.75000,
61.596,-43.00000,
61.796,-43.62500,
61.997,-44.00000,
62.198,-44.12500,
62.398,-44.75000,
62.599,-45.37500,
62.800,-45.50000,
63.000,-45.87500,
63.201,-46.37500,
63.402,-46.75000,
63.602,-47.12500,
63.803,-47.62500,
64.004,-48.00000,
64.204,-48.50000,
64.405,-48.75000,
64.605,-49.25000,
64.806,-49.50000,
65.007,-50.00000,
65.207,-50.37500,
65.408,-50.87500,
65.609,-51.12500,
65.809,-51.62500,
66.010,-52.00000,
66.211,-52.25000,
66.411,-52.50000,
66.612,-53.00000,
66.812,-53.25000,
67.013,-53.87500,
67.214,-54.12500,
67.414,-54.50000,
67.615,-55.00000,
67.816,-55.12500,
68.016,-55.37500,
68.217,-55.75000,
68.418,-56.25000,
68.618,-56.62500,
68.819,-56.62500,
69.019,-57.12500,
69.220,-57.50000,
69.421,-57.50000,
69.621,-57.87500,
69.822,-58.25000,
70.023,-58.50000,
70.223,-58.87500,
70.424,-59.12500,
70.625,-59.62500,
70.825,-60.12500,
71.026,-60.12500,
71.227,-60.25000,
71.427,-60.75000,
71.628,-61.00000,
71.829,-61.12500,
72.029,-61.50000,
72.230,-61.87500,
72.430,-61.87500,
72.631,-62.25000,
72.832,-62.50000,
73.032,-62.87500,
73.233,-63.25000,
73.434,-63.25000,
73.634,-63.50000,
73.835,-63.75000,
74.035,-64.00000,
74.236,-64.25000,
74.437,-64.75000,
74.637,-64.87500,
74.838,-65.00000,
75.039,-65.12500,
75.239,-65.50000,
75.440,-65.87500,
75.641,-66.12500,
75.841,-66.37500,
76.042,-66.50000,
76.243,-66.62500,
76.443,-67.12500,
76.644,-67.00000,
76.844,-67.25000,
77.045,-67.37500,
77.246,-67.62500,
77.446,-67.75000,
77.647,-68.00000,
77.848,-68.50000,
78.048,-68.62500,
78.249,-68.75000,
78.449,-69.12500,
78.650,-69.00000,
78.851,-69.25000,
79.051,-69.12500,
79.252,-69.50000,
79.453,-69.87500,
79.653,-70.12500,
79.854,-70.37500,
80.055,-70.75000,
80.255,-70.62500,
80.456,-70.62500,
80.656,-70.87500,
80.857,-71.25000,
81.058,-71.00000,
81.258,-71.25000,
81.459,-71.62500,
81.660,-71.87500,
81.860,-71.87500,
82.061,-72.00000,
82.262,-72.37500,
82.462,-72.37500,
82.663,-72.37500,
82.863,-72.62500,
83.064,-73.00000,
83.265,-73.12500,
83.465,-73.25000,
83.666,-73.25000,
83.867,-73.12500,
84.067,-73.37500,
84.268,-73.50000,
84.469,-73.87500,
84.669,-74.00000,
84.870,-74.25000,
85.070,-74.25000,
85.271,-74.37500,
85.472,-74.37500,
85.672,-74.62500,
85.873,-74.75000,
86.074,-74.87500,
86.274,-74.87500,
86.475,-75.00000,
86.676,-75.37500,
86.876,-75.37500,
87.077,-75.62500,
87.278,-75.50000,
87.478,-75.62500,
87.679,-75.87500,
87.880,-76.00000,
88.080,-76.12500,
88.281,-76.25000,
88.481,-76.00000,
88.682,-76.25000,
88.883,-76.37500,
89.083,-76.75000,
89.284,-76.37500,
89.485,-76.62500,
89.685,-76.87500,
89.886,-77.00000,
90.087,-76.87500,
90.287,-77.00000,
90.488,-77.37500,
90.688,-77.50000,
90.889,-77.50000,
91.090,-77.50000,
91.290,-77.75000,
91.491,-77.87500,
91.692,-78.12500,
91.892,-78.25000,
92.093,-78.00000,
92.294,-77.87500,
92.494,-78.37500,
92.695,-78.37500,
92.895,-78.37500,
93.096,-78.50000,
93.297,-78.50000,
93.497,-78.50000,
93.698,-78.62500,
93.899,-78.75000,
94.099,-78.87500,
94.300,-78.87500,
94.501,-79.00000,
94.701,-79.00000,
94.902,-79.25000,
95.102,-79.12500,
95.303,-79.37500,
95.504,-79.62500,
95.704,-79.75000,
95.905,-79.75000,
96.106,-79.75000,
96.306,-79.62500,
96.507,-79.87500,
96.708,-79.87500,
96.908,-79.87500,
97.109,-79.87500,
97.309,-80.00000,
97.510,-80.25000,
97.711,-80.25000,
97.911,-80.25000,
98.112,-80.50000,
98.313,-80.37500,
98.513,-80.25000,
98.714,-80.62500,
98.915,-80.62500,
99.115,-80.50000,
99.316,-80.87500,
99.517,-80.75000,
99.717,-80.75000,
99.918,-80.75000,
100.118,-81.00000,
100.319,-81.00000,
100.520,-81.12500,
100.720,-81.12500,
100.921,-81.25000,
101.122,-81.12500,
101.322,-81.37500,
101.523,-81.62500,
101.724,-81.62500,
101.924,-81.62500,
102.125,-81.50000,
102.325,-81.75000,
102.526,-81.75000,
102.727,-81.75000,
102.927,-81.75000,
103.128,-81.75000,
103.329,-81.87500,
103.529,-82.00000,
103.730,-82.00000,
103.931,-82.12500,
104.131,-82.12500,
104.332,-82.25000,
104.532,-82.25000,
104.733,-82.37500,
104.934,-82.25000,
105.134,-82.37500,
105.335,-82.37500,
105.536,-82.37500,
105.736,-82.50000,
105.937,-82.62500,
106.138,-82.62500,
106.338,-82.75000,
106.539,-82.50000,
106.739,-82.75000,
106.940,-83.00000,
107.141,-82.87500,
107.341,-82.75000,
107.542,-83.00000,
107.743,-82.87500,
107.943,-82.75000,
108.144,-83.00000,
108.345,-83.25000,
108.545,-83.25000,
108.746,-83.25000,
108.947,-83.25000,
109.147,-83.37500,
109.348,-83.25000,
109.548,-83.12500,
109.749,-83.37500,
109.950,-83.50000,
110.150,-83.50000,
110.351,-83.62500,
110.552,-83.62500,
110.752,-83.50000,
110.953,-83.75000,
111.153,-83.75000,
111.354,-83.87500,
111.555,-83.75000,
111.755,-83.87500,
111.956,-83.75000,
112.157,-83.87500,
112.357,-83.87500,
112.558,-83.87500,
112.759,-84.12500,
112.959,-84.12500,
113.160,-84.12500,
113.360,-84.12500,
113.561,-84.25000,
113.762,-84.37500,
113.962,-84.37500,
114.163,-84.37500,
114.364,-84.62500,
114.564,-84.37500,
114.765,-84.75000,
114.965,-84.62500,
115.166,-84.75000,
115.367,-84.62500,
115.567,-84.62500,
115.768,-84.62500,
115.969,-84.50000,
116.169,-84.62500,
116.370,-84.87500,
116.571,-85.00000,
116.771,-84.87500,
116.972,-84.75000,
117.172,-84.75000,
117.373,-84.87500,
117.574,-84.87500,
117.774,-85.25000,
117.975,-85.00000,
118.176,-85.12500,
118.376,-85.12500,
118.577,-85.25000,
118.778,-85.25000,
118.978,-85.12500,
119.179,-85.12500,
119.380,-85.25000,
119.580,-85.25000,
119.781,-85.25000,
119.981,-85.25000,
120.182,-85.25000,
120.383,-85.37500,
120.583,-85.50000,
120.784,-85.50000,
120.985,-85.37500,
121.185,-85.62500,
121.386,-85.62500,
121.587,-85.50000,
121.787,-85.62500,
121.988,-85.62500,
122.188,-85.75000,
122.389,-85.87500,
122.590,-85.75000,
122.790,-85.87500,
122.991,-86.00000,
123.192,-85.87500,
123.392,-86.00000,
123.593,-85.87500,
123.794,-86.00000,
123.994,-86.12500,
124.195,-85.75000,
124.395,-86.12500,
124.596,-86.12500,
124.797,-86.12500,
124.997,-86.12500,
125.198,-86.00000,
125.399,-86.12500,
125.599,-86.25000,
125.800,-86.12500,
126.001,-86.50000,
126.201,-86.50000,
126.402,-86.62500,
126.602,-86.37500,
126.803,-86.50000,
127.004,-86.50000,
127.204,-86.50000,
127.405,-86.37500,
127.606,-86.75000,
127.806,-86.50000,
128.007,-86.75000,
128.208,-86.62500,
128.408,-86.75000,
128.609,-86.87500,
128.810,-86.87500,
129.010,-86.75000,
129.211,-86.87500,
129.411,-86.62500,
129.612,-86.62500,
129.813,-86.62500,
130.013,-86.75000,
130.214,-86.75000,
130.415,-86.75000,
130.615,-87.00000,
130.816,-86.87500,
131.017,-87.12500,
131.217,-86.87500,
131.418,-87.00000,
131.619,-87.00000,
131.819,-87.00000,
132.020,-87.00000,
132.221,-87.00000,
132.421,-87.12500,
132.622,-87.25000,
132.822,-87.12500,
133.023,-87.37500,
133.224,-87.25000,
133.424,-87.37500,
133.625,-87.37500,
133.826,-87.12500,
134.026,-87.50000,
134.227,-87.50000,
134.428,-87.50000,
134.628,-87.62500,
134.829,-87.25000,
135.029,-87.50000,
135.230,-87.50000,
135.431,-87.75000,
135.631,-87.75000,
135.832,-87.62500,
136.033,-87.50000,
136.233,-87.87500,
136.434,-87.87500,
136.635,-87.75000,
136.835,-87.87500,
137.036,-88.00000,
137.236,-87.75000,
137.437,-87.75000,
137.638,-87.87500,
137.838,-88.00000,
138.039,-87.87500,
138.240,-87.75000,
138.440,-88.12500,
138.641,-88.12500,
138.842,-87.87500,
139.042,-87.75000,
139.243,-87.87500,
139.443,-87.87500,
139.644,-88.12500,
139.845,-88.00000,
140.045,-88.37500,
140.246,-88.37500,
140.447,-88.37500,
140.647,-88.12500,
140.848,-88.37500,
141.049,-88.25000,
141.249,-88.25000,
141.450,-88.37500,
141.650,-88.37500,
141.851,-88.50000,
142.052,-88.50000,
142.252,-88.50000,
142.453,-88.62500,
142.654,-88.62500,
142.854,-88.62500,
143.055,-88.62500,
143.256,-88.37500,
143.456,-88.87500,
143.657,-88.75000,
143.857,-88.75000,
144.058,-88.75000,
144.259,-88.62500,
144.459,-88.75000,
144.660,-88.87500,
144.861,-89.00000,
145.061,-89.00000,
145.262,-88.87500,
145.463,-88.87500,
145.663,-89.00000,
145.864,-88.62500,
146.065,-89.12500,
146.265,-88.87500,
146.466,-89.12500,
146.667,-89.00000,
146.867,-89.00000,
147.068,-89.37500,
147.269,-89.12500,
147.469,-89.25000,
147.670,-89.50000,
147.871,-89.12500,
148.071,-89.25000,
148.272,-89.25000,
148.472,-89.37500,
148.673,-89.37500,
148.874,-89.50000,
149.074,-89.37500,
149.275,-89.25000,
149.476,-89.37500,
149.676,-89.37500,
149.877,-89.62500,
