time(s),mvs
0.000,24.87500
0.051,24.62500
0.101,24.37500
0.152,23.87500
0.203,23.87500
0.253,23.62500
0.304,23.50000
0.355,23.25000
0.405,23.12500
0.456,22.87500
0.506,22.75000
0.557,22.62500
0.608,22.37500
0.658,22.25000
0.709,22.12500
0.760,22.00000
0.810,21.87500
0.861,21.62500
0.911,21.25000
0.962,21.12500
1.013,20.87500
1.063,20.62500
1.114,20.25000
1.164,20.00000
1.215,19.75000
1.266,19.50000
1.316,19.37500
1.367,19.25000
1.418,19.00000
1.468,97.50000
1.519,185.37500
1.569,225.12500
1.620,259.75000
1.736,293.87500
1.787,300.00000
1.838,305.62500
1.888,309.00000
1.939,313.37500
1.990,327.50000
2.040,334.00000
2.091,337.00000
2.142,338.75000
2.192,340.37500
2.243,341.25000
2.293,342.00000
2.344,342.25000
2.395,342.12500
2.445,341.87500
2.496,341.50000
2.547,341.37500
2.597,341.37500
2.648,341.25000
2.698,341.00000
2.749,340.62500
2.800,340.25000
2.850,339.75000
2.901,339.00000
2.951,338.50000
3.002,337.62500
3.053,337.12500
3.103,336.50000
3.154,336.00000
3.204,335.37500
3.255,334.75000
3.306,334.25000
3.356,333.62500
3.407,333.25000
3.458,332.62500
3.508,332.12500
3.559,331.37500
3.609,331.00000
3.660,330.37500
3.711,329.75000
3.761,329.00000
3.812,328.37500
3.862,327.62500
3.913,326.62500
3.964,326.00000
4.014,325.00000
4.065,324.37500
4.116,323.50000
4.166,322.87500
4.217,322.12500
4.267,321.62500
4.318,321.12500
4.369,320.37500
4.419,319.62500
4.470,318.75000
4.521,318.00000
4.571,317.25000
4.622,316.37500
4.673,315.62500
4.723,314.62500
4.774,313.75000
4.824,312.87500
4.875,312.12500
4.926,311.25000
4.976,310.37500
5.027,309.62500
5.078,308.62500
5.128,307.62500
5.179,306.62500
5.230,305.50000
5.280,304.62500
5.331,303.62500
5.381,302.75000
5.432,302.00000
5.483,301.12500
5.533,300.25000
5.584,299.12500
5.635,298.25000
5.685,297.12500
5.736,296.25000
5.787,295.37500
5.837,294.25000
5.888,293.50000
5.938,292.37500
5.989,291.62500
6.040,290.37500
6.090,289.37500
6.141,288.37500
6.192,287.37500
6.242,286.37500
6.293,285.37500
6.344,284.37500
6.394,283.12500
6.445,282.12500
6.496,281.00000
6.546,280.00000
6.597,278.87500
6.648,278.12500
6.698,277.00000
6.749,276.00000
6.800,274.75000
6.851,273.62500
6.901,272.37500
6.952,271.00000
7.003,269.75000
7.053,268.37500
7.104,267.12500
7.155,265.87500
7.205,264.75000
7.256,263.37500
7.307,262.12500
7.358,260.87500
7.408,259.75000
7.459,258.62500
7.510,257.37500
7.560,256.12500
7.611,255.00000
7.662,253.87500
7.713,252.62500
7.763,251.50000
7.814,250.37500
7.865,249.37500
7.915,248.00000
7.966,246.75000
8.017,245.75000
8.068,244.37500
8.118,243.37500
8.169,242.12500
8.220,241.12500
8.270,239.87500
8.321,238.87500
8.372,237.37500
8.423,236.25000
8.473,235.00000
8.524,233.87500
8.575,232.62500
8.626,231.62500
8.676,230.62500
8.727,229.25000
8.778,228.12500
8.828,226.87500
8.879,226.25000
8.930,225.12500
8.981,224.25000
9.031,223.00000
9.082,222.12500
9.133,220.87500
9.183,219.62500
9.234,218.62500
9.285,217.62500
9.336,216.62500
9.386,215.37500
9.437,214.25000
9.488,212.75000
9.538,211.75000
9.589,210.50000
9.640,209.50000
9.691,208.37500
9.741,207.37500
9.792,206.12500
9.843,205.12500
9.893,204.12500
9.944,203.00000
9.995,201.87500
10.046,200.37500
10.096,199.00000
10.147,197.50000
10.198,196.50000
10.248,195.12500
10.299,194.12500
10.350,192.75000
10.401,191.87500
10.451,190.87500
10.502,189.62500
10.553,188.62500
10.603,187.50000
10.654,186.62500
10.705,185.87500
10.756,185.00000
10.806,183.87500
10.857,183.12500
10.908,182.12500
10.958,181.25000
11.009,180.25000
11.060,179.00000
11.110,177.75000
11.161,176.62500
11.212,175.50000
11.263,174.25000
11.313,173.25000
11.364,171.87500
11.415,170.75000
11.465,169.50000
11.516,168.37500
11.567,167.12500
11.618,166.50000
11.668,165.75000
11.719,164.75000
11.770,163.75000
11.820,162.50000
11.871,161.50000
11.922,160.50000
11.973,159.62500
12.023,158.62500
12.074,157.62500
12.125,156.62500
12.175,155.62500
12.226,154.37500
12.277,152.87500
12.328,151.75000
12.378,150.75000
12.429,149.87500
12.480,148.75000
12.530,147.87500
12.581,146.87500
12.632,146.00000
12.683,144.50000
12.733,143.62500
12.784,143.00000
12.835,142.75000
12.885,141.87500
12.936,140.87500
12.987,139.87500
13.037,138.87500
13.088,138.00000
13.139,136.87500
13.190,136.00000
13.240,134.87500
13.291,134.12500
13.342,132.87500
13.392,132.12500
13.443,131.25000
13.494,130.37500
13.545,129.25000
13.595,128.25000
13.646,127.50000
13.697,126.75000
13.747,126.12500
13.798,125.37500
13.849,124.62500
13.900,123.62500
13.950,122.75000
14.001,122.12500
14.052,121.25000
14.102,120.37500
14.153,119.75000
14.204,118.87500
14.255,118.00000
14.305,117.25000
14.356,116.12500
14.407,115.50000
14.457,114.75000
14.508,114.00000
14.559,113.25000
14.610,112.37500
14.660,111.62500
14.711,110.75000
14.762,110.00000
14.812,109.25000
14.863,108.50000
14.914,107.62500
14.964,107.00000
15.015,106.25000
15.066,105.50000
15.116,104.87500
15.167,104.25000
15.218,103.50000
15.268,102.75000
15.319,102.37500
15.369,101.75000
15.420,101.12500
15.471,100.37500
15.521,99.87500
15.572,98.75000
15.623,98.25000
15.673,97.50000
15.724,96.87500
15.774,96.12500
15.825,95.37500
15.876,94.75000
15.926,94.00000
15.977,93.37500
16.028,92.62500
16.078,92.00000
16.129,91.37500
16.179,90.62500
16.230,90.12500
16.281,89.37500
16.331,88.75000
16.382,88.25000
16.433,87.50000
16.483,86.75000
16.534,86.00000
16.584,85.50000
16.635,84.62500
16.686,84.25000
16.736,83.50000
16.787,83.12500
16.838,82.25000
16.888,81.62500
16.939,80.87500
16.990,80.25000
17.040,79.37500
17.091,78.75000
17.141,78.25000
17.192,77.62500
17.243,77.00000
17.293,76.50000
17.344,76.00000
17.394,75.25000
17.445,74.87500
17.496,74.25000
17.546,73.75000
17.597,73.12500
17.648,72.62500
17.698,72.12500
17.749,71.62500
17.800,71.12500
17.850,70.50000
17.901,69.87500
17.951,69.12500
18.002,68.50000
18.053,68.00000
18.103,67.37500
18.154,66.62500
18.205,66.00000
18.255,65.50000
18.306,65.00000
18.357,64.50000
18.407,64.00000
18.458,63.37500
18.509,63.00000
18.559,62.50000
18.610,62.00000
18.660,61.37500
18.711,61.00000
18.762,60.50000
18.812,60.00000
18.863,59.37500
18.914,58.87500
18.964,58.25000
19.015,57.87500
19.066,57.50000
19.116,57.00000
19.167,56.50000
19.218,55.87500
19.268,55.62500
19.319,55.00000
19.370,54.50000
19.421,54.00000
19.471,53.75000
19.522,53.25000
19.573,52.87500
19.623,52.37500
19.674,51.87500
19.725,51.50000
19.776,51.00000
19.826,50.50000
19.877,50.12500
19.928,49.75000
19.978,49.25000
20.029,48.75000
20.080,48.25000
20.130,47.75000
20.181,47.25000
20.232,47.12500
20.283,46.62500
20.333,46.25000
20.384,45.87500
20.435,45.37500
20.485,45.00000
20.536,44.50000
20.587,44.12500
20.638,43.75000
20.688,43.37500
20.739,42.87500
20.790,42.50000
20.840,42.00000
20.891,41.62500
20.942,41.12500
20.992,40.62500
21.043,40.25000
21.094,39.87500
21.145,39.50000
21.195,39.00000
21.246,38.62500
21.297,38.25000
21.347,38.00000
21.398,37.50000
21.449,37.25000
21.499,36.87500
21.550,36.37500
21.601,36.00000
21.652,35.62500
21.702,35.25000
21.753,34.75000
21.804,34.50000
21.854,34.12500
21.905,33.75000
21.956,33.37500
22.006,33.00000
22.057,32.75000
22.108,32.37500
22.159,32.25000
22.209,31.87500
22.260,31.87500
22.311,31.37500
22.361,31.00000
22.412,30.62500
22.463,30.25000
22.513,30.00000
22.564,29.50000
22.615,29.00000
22.666,28.62500
22.716,28.37500
22.767,28.00000
22.818,27.75000
22.868,27.37500
22.919,27.00000
22.970,26.50000
23.020,26.37500
23.071,26.00000
23.122,25.87500
23.173,25.50000
23.223,25.25000
23.274,25.12500
23.325,24.62500
23.375,24.25000
23.426,23.87500
23.477,23.37500
23.527,23.00000
23.578,22.62500
23.628,22.12500
23.679,21.87500
23.730,21.50000
23.780,21.12500
23.831,20.75000
23.882,20.37500
23.932,20.00000
23.983,19.62500
24.034,19.37500
24.084,19.00000
24.135,18.62500
24.186,18.37500
24.236,18.00000
24.287,17.75000
24.338,17.37500
24.388,17.12500
24.439,16.75000
24.489,16.62500
24.540,16.37500
24.591,16.00000
24.641,16.00000
24.692,15.62500
24.743,15.37500
24.793,15.00000
24.844,14.87500
24.895,14.50000
24.945,14.25000
24.996,13.87500
25.046,13.75000
25.097,13.37500
25.148,13.00000
25.198,12.87500
25.249,12.50000
25.300,12.37500
25.350,12.12500
25.401,11.75000
25.452,11.62500
25.502,11.37500
25.553,11.00000
25.603,10.87500
25.654,10.62500
25.705,10.25000
25.755,9.87500
25.806,9.62500
25.857,9.25000
25.907,9.00000
25.958,8.62500
26.008,8.37500
26.059,8.00000
26.110,7.75000
26.160,7.25000
26.211,7.00000
26.262,6.75000
26.312,6.50000
26.363,6.25000
26.414,6.00000
26.464,5.75000
26.515,5.50000
26.565,5.25000
26.616,5.12500
26.667,4.87500
26.717,4.50000
26.768,4.50000
26.819,4.12500
26.869,4.12500
26.920,3.62500
26.970,3.62500
27.021,3.25000
27.072,3.12500
27.122,2.87500
27.173,2.62500
27.224,2.50000
27.274,2.37500
27.325,2.25000
27.376,2.00000
27.426,1.75000
27.477,1.50000
27.527,1.37500
27.578,1.12500
27.629,0.75000
27.679,0.50000
27.730,0.37500
27.781,0.12500
27.831,-0.12500
27.882,-0.25000
27.933,-0.50000
27.983,-0.75000
28.034,-1.00000
28.084,-1.25000
28.135,-1.37500
28.186,-1.62500
28.236,-2.00000
28.287,-2.12500
28.338,-2.37500
28.388,-2.50000
28.439,-2.75000
28.490,-2.87500
28.540,-3.12500
28.591,-3.12500
28.642,-3.37500
28.692,-3.50000
28.743,-3.62500
28.793,-3.75000
28.844,-4.00000
28.895,-4.12500
28.945,-4.25000
28.996,-4.50000
29.047,-4.62500
29.097,-4.87500
29.148,-5.12500
29.199,-5.37500
29.249,-5.50000
29.300,-5.75000
29.351,-5.87500
29.401,-6.12500
29.452,-6.25000
29.502,-6.50000
29.553,-6.50000
29.604,-6.75000
29.654,-6.87500
29.705,-6.87500
29.756,-7.12500
29.806,-7.25000
29.857,-7.50000
29.907,-7.62500
29.958,-7.75000
30.009,-7.87500
30.059,-7.87500
30.110,-8.00000
30.161,-8.00000
30.211,-8.00000
30.262,-8.37500
30.313,-8.37500
30.363,-8.75000
30.414,-8.75000
30.464,-8.87500
30.515,-9.12500
30.566,-9.25000
30.616,-9.37500
30.667,-9.50000
30.718,-9.75000
30.769,-9.87500
30.819,-10.12500
30.870,-10.25000
30.921,-10.37500
30.971,-10.50000
31.022,-10.50000
31.073,-10.62500
31.124,-10.62500
31.174,-10.62500
31.225,-10.87500
31.276,-11.00000
31.326,-11.25000
31.377,-11.25000
31.428,-11.50000
31.478,-11.50000
31.529,-11.87500
31.580,-11.87500
31.631,-12.00000
31.681,-12.25000
31.732,-12.37500
31.783,-12.37500
31.834,-12.75000
31.884,-12.87500
31.935,-13.12500
31.986,-13.25000
32.036,-13.37500
32.087,-13.62500
32.138,-13.62500
32.189,-13.75000
32.239,-13.87500
32.290,-14.00000
32.341,-14.12500
32.391,-14.12500
32.442,-14.12500
32.493,-14.37500
32.544,-14.37500
32.594,-14.62500
32.645,-14.62500
32.696,-14.87500
32.746,-14.87500
32.797,-15.12500
32.848,-15.25000
32.898,-15.37500
32.949,-15.50000
33.000,-15.62500
33.051,-15.75000
33.101,-15.87500
33.152,-16.12500
33.203,-16.12500
33.253,-16.25000
33.304,-16.37500
33.355,-16.50000
33.405,-16.62500
33.456,-16.75000
33.507,-16.75000
33.558,-17.00000
33.608,-16.87500
33.659,-17.12500
33.710,-17.25000
33.760,-17.25000
33.811,-17.37500
33.862,-17.50000
33.912,-17.50000
33.963,-17.50000
34.014,-17.75000
34.065,-17.62500
34.115,-17.75000
34.166,-17.87500
34.217,-17.87500
34.267,-17.87500
34.318,-18.00000
34.369,-18.12500
34.420,-18.25000
34.470,-18.25000
34.521,-18.37500
34.572,-18.37500
34.622,-18.50000
34.673,-18.50000
34.724,-18.75000
34.774,-18.75000
34.825,-18.87500
34.876,-19.00000
34.927,-19.00000
34.977,-19.00000
35.028,-19.00000
35.079,-19.12500
35.129,-19.12500
35.180,-19.25000
35.231,-19.25000
35.281,-19.25000
35.332,-19.37500
35.383,-19.37500
35.434,-19.50000
35.484,-19.62500
35.535,-19.62500
35.586,-19.62500
35.636,-19.62500
35.687,-19.62500
35.738,-19.75000
35.789,-19.87500
35.839,-20.00000
35.890,-20.12500
35.940,-20.25000
35.991,-20.25000
36.042,-20.37500
36.092,-20.37500
36.143,-20.62500
36.194,-20.62500
36.244,-20.62500
36.295,-20.75000
36.346,-20.87500
36.396,-20.75000
36.447,-20.87500
36.498,-21.00000
36.548,-21.00000
36.599,-21.00000
36.650,-21.00000
36.700,-21.12500
36.751,-21.00000
36.802,-21.00000
36.852,-20.87500
36.903,-21.12500
36.953,-21.00000
37.004,-21.12500
37.055,-21.12500
37.105,-21.37500
37.156,-21.12500
37.207,-21.25000
37.257,-21.25000
37.308,-21.25000
37.359,-21.25000
37.409,-21.37500
37.460,-21.37500
37.511,-21.50000
37.561,-21.37500
37.612,-21.50000
37.663,-21.50000
37.713,-21.50000
37.764,-21.50000
37.815,-21.50000
37.865,-21.50000
37.916,-21.50000
37.967,-21.50000
38.017,-21.37500
38.068,-21.50000
38.119,-21.50000
38.169,-21.62500
38.220,-21.62500
38.271,-21.62500
38.321,-21.62500
38.372,-21.75000
38.422,-21.75000
38.473,-21.87500
38.524,-22.00000
38.574,-21.87500
38.625,-22.00000
38.676,-22.00000
38.727,-22.12500
38.777,-22.25000
38.828,-22.25000
38.878,-22.25000
38.929,-22.12500
38.980,-22.12500
39.030,-22.25000
39.081,-22.12500
39.132,-22.12500
39.182,-22.12500
39.233,-22.12500
39.284,-22.00000
39.334,-22.00000
39.385,-21.87500
39.436,-21.87500
39.486,-21.75000
39.537,-21.75000
39.588,-21.87500
39.638,-21.75000
39.689,-21.75000
39.740,-21.87500
39.790,-21.87500
39.841,-21.87500
39.892,-21.87500
39.942,-21.75000
39.993,-21.75000
40.044,-21.75000
40.095,-21.75000
40.145,-21.75000
40.196,-21.87500
40.247,-21.75000
40.297,-21.75000
40.348,-21.75000
40.399,-21.75000
40.450,-21.87500
40.500,-21.75000
40.551,-21.75000
40.602,-21.62500
40.652,-21.75000
40.703,-21.62500
40.754,-21.62500
40.805,-21.25000
40.855,-21.12500
40.906,-20.87500
40.957,-21.00000
41.007,-21.12500
41.058,-21.12500
41.109,-21.12500
41.160,-21.37500
41.210,-21.37500
41.261,-21.50000
41.312,-21.37500
41.362,-21.37500
41.413,-21.50000
41.464,-21.50000
41.514,-21.62500
41.565,-21.62500
41.616,-21.75000
41.667,-21.62500
41.717,-21.75000
41.768,-21.75000
41.819,-21.75000
41.869,-21.62500
41.920,-21.75000
41.971,-21.75000
42.022,-21.87500
42.072,-21.87500
42.123,-21.87500
42.174,-21.87500
42.224,-22.00000
42.275,-22.12500
42.326,-22.12500
42.376,-22.25000
42.427,-22.37500
42.478,-22.37500
42.529,-22.37500
42.579,-22.50000
42.630,-22.50000
42.681,-22.37500
42.731,-22.50000
42.782,-22.37500
42.833,-22.37500
42.884,-22.50000
42.934,-22.62500
42.985,-22.50000
43.036,-22.50000
43.086,-22.50000
43.137,-22.50000
43.188,-22.50000
43.238,-22.37500
43.289,-22.37500
43.340,-22.25000
43.391,-22.37500
43.441,-22.37500
43.492,-22.25000
43.543,-22.37500
43.593,-22.25000
43.644,-22.37500
43.695,-22.37500
43.745,-22.37500
43.796,-22.37500
43.847,-22.37500
43.898,-22.37500
43.948,-22.25000
43.999,-22.25000
44.050,-22.25000
44.100,-22.37500
44.151,-22.25000
44.202,-22.25000
44.252,-22.12500
44.303,-22.12500
44.354,-21.87500
44.405,-21.87500
44.455,-21.87500
44.506,-21.62500
44.557,-21.62500
44.607,-21.50000
44.658,-21.25000
44.709,-21.25000
44.760,-21.12500
44.810,-21.25000
44.861,-21.25000
44.912,-21.37500
44.962,-21.37500
45.013,-21.25000
45.064,-21.37500
45.115,-21.37500
45.165,-21.12500
45.216,-21.12500
45.267,-20.87500
45.317,-20.62500
45.368,-20.25000
45.419,-20.00000
45.470,-19.75000
45.520,-19.50000
45.571,-19.37500
45.622,-19.37500
45.672,-19.25000
45.723,-19.25000
45.774,-19.25000
45.825,-19.25000
45.875,-19.37500
45.926,-19.25000
45.977,-19.12500
46.027,-19.00000
46.078,-19.00000
46.129,-19.00000
46.180,-19.00000
46.230,-19.00000
46.281,-19.00000
46.332,-19.12500
46.382,-19.12500
46.433,-19.25000
46.484,-19.25000
46.535,-19.37500
46.585,-19.37500
46.636,-19.37500
46.687,-19.37500
46.737,-19.50000
46.788,-19.75000
46.839,-19.87500
46.890,-19.87500
46.940,-20.00000
46.991,-20.00000
47.042,-20.12500
47.092,-20.12500
47.143,-20.12500
47.194,-20.00000
47.244,-20.00000
47.295,-20.00000
47.346,-20.00000
47.397,-20.00000
47.447,-20.00000
47.498,-20.00000
47.549,-19.87500
47.599,-19.87500
47.650,-19.87500
47.701,-20.00000
47.752,-20.12500
47.802,-20.25000
47.853,-20.37500
47.904,-20.62500
47.954,-20.62500
48.005,-20.62500
48.056,-20.87500
48.107,-21.00000
48.157,-21.25000
48.208,-21.37500
48.259,-21.37500
48.309,-21.37500
48.360,-21.50000
48.411,-21.50000
48.462,-21.50000
48.512,-21.50000
48.563,-21.62500
48.614,-21.62500
48.664,-21.62500
48.715,-21.75000
48.766,-21.75000
48.817,-21.75000
48.867,-21.75000
48.918,-21.75000
48.969,-21.75000
49.019,-21.50000
49.070,-21.62500
49.121,-21.50000
49.172,-21.37500
49.222,-21.25000
49.273,-21.25000
49.324,-21.37500
49.374,-21.37500
49.425,-21.37500
49.476,-21.37500
49.527,-21.37500
49.577,-21.12500
49.628,-21.25000
49.679,-21.12500
49.729,-21.25000
49.780,-21.12500
49.831,-21.25000
49.882,-21.00000
49.932,-21.12500
49.983,-21.00000
50.034,-21.00000
50.084,-21.00000
50.135,-20.87500
50.186,-21.00000
50.237,-20.75000
50.287,-21.00000
50.338,-21.00000
50.389,-21.00000
50.439,-21.00000
50.490,-21.00000
50.541,-21.00000
50.592,-21.12500
50.642,-21.25000
50.693,-21.25000
50.744,-21.25000
50.794,-21.37500
50.845,-21.37500
50.896,-21.37500
50.947,-21.50000
50.997,-21.62500
51.048,-21.62500
51.099,-21.75000
51.149,-21.87500
51.200,-21.87500
51.251,-21.87500
51.302,-22.00000
51.352,-22.12500
51.403,-22.12500
51.454,-22.12500
51.504,-22.12500
51.555,-22.37500
51.606,-22.25000
51.657,-22.25000
51.707,-22.37500
51.758,-22.37500
51.809,-22.50000
51.859,-22.37500
51.910,-22.62500
51.961,-22.50000
52.012,-22.62500
52.062,-22.62500
52.113,-22.75000
52.164,-22.75000
52.214,-22.75000
52.265,-22.75000
52.316,-22.75000
52.367,-22.75000
52.417,-22.75000
52.468,-22.62500
52.519,-22.62500
52.569,-22.50000
52.620,-22.62500
52.671,-22.62500
52.721,-22.62500
52.772,-22.62500
52.823,-22.50000
52.873,-22.50000
52.924,-22.37500
52.975,-22.50000
53.025,-22.37500
53.076,-22.50000
53.127,-22.50000
53.177,-22.62500
53.228,-22.62500
53.278,-22.62500
53.329,-22.75000
53.380,-22.87500
53.430,-22.75000
53.481,-23.00000
53.532,-23.00000
53.582,-23.12500
53.633,-23.12500
53.684,-23.12500
53.734,-23.25000
53.785,-23.12500
53.835,-23.25000
53.886,-23.12500
53.937,-23.12500
53.987,-23.12500
54.038,-23.12500
54.089,-23.25000
54.139,-23.25000
54.190,-23.37500
54.241,-23.37500
54.291,-23.37500
54.342,-23.62500
54.392,-23.62500
54.443,-23.75000
54.494,-23.62500
54.544,-23.87500
54.595,-23.87500
54.646,-23.87500
54.696,-24.00000
54.747,-24.00000
54.798,-24.00000
54.848,-24.00000
54.899,-24.00000
54.949,-24.00000
55.000,-24.00000
55.051,-24.00000
55.101,-24.00000
55.152,-23.87500
55.203,-24.00000
55.253,-24.00000
55.304,-23.87500
55.355,-24.00000
55.405,-24.00000
55.456,-24.00000
55.506,-24.00000
55.557,-24.00000
55.608,-24.00000
55.658,-24.00000
55.709,-23.87500
55.760,-23.87500
55.810,-23.75000
55.861,-23.75000
55.912,-23.75000
55.962,-23.87500
56.013,-23.87500
56.064,-24.00000
56.114,-23.87500
56.165,-23.87500
56.215,-23.87500
56.266,-24.00000
56.317,-24.00000
56.367,-24.12500
56.418,-24.25000
56.469,-24.12500
56.519,-24.12500
56.570,-24.25000
56.621,-24.25000
56.671,-24.37500
56.722,-24.37500
56.773,-24.37500
56.823,-24.37500
56.874,-24.37500
56.924,-24.50000
56.975,-24.50000
57.026,-24.62500
57.076,-24.62500
57.127,-24.62500
57.178,-24.50000
57.228,-24.50000
57.279,-24.50000
57.329,-24.37500
57.380,-24.25000
57.431,-24.37500
57.481,-24.37500
57.532,-24.37500
57.583,-24.25000
57.633,-24.25000
57.684,-24.25000
57.735,-24.25000
57.785,-24.37500
57.836,-24.25000
57.886,-24.37500
57.937,-24.50000
57.988,-24.50000
58.038,-24.62500
58.089,-24.62500
58.140,-24.62500
58.190,-24.62500
58.241,-24.62500
58.291,-24.62500
58.342,-24.62500
58.393,-24.50000
58.443,-24.62500
58.494,-24.62500
58.545,-24.75000
58.595,-24.62500
58.646,-24.75000
58.697,-24.75000
58.747,-24.75000
58.798,-24.75000
58.848,-24.75000
58.899,-24.62500
58.950,-24.87500
59.000,-24.75000
59.051,-24.62500
59.102,-24.62500
59.152,-24.62500
59.203,-24.62500
59.253,-24.75000
59.304,-24.75000
59.355,-24.62500
59.405,-24.62500
59.456,-24.37500
59.507,-24.50000
59.557,-24.50000
59.608,-24.50000
59.659,-24.50000
59.709,-24.50000
59.760,-24.50000
59.811,-24.37500
59.861,-24.37500
59.912,-24.37500
59.963,-24.37500
60.013,-24.50000
60.064,-24.50000
60.114,-24.50000
60.165,-24.37500
60.216,-24.50000
60.266,-24.37500
60.317,-24.50000
60.368,-24.50000
60.418,-24.50000
60.469,-24.50000
60.519,-24.37500
60.570,-24.50000
60.621,-24.50000
60.671,-24.50000
60.722,-24.37500
60.773,-24.37500
60.823,-24.37500
60.874,-24.37500
60.925,-24.25000
60.975,-24.25000
61.026,-24.12500
61.076,-24.12500
61.127,-24.12500
61.178,-24.12500
61.228,-24.25000
61.279,-24.25000
61.330,-24.25000
61.380,-24.12500
61.431,-24.25000
61.482,-24.12500
61.532,-24.25000
61.583,-24.25000
61.634,-24.37500
61.684,-24.25000
61.735,-24.25000
61.785,-24.25000
61.836,-24.12500
61.887,-24.25000
61.937,-24.25000
61.988,-24.25000
62.039,-24.12500
62.089,-24.25000
62.140,-24.12500
62.191,-24.12500
62.241,-24.12500
62.292,-24.25000
62.342,-24.12500
62.393,-24.25000
62.444,-24.12500
62.494,-24.25000
62.545,-24.25000
62.596,-24.37500
62.646,-24.25000
62.697,-24.37500
62.748,-24.25000
62.798,-24.25000
62.849,-24.25000
62.899,-24.25000
62.950,-24.25000
63.001,-24.12500
63.051,-24.12500
63.102,-24.00000
63.153,-24.12500
63.203,-24.12500
63.254,-24.00000
63.304,-23.87500
63.355,-23.87500
63.406,-23.87500
63.456,-23.87500
63.507,-23.75000
63.558,-23.75000
63.608,-23.75000
63.659,-23.75000
63.710,-23.75000
63.760,-23.62500
63.811,-23.62500
63.862,-23.50000
63.912,-23.50000
63.963,-23.50000
64.013,-23.37500
64.064,-23.50000
64.115,-23.37500
64.165,-23.25000
64.216,-23.12500
64.267,-23.12500
64.317,-23.12500
64.368,-23.12500
64.419,-23.12500
64.469,-23.12500
64.520,-23.12500
64.570,-23.00000
64.621,-23.12500
64.672,-23.12500
64.722,-23.12500
64.773,-23.12500
64.824,-23.25000
64.874,-23.12500
64.925,-23.00000
64.975,-23.12500
65.026,-23.00000
65.077,-23.00000
65.127,-23.00000
65.178,-23.12500
65.229,-23.00000
65.279,-23.00000
65.330,-23.00000
65.381,-23.00000
65.431,-22.87500
65.482,-22.87500
65.532,-22.87500
65.583,-22.75000
65.634,-22.62500
65.684,-22.75000
65.735,-22.75000
65.786,-22.75000
65.836,-22.87500
65.887,-22.75000
65.937,-22.87500
65.988,-22.75000
66.039,-22.75000
66.089,-22.62500
66.140,-22.62500
66.191,-22.62500
66.241,-22.50000
66.292,-22.50000
66.343,-22.50000
66.393,-22.37500
66.444,-22.37500
66.494,-22.50000
66.545,-22.37500
66.596,-22.37500
66.646,-22.25000
66.697,-22.37500
66.748,-22.37500
66.798,-22.37500
66.849,-22.25000
66.900,-22.37500
66.950,-22.37500
67.001,-22.37500
67.051,-22.37500
67.102,-22.37500
67.153,-22.25000
67.203,-22.37500
67.254,-22.37500
67.305,-22.37500
67.355,-22.37500
67.406,-22.37500
67.457,-22.50000
67.507,-22.50000
67.558,-22.50000
67.609,-22.62500
67.659,-22.50000
67.710,-22.62500
67.761,-22.62500
67.811,-22.62500
67.862,-22.75000
67.912,-22.62500
67.963,-22.62500
68.014,-22.62500
68.064,-22.62500
68.115,-22.50000
68.166,-22.62500
68.216,-22.62500
68.267,-22.75000
68.318,-22.62500
68.368,-22.62500
68.419,-22.62500
68.469,-22.50000
68.520,-22.50000
68.571,-22.37500
68.621,-22.37500
68.672,-22.25000
68.723,-22.25000
68.773,-22.50000
68.824,-22.37500
68.875,-22.37500
68.925,-22.25000
68.976,-22.12500
69.026,-22.25000
69.077,-22.12500
69.128,-22.00000
69.178,-22.00000
69.229,-22.00000
69.280,-22.00000
69.330,-21.87500
69.381,-21.87500
69.432,-21.87500
69.482,-21.75000
69.533,-21.75000
69.584,-21.75000
69.634,-21.75000
69.685,-21.87500
69.735,-21.75000
69.786,-21.75000
69.837,-21.75000
69.887,-21.87500
69.938,-22.00000
69.989,-21.87500
70.039,-21.87500
70.090,-21.75000
70.141,-21.62500
70.191,-21.50000
70.242,-21.50000
70.292,-21.50000
70.343,-21.37500
70.394,-21.25000
70.444,-21.37500
70.495,-21.12500
70.546,-21.25000
70.596,-21.12500
70.647,-21.12500
70.698,-21.00000
70.748,-21.00000
70.799,-20.87500
70.849,-20.87500
70.900,-21.00000
70.951,-21.00000
71.001,-21.00000
71.052,-21.12500
71.103,-21.12500
71.153,-21.25000
71.204,-21.25000
71.254,-21.25000
71.305,-21.12500
71.356,-21.25000
71.406,-21.12500
71.457,-21.00000
71.508,-21.12500
71.558,-21.12500
71.609,-21.00000
71.660,-20.87500
71.710,-20.87500
71.761,-20.75000
71.812,-20.62500
71.862,-20.50000
71.913,-20.25000
71.963,-20.25000
72.014,-20.25000
72.065,-20.25000
72.115,-20.25000
72.166,-20.25000
72.217,-20.25000
72.267,-20.12500
72.318,-20.12500
72.368,-20.12500
72.419,-20.12500
72.470,-20.12500
72.520,-20.12500
72.571,-20.25000
72.622,-20.25000
72.672,-20.25000
72.723,-20.25000
72.774,-20.12500
72.824,-20.12500
72.875,-20.12500
72.926,-20.12500
72.976,-20.00000
73.027,-20.00000
73.077,-20.12500
73.128,-20.12500
73.179,-20.25000
73.229,-20.37500
73.280,-20.37500
73.331,-20.50000
73.381,-20.62500
73.432,-20.75000
73.483,-20.87500
73.533,-20.87500
73.584,-20.87500
73.635,-21.00000
73.685,-21.00000
73.736,-21.00000
73.786,-21.00000
73.837,-21.00000
73.888,-21.00000
73.938,-21.12500
73.989,-21.12500
74.040,-21.12500
74.090,-21.12500
74.141,-21.12500
74.191,-21.25000
74.242,-21.25000
74.293,-21.25000
74.343,-21.12500
74.394,-21.37500
74.445,-21.25000
74.495,-21.37500
74.546,-21.25000
74.597,-21.37500
74.647,-21.25000
74.698,-21.37500
74.748,-21.37500
74.799,-21.37500
74.850,-21.37500
74.900,-21.37500
74.951,-21.37500
75.002,-21.25000
75.052,-21.37500
75.103,-21.37500
75.154,-21.37500
75.204,-21.37500
75.255,-21.50000
75.305,-21.37500
75.356,-21.50000
75.407,-21.37500
75.457,-21.37500
75.508,-21.25000
75.559,-21.25000
75.609,-21.37500
75.660,-21.25000
75.711,-21.12500
75.761,-21.12500
75.812,-21.12500
75.863,-21.00000
75.913,-21.00000
75.964,-21.12500
76.014,-21.12500
76.065,-21.00000
76.116,-21.00000
76.166,-21.00000
76.217,-21.12500
76.268,-20.87500
76.318,-21.00000
76.369,-20.87500
76.420,-21.00000
76.470,-21.00000
76.521,-21.00000
76.571,-21.00000
76.622,-20.75000
76.673,-20.87500
76.724,-20.87500
76.774,-20.87500
76.825,-20.87500
76.876,-21.00000
76.926,-21.00000
76.977,-21.00000
77.028,-21.00000
77.078,-21.00000
77.129,-21.00000
77.180,-21.00000
77.230,-21.12500
77.281,-21.25000
77.332,-21.12500
77.383,-21.12500
77.433,-21.25000
77.484,-21.25000
77.535,-21.25000
77.585,-21.37500
77.636,-21.37500
77.687,-21.37500
77.737,-21.50000
77.788,-21.37500
77.839,-21.50000
77.890,-21.50000
77.940,-21.50000
77.991,-21.50000
78.042,-21.62500
78.092,-21.62500
78.143,-21.87500
78.194,-21.75000
78.245,-21.75000
78.295,-21.75000
78.346,-21.75000
78.397,-21.62500
78.447,-21.75000
78.498,-21.75000
78.549,-21.75000
78.600,-21.75000
78.650,-21.75000
78.701,-21.75000
78.752,-21.75000
78.802,-21.62500
78.853,-21.75000
78.904,-21.75000
78.955,-21.87500
79.005,-21.87500
79.056,-21.87500
79.107,-21.87500
79.157,-21.87500
79.208,-21.75000
79.259,-21.87500
79.310,-21.87500
79.360,-21.75000
79.411,-21.87500
79.462,-21.87500
79.512,-21.87500
79.563,-21.87500
79.614,-22.00000
79.664,-22.00000
79.715,-22.00000
79.766,-22.12500
79.817,-22.12500
79.867,-22.12500
79.918,-22.12500
79.969,-22.12500
80.019,-22.25000
80.070,-22.37500
80.121,-22.25000
80.172,-22.25000
80.222,-22.37500
80.273,-22.25000
80.324,-22.25000
80.374,-22.25000
80.425,-22.25000
80.476,-22.25000
80.527,-22.25000
80.577,-22.12500
80.628,-22.37500
80.679,-22.25000
80.729,-22.25000
80.780,-22.25000
80.831,-22.25000
80.882,-22.25000
80.932,-22.25000
80.983,-22.37500
81.034,-22.37500
81.084,-22.37500
81.135,-22.37500
81.186,-22.50000
81.237,-22.37500
81.287,-22.25000
81.338,-22.25000
81.389,-22.12500
81.439,-22.00000
81.490,-22.00000
81.540,-22.00000
81.591,-21.87500
81.642,-21.87500
81.692,-21.87500
81.743,-21.87500
81.794,-22.00000
81.844,-22.12500
81.895,-22.12500
81.945,-22.00000
81.996,-22.00000
82.047,-22.00000
82.097,-22.00000
82.148,-22.00000
82.199,-22.00000
82.249,-21.87500
82.300,-21.87500
82.351,-21.87500
82.401,-21.87500
82.452,-21.87500
82.503,-21.75000
82.553,-21.87500
82.604,-21.75000
82.655,-21.87500
82.705,-21.87500
82.756,-21.87500
82.806,-21.87500
82.857,-21.87500
82.908,-21.87500
82.958,-21.87500
83.009,-21.75000
83.060,-21.75000
83.110,-21.75000
83.161,-21.75000
83.211,-21.75000
83.262,-21.75000
83.313,-21.75000
83.363,-21.75000
83.414,-21.75000
83.465,-21.75000
83.515,-21.75000
83.566,-21.75000
83.617,-21.75000
83.667,-21.62500
83.718,-21.62500
83.769,-21.62500
83.819,-21.62500
83.870,-21.62500
83.920,-21.50000
83.971,-21.50000
84.022,-21.50000
84.072,-21.37500
84.123,-21.37500
84.174,-21.50000
84.224,-21.37500
84.275,-21.50000
84.326,-21.50000
84.376,-21.50000
84.427,-21.50000
84.477,-21.50000
84.528,-21.50000
84.579,-21.50000
84.629,-21.50000
84.680,-21.50000
84.731,-21.50000
84.781,-21.62500
84.832,-21.50000
84.883,-21.50000
84.933,-21.50000
84.984,-21.50000
85.034,-21.50000
85.085,-21.62500
85.136,-21.37500
85.186,-21.50000
85.237,-21.50000
85.288,-21.50000
85.338,-21.50000
85.389,-21.50000
85.440,-21.62500
85.490,-21.62500
85.541,-21.62500
85.591,-21.50000
85.642,-21.62500
85.693,-21.50000
85.743,-21.50000
85.794,-21.50000
85.845,-21.50000
85.895,-21.50000
85.946,-21.25000
85.996,-21.37500
86.047,-21.37500
86.098,-21.25000
86.148,-21.25000
86.199,-21.37500
86.250,-21.37500
86.300,-21.12500
86.351,-21.25000
86.402,-21.25000
86.452,-21.12500
86.503,-21.25000
86.554,-21.25000
86.604,-21.25000
86.655,-21.37500
86.706,-21.37500
86.756,-21.37500
86.807,-21.50000
86.857,-21.50000
86.908,-21.50000
86.959,-21.37500
87.009,-21.50000
87.060,-21.50000
87.111,-21.50000
87.161,-21.62500
87.212,-21.62500
87.262,-21.62500
87.313,-21.62500
87.364,-21.62500
87.414,-21.62500
87.465,-21.62500
87.516,-21.50000
87.566,-21.62500
87.617,-21.62500
87.667,-21.50000
87.718,-21.50000
87.769,-21.62500
87.819,-21.62500
87.870,-21.50000
87.921,-21.37500
87.971,-21.50000
88.022,-21.62500
88.072,-21.50000
88.123,-21.75000
88.174,-21.50000
88.224,-21.62500
88.275,-21.50000
88.326,-21.50000
88.376,-21.62500
88.427,-21.50000
88.478,-21.50000
88.528,-21.37500
88.579,-21.37500
88.629,-21.50000
88.680,-21.37500
88.731,-21.50000
88.781,-21.50000
88.832,-21.50000
88.883,-21.50000
88.933,-21.62500
88.984,-21.75000
89.035,-21.75000
89.085,-21.87500
89.136,-21.75000
89.187,-21.87500
89.237,-22.00000
89.288,-21.87500
89.338,-22.00000
89.389,-22.00000
89.440,-22.00000
89.490,-22.12500
89.541,-22.12500
89.592,-22.12500
89.642,-22.12500
89.693,-22.12500
89.744,-22.12500
89.794,-22.12500
89.845,-22.12500
89.895,-22.12500
89.946,-22.25000
89.997,-22.25000
90.047,-22.25000
90.098,-22.25000
90.149,-22.37500
90.199,-22.25000
90.250,-22.25000
90.301,-22.12500
90.351,-22.12500
90.402,-22.00000
90.453,-22.12500
90.503,-22.25000
90.554,-22.12500
90.604,-22.12500
90.655,-22.12500
90.706,-22.25000
90.756,-22.12500
90.807,-22.25000
90.858,-22.25000
90.908,-22.37500
90.959,-22.25000
91.009,-22.25000
91.060,-22.12500
91.111,-22.25000
91.161,-22.25000
91.212,-22.25000
91.263,-22.25000
91.313,-22.25000
91.364,-22.25000
91.415,-22.37500
91.465,-22.25000
91.516,-22.37500
91.567,-22.25000
91.617,-22.25000
91.668,-22.37500
91.718,-22.37500
91.769,-22.50000
91.820,-22.37500
91.870,-22.50000
91.921,-22.37500
91.972,-22.50000
92.022,-22.37500
92.073,-22.50000
92.123,-22.50000
92.174,-22.50000
92.225,-22.50000
92.275,-22.62500
92.326,-22.50000
92.377,-22.50000
92.427,-22.50000
92.478,-22.62500
92.529,-22.62500
92.579,-22.62500
92.630,-22.50000
92.681,-22.50000
92.731,-22.62500
92.782,-22.50000
92.833,-22.62500
92.883,-22.62500
92.934,-22.62500
92.984,-22.62500
93.035,-22.50000
93.086,-22.50000
93.136,-22.50000
93.187,-22.50000
93.238,-22.50000
93.288,-22.50000
93.339,-22.50000
93.389,-22.50000
93.440,-22.37500
93.491,-22.37500
93.541,-22.37500
93.592,-22.37500
93.643,-22.37500
93.694,-22.50000
93.744,-22.37500
93.795,-22.62500
93.846,-22.50000
93.896,-22.62500
93.947,-22.62500
93.998,-22.62500
94.048,-22.62500
94.099,-22.50000
94.150,-22.37500
94.200,-22.37500
94.251,-22.37500
94.302,-22.37500
94.352,-22.37500
94.403,-22.25000
94.453,-22.37500
94.504,-22.37500
94.555,-22.37500
94.605,-22.25000
94.656,-22.37500
94.707,-22.25000
94.757,-22.25000
94.808,-22.37500
94.858,-22.37500
94.909,-22.37500
94.960,-22.50000
95.010,-22.37500
95.061,-22.37500
95.112,-22.25000
95.162,-22.25000
95.213,-22.37500
95.263,-22.37500
95.314,-22.25000
95.365,-22.37500
95.415,-22.25000
95.466,-22.25000
95.517,-22.25000
95.567,-22.25000
95.618,-22.25000
95.669,-22.12500
95.719,-22.12500
95.770,-22.12500
95.820,-22.25000
95.871,-22.12500
95.922,-22.12500
95.972,-22.25000
96.023,-22.37500
96.074,-22.25000
96.124,-22.37500
96.175,-22.37500
96.226,-22.37500
96.276,-22.37500
96.327,-22.37500
96.377,-22.37500
96.428,-22.37500
96.479,-22.50000
96.529,-22.37500
96.580,-22.25000
96.631,-22.37500
96.681,-22.37500
96.732,-22.25000
96.783,-22.37500
96.833,-22.25000
96.884,-22.37500
96.934,-22.25000
96.985,-22.25000
97.036,-22.25000
97.086,-22.25000
97.137,-22.25000
97.188,-22.25000
97.238,-22.25000
97.289,-22.12500
97.340,-22.25000
97.390,-22.12500
97.441,-22.12500
97.492,-22.12500
97.542,-22.25000
97.593,-22.25000
97.643,-22.25000
97.694,-22.25000
97.745,-22.37500
97.795,-22.37500
97.846,-22.50000
97.897,-22.37500
97.947,-22.50000
97.998,-22.62500
98.049,-22.62500
98.099,-22.62500
98.150,-22.37500
98.200,-22.50000
98.251,-22.37500
98.302,-22.37500
98.352,-22.50000
98.403,-22.50000
98.454,-22.37500
98.504,-22.37500
98.555,-22.37500
98.606,-22.37500
98.656,-22.37500
98.707,-22.37500
98.758,-22.37500
98.809,-22.37500
98.859,-22.37500
98.910,-22.25000
98.961,-22.25000
99.011,-22.25000
99.062,-22.25000
99.113,-22.25000
99.164,-22.25000
99.214,-22.12500
99.265,-22.25000
99.316,-22.25000
99.366,-22.25000
99.417,-22.25000
99.468,-22.25000
99.519,-22.12500
99.569,-22.25000
99.620,-22.25000
99.671,-22.25000
99.721,-22.25000
99.772,-22.25000
99.823,-22.12500
99.874,-22.25000
99.924,-22.37500
99.975,-22.37500
100.026,-22.37500
100.076,-22.37500
100.127,-22.37500
100.178,-22.50000
100.229,-22.50000
100.279,-22.37500
100.330,-22.62500
100.381,-22.50000
100.431,-22.62500
100.482,-22.50000
100.533,-22.62500
100.584,-22.37500
100.634,-22.50000
100.685,-22.50000
100.736,-22.62500
100.787,-22.50000
100.837,-22.50000
100.888,-22.62500
100.939,-22.62500
100.989,-22.62500
101.040,-22.62500
101.091,-22.62500
101.141,-22.62500
101.192,-22.62500
101.243,-22.62500
101.294,-22.75000
101.344,-22.75000
101.395,-22.75000
101.446,-22.75000
101.496,-22.75000
101.547,-22.75000
101.598,-22.75000
101.649,-22.75000
101.699,-22.87500
101.750,-22.75000
101.801,-22.62500
101.851,-22.75000
101.902,-22.75000
101.953,-22.62500
102.003,-22.75000
102.054,-22.62500
102.105,-22.75000
102.156,-22.75000
102.206,-22.62500
102.257,-22.87500
102.308,-22.75000
102.358,-22.75000
102.409,-22.62500
102.460,-22.75000
102.510,-22.62500
102.561,-22.62500
102.612,-22.62500
102.663,-22.62500
102.713,-22.62500
102.764,-22.50000
102.815,-22.62500
102.865,-22.62500
102.916,-22.62500
102.967,-22.62500
103.017,-22.75000
103.068,-22.75000
103.119,-22.87500
103.170,-22.87500
103.220,-22.87500
103.271,-22.87500
103.322,-22.87500
103.372,-22.87500
103.423,-22.87500
103.474,-22.75000
103.524,-23.00000
103.575,-22.87500
103.626,-22.87500
103.677,-22.87500
103.727,-22.87500
103.778,-22.75000
103.829,-22.75000
103.879,-22.75000
103.930,-22.87500
103.981,-22.75000
104.032,-22.62500
104.082,-22.75000
104.133,-22.75000
104.184,-22.87500
104.234,-22.75000
104.285,-22.75000
104.336,-22.75000
104.387,-22.75000
104.437,-22.75000
104.488,-22.75000
104.539,-22.87500
104.589,-22.75000
104.640,-22.87500
104.691,-22.87500
104.742,-22.87500
104.792,-22.87500
104.843,-22.87500
104.894,-22.87500
104.944,-22.75000
104.995,-23.00000
105.046,-22.87500
105.097,-22.75000
105.147,-22.87500
105.198,-23.00000
105.249,-23.00000
105.300,-22.87500
105.350,-23.12500
105.401,-23.00000
105.452,-23.00000
105.502,-23.00000
105.553,-23.12500
105.604,-23.00000
105.654,-23.00000
105.705,-23.12500
105.756,-22.87500
105.807,-23.00000
105.857,-23.00000
105.908,-23.00000
105.959,-23.00000
106.009,-23.00000
106.060,-23.00000
106.111,-23.00000
106.162,-22.87500
106.212,-22.87500
106.263,-23.00000
106.314,-23.00000
106.364,-23.00000
106.415,-23.00000
106.466,-23.00000
106.517,-23.00000
106.567,-23.00000
106.618,-23.00000
106.669,-23.00000
106.719,-23.00000
106.770,-23.12500
106.821,-22.87500
106.872,-23.12500
106.922,-23.00000
106.973,-23.00000
107.024,-23.00000
107.074,-23.00000
107.125,-22.87500
107.176,-23.00000
107.227,-22.87500
107.277,-22.87500
107.328,-22.87500
107.379,-22.87500
107.429,-22.75000
107.480,-22.62500
107.531,-22.75000
107.582,-22.62500
107.632,-22.75000
107.683,-22.75000
107.734,-22.75000
107.784,-22.75000
107.835,-22.87500
107.886,-22.75000
107.937,-22.75000
107.987,-22.75000
108.038,-22.87500
108.089,-22.75000
108.139,-22.87500
108.190,-22.75000
108.241,-22.87500
108.292,-22.75000
108.342,-22.75000
108.393,-22.75000
108.444,-22.62500
108.494,-22.75000
108.545,-22.75000
108.596,-22.62500
108.647,-22.62500
108.697,-22.75000
108.748,-22.75000
108.799,-22.75000
108.849,-22.62500
108.900,-22.62500
108.951,-22.50000
109.001,-22.50000
109.052,-22.37500
109.103,-22.50000
109.154,-22.50000
109.204,-22.37500
109.255,-22.37500
109.306,-22.37500
109.357,-22.37500
109.407,-22.37500
109.458,-22.37500
109.509,-22.25000
109.559,-22.37500
109.610,-22.25000
109.661,-22.37500
109.711,-22.37500
109.762,-22.37500
109.813,-22.37500
109.864,-22.37500
109.914,-22.37500
109.965,-22.50000
110.016,-22.37500
110.066,-22.50000
110.118,-22.50000
110.168,-22.62500
110.219,-22.50000
110.270,-22.50000
110.320,-22.62500
110.371,-22.62500
110.422,-22.62500
110.473,-22.62500
110.523,-22.50000
110.574,-22.62500
110.625,-22.62500
110.675,-22.62500
110.726,-22.62500
110.777,-22.62500
110.828,-22.75000
110.878,-22.62500
110.929,-22.75000
110.980,-22.62500
111.030,-22.62500
111.081,-22.75000
111.132,-22.75000
111.182,-22.75000
111.233,-22.62500
111.284,-22.75000
111.335,-22.75000
111.385,-22.75000
111.436,-22.62500
111.487,-22.75000
111.537,-22.75000
111.588,-22.87500
111.639,-22.75000
111.689,-22.75000
111.740,-22.62500
111.791,-22.75000
111.842,-22.75000
111.892,-22.62500
111.943,-22.62500
111.994,-22.75000
112.045,-22.75000
112.095,-22.75000
112.146,-22.75000
112.197,-22.87500
112.247,-22.87500
112.298,-22.75000
112.349,-22.87500
112.400,-22.75000
112.450,-22.75000
112.501,-22.75000
112.552,-22.87500
112.602,-22.75000
112.653,-22.62500
112.704,-22.62500
112.755,-22.75000
112.805,-22.62500
112.856,-22.62500
112.907,-22.62500
112.957,-22.62500
113.008,-22.62500
113.059,-22.62500
113.110,-22.50000
113.160,-22.62500
113.211,-22.62500
113.262,-22.50000
113.312,-22.62500
113.363,-22.50000
113.414,-22.62500
113.465,-22.62500
113.515,-22.62500
113.566,-22.62500
113.617,-22.62500
113.667,-22.62500
113.718,-22.75000
113.769,-22.75000
113.819,-22.75000
113.870,-22.62500
113.921,-22.62500
113.972,-22.62500
114.022,-22.62500
114.073,-22.50000
114.124,-22.62500
114.174,-22.50000
114.225,-22.62500
114.276,-22.50000
114.327,-22.50000
114.377,-22.50000
114.428,-22.37500
114.479,-22.37500
114.530,-22.37500
114.580,-22.37500
114.631,-22.25000
114.682,-22.37500
114.732,-22.50000
114.783,-22.37500
114.834,-22.37500
114.885,-22.37500
114.935,-22.37500
114.986,-22.37500
115.037,-22.37500
115.087,-22.37500
115.138,-22.50000
115.189,-22.37500
115.240,-22.37500
115.290,-22.37500
115.341,-22.37500
115.392,-22.37500
115.442,-22.37500
115.493,-22.37500
115.544,-22.25000
115.595,-22.37500
115.645,-22.37500
115.696,-22.37500
115.747,-22.37500
115.797,-22.37500
115.848,-22.25000
115.899,-22.37500
115.950,-22.37500
116.000,-22.37500
116.051,-22.50000
116.102,-22.37500
116.152,-22.50000
116.203,-22.50000
116.254,-22.62500
116.305,-22.50000
116.355,-22.50000
116.406,-22.50000
116.457,-22.50000
116.507,-22.62500
116.558,-22.62500
116.609,-22.50000
116.660,-22.62500
116.710,-22.50000
116.761,-22.50000
116.812,-22.50000
116.862,-22.50000
116.913,-22.62500
116.964,-22.62500
117.015,-22.62500
117.065,-22.50000
117.116,-22.50000
117.167,-22.37500
117.217,-22.37500
117.268,-22.62500
117.319,-22.50000
117.370,-22.62500
117.420,-22.50000
117.471,-22.37500
117.522,-22.37500
117.572,-22.50000
117.623,-22.50000
117.674,-22.50000
117.725,-22.50000
117.775,-22.50000
117.826,-22.37500
117.877,-22.50000
117.927,-22.50000
117.978,-22.62500
118.029,-22.62500
118.080,-22.62500
118.130,-22.62500
118.181,-22.62500
118.232,-22.50000
118.282,-22.62500
118.333,-22.62500
118.384,-22.62500
118.435,-22.62500
118.485,-22.62500
118.536,-22.75000
118.587,-22.62500
118.637,-22.75000
118.688,-22.62500
118.739,-22.62500
118.790,-22.37500
118.840,-22.50000
118.891,-22.50000
118.942,-22.50000
118.992,-22.62500
119.043,-22.50000
119.094,-22.50000
119.145,-22.62500
119.195,-22.62500
119.246,-22.50000
119.297,-22.62500
119.348,-22.62500
119.398,-22.62500
119.449,-22.75000
119.500,-22.75000
119.550,-22.75000
119.601,-22.75000
119.652,-22.75000
119.703,-22.75000
119.753,-22.75000
119.804,-22.87500
119.855,-22.87500
119.905,-22.75000
119.956,-22.75000
120.007,-22.75000
120.058,-22.62500
120.108,-22.62500
120.159,-22.62500
120.210,-22.75000
120.260,-22.75000
120.311,-22.75000
120.362,-22.75000
120.413,-22.75000
120.463,-22.62500
120.514,-22.62500
120.565,-22.62500
120.615,-22.62500
120.666,-22.62500
120.717,-22.62500
120.768,-22.62500
120.818,-22.50000
120.869,-22.50000
120.920,-22.50000
120.970,-22.50000
121.021,-22.50000
121.072,-22.50000
121.123,-22.50000
121.173,-22.50000
121.224,-22.50000
121.275,-22.37500
121.325,-22.37500
121.376,-22.37500
121.427,-22.25000
121.478,-22.25000
121.528,-22.25000
121.579,-22.25000
121.630,-22.25000
121.680,-22.25000
121.731,-22.12500
121.782,-22.25000
121.833,-22.25000
121.883,-22.37500
121.934,-22.25000
121.985,-22.37500
122.035,-22.25000
122.086,-22.37500
122.137,-22.25000
122.188,-22.37500
122.238,-22.37500
122.289,-22.37500
122.340,-22.37500
122.390,-22.37500
122.441,-22.37500
122.492,-22.37500
122.543,-22.37500
122.593,-22.37500
122.644,-22.25000
122.695,-22.25000
122.745,-22.37500
122.796,-22.37500
122.847,-22.37500
122.898,-22.50000
122.948,-22.37500
122.999,-22.50000
123.050,-22.50000
123.100,-22.50000
123.151,-22.62500
123.202,-22.50000
123.253,-22.37500
123.303,-22.37500
123.354,-22.37500
123.405,-22.37500
123.455,-22.37500
123.506,-22.37500
123.557,-22.37500
123.608,-22.37500
123.658,-22.50000
123.709,-22.50000
123.760,-22.62500
123.810,-22.62500
123.861,-22.50000
123.912,-22.37500
123.963,-22.37500
124.013,-22.37500
124.064,-22.25000
124.115,-22.37500
124.165,-22.37500
124.216,-22.37500
124.267,-22.25000
124.318,-22.37500
124.368,-22.37500
124.419,-22.37500
124.470,-22.25000
124.520,-22.37500
124.571,-22.37500
124.622,-22.37500
124.673,-22.37500
124.723,-22.37500
124.774,-22.50000
124.825,-22.50000
124.876,-22.62500
124.926,-22.62500
124.977,-22.75000
125.028,-22.62500
125.078,-22.75000
125.129,-22.75000
125.180,-22.75000
125.231,-22.75000
125.281,-22.75000
125.332,-22.87500
125.383,-22.75000
125.433,-22.75000
125.484,-23.00000
125.535,-22.75000
125.586,-22.87500
125.636,-23.00000
125.687,-23.00000
125.738,-23.00000
125.788,-23.00000
125.839,-23.12500
125.890,-22.87500
125.941,-23.12500
125.991,-23.00000
126.042,-23.00000
126.093,-23.00000
126.143,-23.12500
126.194,-23.00000
126.245,-23.25000
126.296,-23.12500
126.346,-23.12500
126.397,-23.12500
126.448,-23.12500
126.498,-23.12500
126.549,-23.12500
126.601,-23.12500
126.651,-23.00000
126.702,-23.12500
126.753,-23.00000
126.803,-23.00000
126.854,-23.00000
126.905,-23.12500
126.955,-23.00000
127.006,-23.00000
127.057,-23.00000
127.107,-23.00000
127.158,-23.00000
127.208,-23.00000
127.259,-23.00000
127.310,-23.00000
127.360,-23.00000
127.411,-23.00000
127.462,-23.12500
127.512,-23.00000
127.563,-23.12500
127.614,-23.12500
127.664,-23.00000
127.715,-23.00000
127.766,-23.12500
127.816,-23.00000
127.867,-23.00000
127.917,-22.87500
127.968,-22.87500
128.019,-23.00000
128.069,-22.87500
128.120,-22.75000
128.171,-22.87500
128.221,-22.75000
128.272,-22.87500
128.322,-22.75000
128.373,-22.87500
128.424,-22.87500
128.474,-22.87500
128.525,-22.75000
128.576,-22.87500
128.626,-22.87500
128.677,-22.75000
128.728,-22.87500
128.778,-22.87500
128.829,-22.87500
128.879,-23.00000
128.930,-23.00000
128.981,-22.87500
129.031,-22.87500
129.082,-22.87500
129.133,-22.87500
129.183,-22.87500
129.234,-22.75000
129.284,-22.75000
129.335,-22.62500
129.386,-22.62500
129.436,-22.50000
129.487,-22.50000
129.538,-22.50000
129.588,-22.62500
129.639,-22.62500
129.689,-22.50000
129.740,-22.50000
129.791,-22.62500
129.841,-22.37500
129.892,-22.50000
129.943,-22.50000
129.993,-22.50000
