time(s),mvs
0.000,-9.50000
0.051,-9.50000
0.101,-9.50000
0.152,-9.50000
0.203,-9.50000
0.253,-9.37500
0.304,-9.37500
0.355,-9.37500
0.405,-9.37500
0.456,-9.37500
0.507,-9.50000
0.557,-9.50000
0.608,-9.50000
0.658,-9.50000
0.709,-9.37500
0.760,-9.37500
0.810,-9.50000
0.861,-9.25000
0.912,-9.25000
0.962,-9.37500
1.013,-9.25000
1.064,-9.25000
1.114,-9.12500
1.165,-9.25000
1.216,-9.00000
1.266,-8.87500
1.317,27.00000
1.367,90.62500
1.418,139.50000
1.469,202.62500
1.519,261.62500
1.570,286.00000
1.621,299.37500
1.743,316.87500
1.794,321.62500
1.845,324.00000
1.895,326.37500
1.946,329.50000
1.997,331.50000
2.047,333.50000
2.098,335.00000
2.149,336.00000
2.199,336.25000
2.250,336.37500
2.301,336.87500
2.351,337.50000
2.402,337.87500
2.453,338.12500
2.503,338.87500
2.554,339.50000
2.604,340.12500
2.655,340.62500
2.706,340.87500
2.756,341.00000
2.807,340.75000
2.858,340.25000
2.908,339.37500
2.959,338.50000
3.009,337.62500
3.060,336.75000
3.111,336.12500
3.161,335.50000
3.212,334.87500
3.263,334.25000
3.313,333.75000
3.364,333.37500
3.415,333.00000
3.465,332.62500
3.516,332.00000
3.566,331.37500
3.617,330.75000
3.668,330.12500
3.718,329.25000
3.769,328.62500
3.820,328.00000
3.870,327.37500
3.921,326.62500
3.972,326.00000
4.022,325.37500
4.073,324.62500
4.123,324.00000
4.174,323.50000
4.225,322.62500
4.275,322.25000
4.326,321.75000
4.377,321.25000
4.427,320.62500
4.478,320.12500
4.529,319.75000
4.579,319.50000
4.630,319.00000
4.680,318.50000
4.731,318.12500
4.782,317.62500
4.832,317.00000
4.883,316.50000
4.934,316.00000
4.984,315.37500
5.035,315.00000
5.085,314.12500
5.136,313.62500
5.187,313.00000
5.237,312.37500
5.288,311.75000
5.339,310.87500
5.389,310.25000
5.440,309.50000
5.491,308.87500
5.541,308.25000
5.592,307.87500
5.643,306.87500
5.693,306.50000
5.744,305.75000
5.795,305.25000
5.846,304.62500
5.896,304.00000
5.947,303.37500
5.998,302.87500
6.048,302.37500
6.099,301.62500
6.150,301.12500
6.200,300.62500
6.251,300.25000
6.302,299.50000
6.353,298.87500
6.403,298.37500
6.454,297.75000
6.505,297.00000
6.555,296.50000
6.606,295.75000
6.657,295.12500
6.708,294.50000
6.758,293.87500
6.809,293.25000
6.860,292.50000
6.910,292.00000
6.961,291.50000
7.012,290.75000
7.063,290.25000
7.113,289.37500
7.164,288.87500
7.215,288.12500
7.265,287.62500
7.316,287.00000
7.367,286.37500
7.417,285.75000
7.468,285.37500
7.519,284.75000
7.570,284.12500
7.620,283.62500
7.671,283.00000
7.722,282.25000
7.772,281.62500
7.823,281.00000
7.874,280.25000
7.925,279.75000
7.975,278.87500
8.026,278.37500
8.077,277.62500
8.127,277.12500
8.178,276.50000
8.229,275.87500
8.279,275.12500
8.330,274.37500
8.381,274.00000
8.431,273.12500
8.482,272.62500
8.533,271.75000
8.583,271.37500
8.634,270.50000
8.685,269.87500
8.735,269.25000
8.786,268.62500
8.837,267.87500
8.888,267.12500
8.938,266.50000
8.989,266.00000
9.039,265.37500
9.090,264.62500
9.141,264.00000
9.191,263.37500
9.242,262.87500
9.293,262.25000
9.343,261.75000
9.394,261.00000
9.445,260.25000
9.495,259.75000
9.546,259.00000
9.597,258.37500
9.647,257.62500
9.698,257.12500
9.748,256.62500
9.799,255.87500
9.850,255.25000
9.900,254.50000
9.951,254.00000
10.002,253.25000
10.052,252.62500
10.103,251.87500
10.154,251.62500
10.204,250.62500
10.255,250.00000
10.306,249.37500
10.356,248.75000
10.407,248.25000
10.457,247.50000
10.508,246.87500
10.559,246.62500
10.609,245.75000
10.660,245.12500
10.711,244.62500
10.761,244.12500
10.812,243.50000
10.863,242.87500
10.913,242.12500
10.964,241.75000
11.015,241.12500
11.065,240.62500
11.116,240.00000
11.167,239.37500
11.217,238.87500
11.268,238.25000
11.319,237.62500
11.369,237.00000
11.420,236.50000
11.470,235.87500
11.521,235.25000
11.572,234.75000
11.622,234.12500
11.673,233.50000
11.724,233.00000
11.774,232.50000
11.825,231.87500
11.876,231.37500
11.926,230.75000
11.977,230.37500
12.028,229.62500
12.078,229.12500
12.129,228.62500
12.180,228.00000
12.230,227.50000
12.281,226.87500
12.331,226.50000
12.382,225.87500
12.433,225.37500
12.483,224.87500
12.534,224.37500
12.585,223.75000
12.635,223.25000
12.686,222.87500
12.737,222.50000
12.787,221.87500
12.838,221.25000
12.889,220.75000
12.939,220.12500
12.990,219.75000
13.040,219.37500
13.091,218.87500
13.142,218.25000
13.192,217.75000
13.243,217.25000
13.294,216.87500
13.344,216.37500
13.395,215.87500
13.446,215.37500
13.496,215.00000
13.547,214.62500
13.597,214.00000
13.648,213.50000
13.699,213.25000
13.749,212.87500
13.800,212.37500
13.851,211.87500
13.901,211.62500
13.952,211.12500
14.002,210.75000
14.053,210.25000
14.104,209.75000
14.154,209.37500
14.205,208.87500
14.256,208.50000
14.306,208.00000
14.357,207.62500
14.408,207.00000
14.458,206.75000
14.509,206.25000
14.560,205.87500
14.610,205.12500
14.661,204.87500
14.711,204.50000
14.762,204.00000
14.813,203.62500
14.863,203.12500
14.914,202.75000
14.965,202.37500
15.015,202.00000
15.066,201.50000
15.117,201.12500
15.167,200.62500
15.218,200.25000
15.269,199.87500
15.319,199.62500
15.370,199.00000
15.420,198.62500
15.471,198.25000
15.522,197.87500
15.572,197.75000
15.623,197.12500
15.674,196.62500
15.724,196.37500
15.775,195.87500
15.826,195.50000
15.876,195.00000
15.927,194.75000
15.978,194.25000
16.028,193.87500
16.079,193.50000
16.130,193.12500
16.181,192.87500
16.231,192.37500
16.282,192.12500
16.333,191.75000
16.384,191.37500
16.434,190.87500
16.485,190.62500
16.536,190.25000
16.587,190.37500
16.637,189.37500
16.688,189.00000
16.739,188.62500
16.790,188.12500
16.840,187.87500
16.891,187.25000
16.942,187.12500
16.993,186.62500
17.043,186.25000
17.094,185.75000
17.145,185.62500
17.195,185.12500
17.246,184.87500
17.297,184.50000
17.348,184.25000
17.398,183.75000
17.449,183.50000
17.500,183.00000
17.551,182.62500
17.601,182.25000
17.652,182.00000
17.703,181.62500
17.754,181.25000
17.804,181.00000
17.855,180.62500
17.906,180.25000
17.957,180.00000
18.007,179.62500
18.058,179.25000
18.109,179.00000
18.160,178.50000
18.210,178.25000
18.261,177.87500
18.312,177.50000
18.362,177.37500
18.413,177.00000
18.463,176.50000
18.514,176.25000
18.565,176.00000
18.615,175.62500
18.666,175.25000
18.717,175.00000
18.767,174.50000
18.818,174.37500
18.869,174.00000
18.919,173.62500
18.970,173.25000
19.020,173.00000
19.071,172.62500
19.122,172.37500
19.172,172.00000
19.223,171.75000
19.274,171.50000
19.324,171.12500
19.375,170.87500
19.426,170.37500
19.476,170.25000
19.527,169.87500
19.578,169.50000
19.628,169.12500
19.679,168.87500
19.729,168.50000
19.780,168.25000
19.831,167.87500
19.881,167.50000
19.932,167.25000
19.983,166.87500
20.033,166.62500
20.084,166.37500
20.135,165.87500
20.185,165.50000
20.236,165.50000
20.287,165.12500
20.337,164.87500
20.388,164.50000
20.438,164.12500
20.489,163.87500
20.540,163.62500
20.590,163.37500
20.641,162.87500
20.692,162.62500
20.742,162.37500
20.793,162.12500
20.844,161.87500
20.894,161.50000
20.945,161.25000
20.996,160.87500
21.046,160.62500
21.097,160.37500
21.148,160.00000
21.198,159.75000
21.249,159.37500
21.300,159.25000
21.351,158.87500
21.401,158.75000
21.452,158.00000
21.503,158.12500
21.553,157.87500
21.604,157.62500
21.655,157.25000
21.705,157.12500
21.756,156.87500
21.807,156.50000
21.857,156.25000
21.908,156.00000
21.959,155.62500
22.009,155.50000
22.060,155.25000
22.111,154.75000
22.161,154.62500
22.212,154.25000
22.262,154.12500
22.313,153.87500
22.364,153.62500
22.414,153.37500
22.465,153.12500
22.516,152.75000
22.566,152.50000
22.617,152.37500
22.668,152.12500
22.718,151.87500
22.769,151.62500
22.820,151.50000
22.870,151.37500
22.921,151.12500
22.972,150.87500
23.022,150.75000
23.073,150.50000
23.123,150.25000
23.174,150.12500
23.225,150.00000
23.275,149.75000
23.326,149.50000
23.377,149.12500
23.427,149.12500
23.478,148.75000
23.529,148.37500
23.580,148.12500
23.630,148.00000
23.681,147.75000
23.732,147.37500
23.782,147.25000
23.833,147.00000
23.884,146.75000
23.934,146.50000
23.985,146.37500
24.036,146.00000
24.086,146.00000
24.137,145.62500
24.188,145.37500
24.239,145.25000
24.289,145.00000
24.340,144.75000
24.391,144.62500
24.441,144.25000
24.492,144.12500
24.543,144.00000
24.594,143.50000
24.644,143.25000
24.695,143.00000
24.746,142.87500
24.797,142.50000
24.847,142.25000
24.898,142.00000
24.949,141.87500
24.999,141.62500
25.050,141.37500
25.101,141.12500
25.152,141.12500
25.202,140.87500
25.253,140.62500
25.304,140.37500
25.355,140.25000
25.405,140.00000
25.456,139.87500
25.507,139.62500
25.558,139.37500
25.608,139.25000
25.659,139.12500
25.710,138.75000
25.761,138.37500
25.811,138.25000
25.862,138.00000
25.913,137.75000
25.964,137.62500
26.014,137.25000
26.065,137.12500
26.116,136.87500
26.167,136.62500
26.217,136.12500
26.268,136.00000
26.319,135.87500
26.369,135.62500
26.420,135.50000
26.471,135.12500
26.522,135.00000
26.572,134.87500
26.623,134.75000
26.674,134.25000
26.725,134.12500
26.775,134.00000
26.826,133.75000
26.877,133.37500
26.928,133.12500
26.978,133.00000
27.029,132.75000
27.080,132.50000
27.130,132.25000
27.181,132.12500
27.232,131.87500
27.283,131.75000
27.333,131.37500
27.384,131.25000
27.435,131.00000
27.486,130.87500
27.536,130.50000
27.587,130.37500
27.638,130.12500
27.689,130.00000
27.739,129.75000
27.790,129.62500
27.841,129.50000
27.892,129.12500
27.942,128.87500
27.993,128.75000
28.044,128.50000
28.094,128.37500
28.145,128.12500
28.196,127.75000
28.247,127.50000
28.297,127.37500
28.348,127.25000
28.399,127.12500
28.450,126.87500
28.500,126.62500
28.551,126.37500
28.602,126.12500
28.653,126.00000
28.703,125.75000
28.754,125.37500
28.805,125.25000
28.856,125.12500
28.906,124.87500
28.957,124.75000
29.008,124.37500
29.059,124.25000
29.109,124.00000
29.160,123.75000
29.211,123.50000
29.262,123.37500
29.312,123.25000
29.363,123.12500
29.414,122.87500
29.465,122.62500
29.515,122.37500
29.566,122.25000
29.617,122.00000
29.667,121.87500
29.718,121.62500
29.769,121.50000
29.820,121.25000
29.870,121.12500
29.921,121.12500
29.972,120.62500
30.023,120.62500
30.073,120.37500
30.124,120.25000
30.175,119.87500
30.226,119.75000
30.276,119.75000
30.327,119.62500
30.378,119.50000
30.429,119.25000
30.479,119.12500
30.530,118.87500
30.581,118.75000
30.632,118.62500
30.682,118.37500
30.733,118.25000
30.784,118.25000
30.834,118.00000
30.885,117.75000
30.936,117.75000
30.987,117.50000
31.037,117.50000
31.088,117.25000
31.139,117.12500
31.189,117.00000
31.240,116.87500
31.291,116.75000
31.342,116.62500
31.392,116.50000
31.443,116.25000
31.494,116.12500
31.545,116.00000
31.595,115.62500
31.646,115.50000
31.697,115.50000
31.748,115.25000
31.798,115.00000
31.849,115.00000
31.900,114.87500
31.951,114.50000
32.001,114.37500
32.052,114.25000
32.103,114.12500
32.154,114.00000
32.204,113.87500
32.255,113.62500
32.306,113.50000
32.357,113.25000
32.407,113.12500
32.458,112.87500
32.509,112.75000
32.559,112.62500
32.610,112.37500
32.661,112.25000
32.712,112.00000
32.762,111.87500
32.813,111.62500
32.864,111.50000
32.915,111.37500
32.965,111.25000
33.016,111.00000
33.067,110.87500
33.118,110.75000
33.168,110.62500
33.219,110.25000
33.270,110.12500
33.321,110.00000
33.371,109.75000
33.422,109.62500
33.473,109.25000
33.523,109.25000
33.574,109.12500
33.625,108.87500
33.676,108.62500
33.726,108.50000
33.777,108.37500
33.828,108.12500
33.879,108.00000
33.929,107.87500
33.980,107.75000
34.031,107.62500
34.081,107.37500
34.132,107.25000
34.183,107.12500
34.233,107.00000
34.284,106.62500
34.335,106.62500
34.385,106.37500
34.436,106.25000
34.486,106.00000
34.537,105.87500
34.588,105.62500
34.638,105.50000
34.689,105.25000
34.740,105.25000
34.790,105.00000
34.841,104.87500
34.892,104.75000
34.942,104.50000
34.993,104.37500
35.044,104.25000
35.094,104.12500
35.145,104.12500
35.196,103.87500
35.246,103.50000
35.297,103.37500
35.348,103.25000
35.398,103.12500
35.449,103.00000
35.499,102.87500
35.550,102.62500
35.601,102.37500
35.651,102.50000
35.702,102.25000
35.753,102.12500
35.803,102.00000
35.854,101.62500
35.905,101.50000
35.955,101.25000
36.006,101.37500
36.056,101.00000
36.107,100.87500
36.158,100.75000
36.209,100.50000
36.259,100.37500
36.310,100.25000
36.360,100.00000
36.411,99.87500
36.462,99.75000
36.512,99.50000
36.563,99.25000
36.614,98.87500
36.664,98.87500
36.715,99.00000
36.766,98.37500
36.816,98.62500
36.867,98.37500
36.918,98.37500
36.968,98.12500
37.019,98.00000
37.069,97.62500
37.120,97.62500
37.171,97.37500
37.221,97.25000
37.272,97.00000
37.323,96.87500
37.373,96.75000
37.424,96.50000
37.475,96.37500
37.525,96.12500
37.576,96.12500
37.627,96.00000
37.678,95.75000
37.728,95.62500
37.779,95.50000
37.830,95.37500
37.880,95.12500
37.931,95.00000
37.981,94.87500
38.032,94.75000
38.083,94.50000
38.133,94.50000
38.184,94.25000
38.235,94.00000
38.285,94.00000
38.336,93.75000
38.387,93.62500
38.437,93.25000
38.488,93.25000
38.539,93.12500
38.589,93.00000
38.640,92.87500
38.691,92.75000
38.741,92.50000
38.792,92.50000
38.843,92.37500
38.893,92.12500
38.944,92.12500
38.995,92.00000
39.045,91.75000
39.096,91.62500
39.147,91.37500
39.197,91.37500
39.248,91.12500
39.298,91.00000
39.349,90.87500
39.400,90.62500
39.450,90.62500
39.501,90.50000
39.552,90.00000
39.602,90.00000
39.653,90.00000
39.704,89.75000
39.754,89.62500
39.805,89.50000
39.856,89.25000
39.906,89.25000
39.957,89.00000
40.007,89.00000
40.058,88.75000
40.109,88.62500
40.159,88.50000
40.210,88.37500
40.261,88.25000
40.311,88.00000
40.362,88.00000
40.413,87.75000
40.463,87.62500
40.514,87.50000
40.565,87.25000
40.615,87.25000
40.666,87.12500
40.717,86.87500
40.768,86.75000
40.818,86.75000
40.869,86.62500
40.920,86.50000
40.971,86.37500
41.021,86.12500
41.072,86.00000
41.123,85.87500
41.174,85.75000
41.224,85.62500
41.275,85.50000
41.326,85.37500
41.376,85.25000
41.427,85.12500
41.478,85.00000
41.529,85.00000
41.579,84.50000
41.630,84.50000
41.681,84.50000
41.732,84.50000
41.782,84.37500
41.833,84.25000
41.884,84.00000
41.935,84.12500
41.985,83.87500
42.036,83.87500
42.087,83.62500
42.137,83.50000
42.188,83.37500
42.239,83.25000
42.289,83.12500
42.340,83.12500
42.391,82.87500
42.441,82.87500
42.492,82.75000
42.543,82.50000
42.593,82.37500
42.644,82.25000
42.695,82.12500
42.745,82.12500
42.796,81.75000
42.846,81.75000
42.897,81.50000
42.948,81.50000
42.998,81.37500
43.049,81.12500
43.100,81.00000
43.150,80.87500
43.201,80.75000
43.252,80.75000
43.302,80.50000
43.353,80.37500
43.404,80.37500
43.454,80.37500
43.505,80.12500
43.555,80.12500
43.606,80.12500
43.657,80.00000
43.707,79.75000
43.758,79.62500
43.809,79.62500
43.859,79.50000
43.910,79.50000
43.961,79.50000
44.011,79.25000
44.062,79.12500
44.113,79.00000
44.163,78.87500
44.214,78.75000
44.264,78.62500
44.315,78.50000
44.366,78.37500
44.416,78.25000
44.467,78.12500
44.518,78.00000
44.568,77.87500
44.619,77.75000
44.670,77.50000
44.720,77.50000
44.771,77.25000
44.822,77.25000
44.872,77.12500
44.923,77.12500
44.973,76.75000
45.024,76.75000
45.075,76.62500
45.126,76.50000
45.176,76.25000
45.227,76.12500
45.278,76.00000
45.328,75.75000
45.379,75.87500
45.430,75.62500
45.480,75.37500
45.531,75.12500
45.582,75.12500
45.632,74.87500
45.683,74.75000
45.734,74.62500
45.784,74.62500
45.835,74.37500
45.886,74.25000
45.936,74.12500
45.987,74.00000
46.038,73.75000
46.088,73.75000
46.139,73.50000
46.190,73.62500
46.240,73.37500
46.291,73.25000
46.342,73.12500
46.392,73.00000
46.443,72.75000
46.493,72.62500
46.544,72.50000
46.595,72.37500
46.645,72.37500
46.696,72.00000
46.747,72.00000
46.797,71.87500
46.848,71.75000
46.899,71.62500
46.949,71.50000
47.000,71.25000
47.051,71.37500
47.101,71.12500
47.152,71.12500
47.203,70.87500
47.253,70.62500
47.304,70.62500
47.355,70.37500
47.405,70.37500
47.456,70.25000
47.506,70.12500
47.557,70.00000
47.608,70.00000
47.658,69.87500
47.709,69.62500
47.760,69.62500
47.810,69.37500
47.861,69.37500
47.912,69.25000
47.962,69.37500
48.013,68.87500
48.064,68.75000
48.114,68.75000
48.165,68.50000
48.216,68.25000
48.266,68.25000
48.317,68.12500
48.368,67.87500
48.418,67.75000
48.469,67.75000
48.519,67.62500
48.570,67.50000
48.621,67.37500
48.671,67.37500
48.722,67.25000
48.773,67.12500
48.823,67.12500
48.874,67.00000
48.925,66.87500
48.975,66.75000
49.026,66.62500
49.077,66.75000
49.127,66.50000
49.178,66.50000
49.228,66.25000
49.279,66.25000
49.330,66.00000
49.380,66.00000
49.431,65.87500
49.482,65.87500
49.532,65.75000
49.583,65.50000
49.634,65.37500
49.684,65.25000
49.735,65.25000
49.786,65.12500
49.836,65.00000
49.887,64.75000
49.937,64.75000
49.988,64.62500
50.039,64.50000
50.089,64.37500
50.140,64.37500
50.191,64.25000
50.241,64.12500
50.292,64.00000
50.343,64.00000
50.393,63.87500
50.444,63.75000
50.495,63.62500
50.545,63.50000
50.596,63.50000
50.646,63.37500
50.697,63.37500
50.748,63.12500
50.798,63.00000
50.849,62.87500
50.900,62.75000
50.950,62.75000
51.001,62.62500
51.052,62.62500
51.102,62.50000
51.153,62.37500
51.204,62.37500
51.254,62.37500
51.305,62.12500
51.355,62.00000
51.406,62.00000
51.457,61.87500
51.507,61.75000
51.558,61.87500
51.609,61.62500
51.659,61.50000
51.710,61.37500
51.761,61.37500
51.811,61.25000
51.862,61.25000
51.913,61.12500
51.963,61.12500
52.014,60.87500
52.065,60.87500
52.116,60.75000
52.166,60.62500
52.217,60.50000
52.268,60.37500
52.318,60.25000
52.369,60.12500
52.420,60.12500
52.471,60.12500
52.521,60.00000
52.572,59.87500
52.623,59.87500
52.673,59.62500
52.724,59.62500
52.775,59.37500
52.825,59.37500
52.876,59.25000
52.927,59.25000
52.978,59.12500
53.028,59.00000
53.079,58.87500
53.130,58.87500
53.180,58.87500
53.231,58.62500
53.281,58.50000
53.332,58.37500
53.383,58.25000
53.433,58.25000
53.484,58.12500
53.535,58.12500
53.586,58.00000
53.636,57.87500
53.687,57.75000
53.738,57.62500
53.788,57.50000
53.839,57.37500
53.890,57.37500
53.940,57.25000
53.991,57.00000
54.041,56.87500
54.092,57.00000
54.143,56.75000
54.193,56.75000
54.244,56.87500
54.295,56.62500
54.345,56.50000
54.396,56.37500
54.447,56.25000
54.497,56.12500
54.548,56.12500
54.599,56.00000
54.649,56.00000
54.700,55.87500
54.751,55.75000
54.801,55.62500
54.852,55.62500
54.903,55.50000
54.953,55.50000
55.004,55.37500
55.054,55.25000
55.105,55.12500
55.156,55.12500
55.206,54.87500
55.257,54.75000
55.308,54.75000
55.358,54.62500
55.409,54.62500
55.460,54.37500
55.510,54.37500
55.561,54.25000
55.612,54.12500
55.662,54.25000
55.713,53.87500
55.763,53.75000
55.814,53.75000
55.865,53.50000
55.915,53.37500
55.966,53.37500
56.017,53.25000
56.067,53.25000
56.118,53.12500
56.169,52.87500
56.219,52.87500
56.270,52.87500
56.321,52.75000
56.371,52.87500
56.422,52.87500
56.472,52.50000
56.523,52.37500
56.574,52.25000
56.624,52.12500
56.675,52.12500
56.726,52.00000
56.776,52.12500
56.827,51.62500
56.878,51.75000
56.928,51.62500
56.979,51.62500
57.030,51.50000
57.080,51.50000
57.131,51.37500
57.181,51.25000
57.232,51.25000
57.283,51.25000
57.333,51.25000
57.384,51.25000
57.435,51.12500
57.485,51.00000
57.536,51.00000
57.587,50.87500
57.637,51.00000
57.688,50.87500
57.739,50.87500
57.789,50.75000
57.840,50.75000
57.890,50.62500
57.941,50.62500
57.992,50.50000
58.042,50.50000
58.093,50.37500
58.144,50.25000
58.194,50.25000
58.245,49.87500
58.296,50.12500
58.346,50.12500
58.397,49.87500
58.447,49.87500
58.498,49.87500
58.549,49.75000
58.599,49.62500
58.650,49.50000
58.701,49.75000
58.751,49.50000
58.802,49.37500
58.853,49.37500
58.903,48.87500
58.954,49.25000
59.005,49.25000
59.055,49.12500
59.106,49.00000
59.156,49.00000
59.207,48.87500
59.258,49.00000
59.308,49.00000
59.359,48.87500
59.410,48.75000
59.460,48.75000
59.511,48.75000
59.562,48.62500
59.612,48.62500
59.663,48.50000
59.714,48.50000
59.764,48.50000
59.815,48.25000
59.865,48.37500
59.916,48.12500
59.967,48.12500
60.017,47.87500
60.068,47.87500
60.119,47.87500
60.169,47.75000
60.220,47.75000
60.271,47.75000
60.321,47.50000
60.372,47.25000
60.423,47.50000
60.473,47.37500
60.524,47.25000
60.574,47.25000
60.625,47.12500
60.676,47.12500
60.726,47.00000
60.777,47.12500
60.828,47.00000
60.879,46.75000
60.929,46.87500
60.980,46.87500
61.030,46.75000
61.081,46.50000
61.132,46.62500
61.182,46.50000
61.233,46.37500
61.284,46.50000
61.334,46.25000
61.385,46.12500
61.436,46.00000
61.486,46.00000
61.537,45.87500
61.588,45.87500
61.638,45.75000
61.689,45.62500
61.740,45.62500
61.790,45.50000
61.841,45.50000
61.892,45.50000
61.942,45.37500
61.993,45.25000
62.044,45.25000
62.094,45.00000
62.145,44.87500
62.196,44.87500
62.246,44.87500
62.297,44.75000
62.348,44.62500
62.398,44.62500
62.449,44.62500
62.500,44.50000
62.550,44.50000
62.601,44.50000
62.651,44.50000
62.702,44.50000
62.753,44.37500
62.803,44.25000
62.854,44.25000
62.905,44.25000
62.956,44.25000
63.006,44.00000
63.057,43.75000
63.108,43.87500
63.159,43.75000
63.209,43.75000
63.260,43.87500
63.311,43.62500
63.362,43.50000
63.412,43.50000
63.463,43.37500
63.514,43.25000
63.564,43.12500
63.615,43.25000
63.666,43.12500
63.717,43.00000
63.767,43.00000
63.818,42.87500
63.869,42.75000
63.920,42.62500
63.970,42.75000
64.021,42.50000
64.072,42.37500
64.123,42.37500
64.173,42.25000
64.224,42.25000
64.275,42.25000
64.325,42.12500
64.376,42.12500
64.427,42.00000
64.478,42.00000
64.529,42.00000
64.579,41.75000
64.630,41.75000
64.681,41.62500
64.731,41.62500
64.782,41.75000
64.833,41.75000
64.883,41.50000
64.934,41.50000
64.985,41.37500
65.035,41.37500
65.086,41.75000
65.136,41.37500
65.187,41.25000
65.238,41.37500
65.288,41.12500
65.339,41.00000
65.390,41.12500
65.440,41.00000
65.491,40.87500
65.542,40.87500
65.592,40.87500
65.643,41.00000
65.694,40.87500
65.744,40.75000
65.795,40.75000
65.846,40.75000
65.896,40.62500
65.947,40.62500
65.997,40.62500
66.048,40.50000
66.099,40.37500
66.149,40.25000
66.200,40.37500
66.251,40.37500
66.301,40.37500
66.352,40.25000
66.403,40.25000
66.453,40.12500
66.504,40.25000
66.555,40.00000
66.605,40.00000
66.656,39.87500
66.707,39.87500
66.757,39.87500
66.808,39.75000
66.859,39.62500
66.909,39.62500
66.960,39.62500
67.010,39.50000
67.061,39.62500
67.112,39.50000
67.162,39.37500
67.213,39.50000
67.264,39.25000
67.314,39.37500
67.365,39.25000
67.416,39.25000
67.466,39.25000
67.517,39.25000
67.568,39.12500
67.618,39.00000
67.669,39.00000
67.720,39.00000
67.770,38.75000
67.821,38.62500
67.872,38.62500
67.922,38.62500
67.973,38.50000
68.024,38.50000
68.074,38.37500
68.125,38.50000
68.175,38.62500
68.226,38.50000
68.277,38.37500
68.327,38.25000
68.378,38.25000
68.429,38.12500
68.479,38.12500
68.530,38.12500
68.581,38.12500
68.631,38.00000
68.682,37.87500
68.733,37.87500
68.783,37.75000
68.834,37.75000
68.884,37.75000
68.935,37.62500
68.986,37.50000
69.036,37.37500
69.087,37.50000
69.138,37.25000
69.188,37.37500
69.239,37.37500
69.290,37.12500
69.340,37.25000
69.391,37.25000
69.442,37.25000
69.492,37.00000
69.543,37.12500
69.594,37.00000
69.644,37.00000
69.695,37.00000
69.746,37.12500
69.796,37.12500
69.847,37.00000
69.898,36.87500
69.948,36.87500
69.999,36.87500
70.049,36.87500
70.100,36.87500
70.151,36.87500
70.201,36.62500
70.252,36.75000
70.303,36.50000
70.353,36.50000
70.404,36.37500
70.455,36.37500
70.505,36.12500
70.556,36.12500
70.607,36.12500
70.657,36.12500
70.708,36.25000
70.759,36.00000
70.809,36.00000
70.860,35.87500
70.910,35.75000
70.961,35.75000
71.012,35.75000
71.062,35.62500
71.113,35.62500
71.164,35.50000
71.214,35.50000
71.265,35.50000
71.316,35.37500
71.366,35.37500
71.417,35.37500
71.468,35.25000
71.518,35.12500
71.569,35.12500
71.620,35.12500
71.670,35.12500
71.721,34.87500
71.772,34.87500
71.822,35.00000
71.873,34.87500
71.923,34.87500
71.974,34.87500
72.025,34.75000
72.075,34.75000
72.126,34.75000
72.177,34.75000
72.227,34.62500
72.278,34.75000
72.329,34.62500
72.379,34.62500
72.430,34.50000
72.481,34.50000
72.531,34.62500
72.582,34.62500
72.633,34.62500
72.683,34.50000
72.734,34.50000
72.785,34.50000
72.835,34.50000
72.886,34.37500
72.937,34.50000
72.987,34.50000
73.038,34.37500
73.088,34.25000
73.139,34.25000
73.190,34.12500
73.240,34.25000
73.291,34.12500
73.342,34.12500
73.392,33.87500
73.443,34.00000
73.494,33.87500
73.544,34.00000
73.595,33.75000
73.646,33.62500
73.696,33.62500
73.747,33.87500
73.797,33.50000
73.848,33.50000
73.899,33.50000
73.949,33.50000
74.000,33.25000
74.051,33.25000
74.101,33.37500
74.152,33.37500
74.203,33.25000
74.253,33.25000
74.304,32.87500
74.355,33.00000
74.405,32.87500
74.456,33.00000
74.507,32.87500
74.557,32.87500
74.608,32.87500
74.659,32.75000
74.710,32.75000
74.760,32.75000
74.811,32.62500
74.862,32.62500
74.912,32.62500
74.963,32.62500
75.014,32.50000
75.065,32.37500
75.115,32.50000
75.166,32.37500
75.217,32.37500
75.267,32.37500
75.318,32.25000
75.369,32.25000
75.420,32.25000
75.470,32.12500
75.521,32.12500
75.572,32.12500
75.622,32.12500
75.673,32.12500
75.724,32.00000
75.775,32.12500
75.825,32.00000
75.876,32.00000
75.927,31.87500
75.978,31.87500
76.028,31.75000
76.079,31.75000
76.130,31.75000
76.181,31.87500
76.231,31.87500
76.282,31.62500
76.333,31.75000
76.383,31.75000
76.434,31.75000
76.485,31.62500
76.535,31.75000
76.586,31.62500
76.637,31.50000
76.687,31.50000
76.738,31.50000
76.788,31.50000
76.839,31.50000
76.890,31.50000
76.940,31.37500
76.991,31.37500
77.042,31.37500
77.092,31.37500
77.143,31.25000
77.194,31.50000
77.244,31.37500
77.295,31.37500
77.346,31.37500
77.396,31.37500
77.447,31.37500
77.498,31.37500
77.548,31.37500
77.599,31.37500
77.649,31.37500
77.700,31.37500
77.751,31.37500
77.801,31.37500
77.852,31.37500
77.903,31.25000
77.953,31.25000
78.004,31.12500
78.055,31.25000
78.105,31.12500
78.156,31.12500
78.207,31.12500
78.257,31.00000
78.308,31.12500
78.359,31.00000
78.409,30.87500
78.460,30.87500
78.511,31.00000
78.561,30.75000
78.612,30.75000
78.663,30.75000
78.713,30.87500
78.764,30.62500
78.815,30.62500
78.865,30.62500
78.916,30.25000
78.966,30.25000
79.017,30.37500
79.068,30.25000
79.118,30.25000
79.169,30.12500
79.220,30.12500
79.270,30.00000
79.321,30.12500
79.372,30.00000
79.422,29.87500
79.473,29.87500
79.524,29.87500
79.574,29.75000
79.625,29.87500
79.676,29.62500
79.726,29.37500
79.777,29.75000
79.828,29.62500
79.878,29.62500
79.929,29.50000
79.979,29.50000
80.030,29.37500
80.081,29.12500
80.131,29.25000
80.182,29.25000
80.233,29.25000
80.283,29.25000
80.334,29.25000
80.385,29.25000
80.435,29.12500
80.486,29.12500
80.537,29.00000
80.587,29.25000
80.638,29.12500
80.689,29.00000
80.739,29.12500
80.790,29.00000
80.841,29.00000
80.891,29.00000
80.942,28.87500
80.992,28.87500
81.043,29.00000
81.094,28.87500
81.144,28.75000
81.195,28.75000
81.246,28.75000
81.296,28.62500
81.347,28.62500
81.398,28.62500
81.448,28.62500
81.499,28.50000
81.550,28.50000
81.600,28.50000
81.651,28.37500
81.702,28.37500
81.752,28.25000
81.803,28.25000
81.854,28.12500
81.904,28.12500
81.955,28.00000
82.006,28.00000
82.056,28.00000
82.107,27.87500
82.158,27.87500
82.208,27.62500
82.259,27.87500
82.309,27.75000
82.360,27.62500
82.411,27.62500
82.461,27.50000
82.512,27.50000
82.563,27.62500
82.613,27.37500
82.664,27.50000
82.715,27.50000
82.765,27.37500
82.816,27.25000
82.867,27.50000
82.917,27.37500
82.968,27.25000
83.019,27.25000
83.069,27.25000
83.120,27.25000
83.171,27.25000
83.221,27.25000
83.272,27.12500
83.323,27.12500
83.373,27.12500
83.424,27.12500
83.475,27.25000
83.525,27.12500
83.576,27.12500
83.626,27.12500
83.677,27.12500
83.728,27.12500
83.778,27.12500
83.829,27.00000
83.880,27.00000
83.930,27.12500
83.981,26.87500
84.032,27.00000
84.082,27.00000
84.133,27.00000
84.184,26.87500
84.234,26.75000
84.285,26.75000
84.336,26.87500
84.386,26.75000
84.437,26.62500
84.487,26.75000
84.538,26.62500
84.589,26.62500
84.639,26.62500
84.690,26.50000
84.741,26.50000
84.791,26.37500
84.842,26.50000
84.893,26.37500
84.943,26.50000
84.994,26.37500
85.045,26.25000
85.095,26.25000
85.146,26.25000
85.196,26.25000
85.247,26.25000
85.298,26.37500
85.348,26.00000
85.399,26.00000
85.450,26.00000
85.500,26.00000
85.551,25.87500
85.602,25.87500
85.652,26.00000
85.703,25.75000
85.754,25.87500
85.804,25.75000
85.855,25.75000
85.906,25.75000
85.956,25.75000
86.007,25.75000
86.057,25.62500
86.108,25.62500
86.159,25.62500
86.209,25.75000
86.260,25.62500
86.311,25.50000
86.361,25.62500
86.412,25.62500
86.463,25.37500
86.513,25.50000
86.564,25.37500
86.615,25.50000
86.665,25.50000
86.716,25.37500
86.766,25.37500
86.817,25.25000
86.868,25.50000
86.918,25.37500
86.969,25.37500
87.020,25.25000
87.070,25.37500
87.121,25.25000
87.172,25.25000
87.222,25.25000
87.273,25.25000
87.324,25.25000
87.374,25.25000
87.425,25.12500
87.476,25.12500
87.526,25.12500
87.577,25.12500
87.628,25.12500
87.678,25.12500
87.729,25.12500
87.780,25.25000
87.830,25.12500
87.881,25.12500
87.931,25.12500
87.982,25.12500
88.033,25.12500
88.083,25.12500
88.134,25.12500
88.185,25.00000
88.235,25.00000
88.286,24.87500
88.337,25.00000
88.387,25.00000
88.438,25.00000
88.489,25.00000
88.539,25.00000
88.590,25.00000
88.641,25.00000
88.691,25.00000
88.742,25.00000
88.792,25.00000
88.843,25.00000
88.894,24.87500
88.944,25.12500
88.995,25.00000
89.046,25.00000
89.096,24.75000
89.147,25.00000
89.198,24.87500
89.248,24.62500
89.299,24.75000
89.350,24.75000
89.400,24.75000
89.451,24.75000
89.502,24.75000
89.552,24.50000
89.603,24.62500
89.654,24.62500
89.705,24.50000
89.755,24.50000
89.806,24.37500
89.857,24.12500
89.907,24.37500
89.958,24.37500
90.009,24.12500
90.059,24.12500
90.110,24.12500
90.161,24.12500
90.212,24.00000
90.262,24.00000
90.313,24.00000
90.364,24.00000
90.414,23.87500
90.465,24.00000
90.516,23.87500
90.567,24.00000
90.617,23.87500
90.668,23.87500
90.719,23.87500
90.769,23.87500
90.820,23.75000
90.871,23.75000
90.922,23.62500
90.972,23.75000
91.023,23.75000
91.074,23.62500
91.124,23.75000
91.175,23.62500
91.226,23.62500
91.277,23.62500
91.327,23.62500
91.378,23.50000
91.429,23.50000
91.479,23.50000
91.530,23.50000
91.581,23.50000
91.631,23.37500
91.682,23.25000
91.733,23.37500
91.783,23.37500
91.834,23.37500
91.884,23.37500
91.935,23.25000
91.986,23.25000
92.036,23.25000
92.087,23.25000
92.138,23.25000
92.188,23.12500
92.239,23.25000
92.290,23.25000
92.340,23.12500
92.391,23.12500
92.441,23.12500
92.492,23.12500
92.543,23.12500
92.593,23.12500
92.644,23.12500
92.695,23.00000
92.745,23.37500
92.796,23.12500
92.847,23.00000
92.897,23.00000
92.948,23.00000
92.998,23.00000
93.049,23.25000
93.100,23.00000
93.150,23.00000
93.201,23.00000
93.252,22.87500
93.302,22.87500
93.353,22.87500
93.403,22.87500
93.454,22.75000
93.505,22.75000
93.555,22.75000
93.606,22.75000
93.657,22.62500
93.707,22.62500
93.758,22.75000
93.809,22.75000
93.859,22.75000
93.910,22.75000
93.961,22.62500
94.011,22.75000
94.062,22.87500
94.112,22.87500
94.163,22.75000
94.214,22.87500
94.264,22.75000
94.315,22.75000
94.366,22.75000
94.416,22.75000
94.467,22.62500
94.518,22.62500
94.568,22.87500
94.619,22.75000
94.669,22.75000
94.720,22.75000
94.771,22.75000
94.821,22.62500
94.872,22.62500
94.923,22.62500
94.973,22.62500
95.024,22.62500
95.075,22.62500
95.125,22.62500
95.176,22.75000
95.227,22.62500
95.277,22.62500
95.328,22.50000
95.379,22.62500
95.429,22.50000
95.480,22.37500
95.530,22.50000
95.581,22.37500
95.632,22.37500
95.682,22.25000
95.733,22.37500
95.784,22.25000
95.834,22.25000
95.885,22.12500
95.936,22.25000
95.986,22.25000
96.037,22.12500
96.088,22.12500
96.138,22.25000
96.189,22.00000
96.239,22.12500
96.290,22.12500
96.341,22.12500
96.391,22.12500
96.442,22.00000
96.493,22.12500
96.543,22.00000
96.594,22.12500
96.645,22.00000
96.695,22.00000
96.746,21.87500
96.796,21.87500
96.847,21.87500
96.898,21.75000
96.948,21.75000
96.999,21.87500
97.050,21.75000
97.100,21.75000
97.151,21.87500
97.202,21.87500
97.252,21.87500
97.303,21.87500
97.353,21.87500
97.404,21.87500
97.455,21.87500
97.505,21.87500
97.556,22.00000
97.607,21.75000
97.657,21.87500
97.708,21.62500
97.759,21.75000
97.809,21.87500
97.860,21.75000
97.910,21.87500
97.961,21.62500
98.012,21.75000
98.062,21.75000
98.113,21.62500
98.164,21.75000
98.214,21.50000
98.265,21.50000
98.316,21.50000
98.366,21.50000
98.417,21.50000
98.468,21.37500
98.518,21.37500
98.569,21.12500
98.619,21.25000
98.670,21.12500
98.721,21.25000
98.771,21.00000
98.822,21.25000
98.873,21.25000
98.923,21.25000
98.974,21.25000
99.025,21.37500
99.075,21.25000
99.126,21.25000
99.177,21.25000
99.227,21.25000
99.278,21.25000
99.329,21.25000
99.379,21.12500
99.430,21.12500
99.481,21.25000
99.531,21.12500
99.582,21.25000
99.633,21.12500
99.683,21.25000
99.734,21.00000
99.785,21.12500
99.836,21.00000
99.886,21.00000
99.937,21.00000
99.988,20.75000
100.038,20.87500
100.089,20.87500
100.140,20.75000
100.190,20.87500
100.241,20.75000
100.291,20.75000
100.342,20.50000
100.393,20.62500
100.443,20.50000
100.494,20.50000
100.545,20.50000
100.595,20.62500
100.646,20.50000
100.696,20.50000
100.747,20.50000
100.798,20.37500
100.848,20.50000
100.899,20.37500
100.950,20.37500
101.000,20.37500
101.051,20.37500
101.102,20.37500
101.152,20.37500
101.203,20.37500
101.253,20.50000
101.304,20.50000
101.355,20.62500
101.405,20.50000
101.456,20.50000
101.507,20.62500
101.558,20.50000
101.608,20.62500
101.659,20.37500
101.710,20.62500
101.761,20.62500
101.811,20.50000
101.862,20.50000
101.913,20.50000
101.963,20.50000
102.014,20.50000
102.065,20.37500
102.116,20.50000
102.166,20.37500
102.217,20.50000
102.268,20.37500
102.318,20.37500
102.369,20.37500
102.420,20.25000
102.471,20.37500
102.521,20.37500
102.572,20.25000
102.623,20.12500
102.673,20.00000
102.724,20.12500
102.775,20.00000
102.826,20.12500
102.876,20.00000
102.927,20.00000
102.978,20.00000
103.028,19.87500
103.079,19.87500
103.130,19.87500
103.181,19.75000
103.231,19.75000
103.282,19.75000
103.333,19.75000
103.383,19.62500
103.434,19.62500
103.485,19.62500
103.536,19.37500
103.586,19.50000
103.637,19.50000
103.688,19.50000
103.738,19.50000
103.789,19.50000
103.840,19.50000
103.891,19.37500
103.941,19.37500
103.992,19.37500
104.043,19.37500
104.093,19.37500
104.144,19.50000
104.195,19.37500
104.246,19.37500
104.296,19.37500
104.347,19.37500
104.398,19.37500
104.449,19.37500
104.499,19.37500
104.550,19.37500
104.601,19.37500
104.651,19.37500
104.702,19.37500
104.753,19.25000
104.804,19.37500
104.854,19.25000
104.905,19.25000
104.956,19.25000
105.007,19.12500
105.057,19.25000
105.108,19.12500
105.159,19.00000
105.209,19.12500
105.260,19.12500
105.311,18.87500
105.362,19.00000
105.412,19.00000
105.463,19.00000
105.514,19.00000
105.565,19.00000
105.615,19.00000
105.666,19.00000
105.717,18.87500
105.768,18.87500
105.818,18.75000
105.869,18.75000
105.920,18.75000
105.971,18.75000
106.021,18.75000
106.072,18.75000
106.123,18.75000
106.173,18.75000
106.224,18.75000
106.275,18.75000
106.326,18.87500
106.376,18.75000
106.427,18.75000
106.478,18.75000
106.529,18.87500
106.579,18.75000
106.630,18.62500
106.681,18.62500
106.731,18.62500
106.782,18.62500
106.833,18.62500
106.884,18.50000
106.934,18.62500
106.985,18.50000
107.036,18.50000
107.087,18.37500
107.137,18.50000
107.188,18.50000
107.239,18.50000
107.290,18.50000
107.340,18.37500
107.391,18.50000
107.442,18.50000
107.492,18.50000
107.543,18.50000
107.594,18.37500
107.645,18.37500
107.695,18.37500
107.746,18.37500
107.797,18.37500
107.848,18.25000
107.898,18.25000
107.949,18.37500
108.000,18.37500
108.051,18.37500
108.101,18.25000
108.152,18.25000
108.203,18.12500
108.254,18.12500
108.304,18.25000
108.355,18.25000
108.406,18.25000
108.456,18.37500
108.507,18.25000
108.558,18.25000
108.609,18.37500
108.659,18.25000
108.710,18.25000
108.761,18.12500
108.812,18.00000
108.862,18.25000
108.913,18.25000
108.964,18.25000
109.014,18.25000
109.065,18.12500
109.116,18.12500
109.167,18.25000
109.217,18.37500
109.268,18.12500
109.319,18.12500
109.370,18.00000
109.420,18.12500
109.471,18.00000
109.522,18.00000
109.573,18.00000
109.623,18.12500
109.674,17.87500
109.725,18.12500
109.776,17.87500
109.826,17.87500
109.877,18.00000
109.928,18.12500
109.978,18.00000
110.029,18.00000
110.080,17.87500
110.131,17.87500
110.181,17.87500
110.232,18.00000
110.283,18.00000
110.334,17.87500
110.384,18.00000
110.435,17.87500
110.486,17.87500
110.537,17.87500
110.587,18.00000
110.638,17.75000
110.689,17.87500
110.739,17.87500
110.790,17.87500
110.841,17.62500
110.892,17.87500
110.942,17.87500
110.993,17.75000
111.044,17.87500
111.094,17.75000
111.145,17.75000
111.196,17.87500
111.246,17.87500
111.297,17.87500
111.348,17.87500
111.398,17.75000
111.449,17.75000
111.500,17.75000
111.550,17.87500
111.601,17.75000
111.652,17.87500
111.702,17.62500
111.753,17.75000
111.804,17.62500
111.854,17.75000
111.905,17.50000
111.956,17.62500
112.006,17.62500
112.057,17.62500
112.108,17.75000
112.158,17.50000
112.209,17.62500
112.260,17.62500
112.311,17.62500
112.361,17.62500
112.412,17.62500
112.463,17.75000
112.513,17.37500
112.564,17.75000
112.615,17.75000
112.666,17.62500
112.716,17.50000
112.767,17.50000
112.818,17.62500
112.868,17.50000
112.919,17.50000
112.970,17.50000
113.021,17.37500
113.071,17.50000
113.122,17.37500
113.173,17.50000
113.223,17.50000
113.274,17.50000
113.325,17.50000
113.375,17.50000
113.426,17.37500
113.477,17.50000
113.527,17.37500
113.578,17.37500
113.628,17.25000
113.679,17.25000
113.730,17.25000
113.780,17.25000
113.831,17.37500
113.882,17.25000
113.932,17.25000
113.983,17.25000
114.034,17.25000
114.084,17.00000
114.135,17.00000
114.186,17.25000
114.236,17.12500
114.287,17.12500
114.338,17.25000
114.388,17.12500
114.439,17.12500
114.490,17.00000
114.540,17.12500
114.591,17.12500
114.642,17.00000
114.692,17.00000
114.743,17.12500
114.793,17.00000
114.844,17.12500
114.895,17.00000
114.945,17.00000
114.996,17.00000
115.047,17.00000
115.097,17.00000
115.148,17.12500
115.199,17.00000
115.249,16.87500
115.300,17.00000
115.351,17.00000
115.401,17.00000
115.452,16.87500
115.503,16.87500
115.553,16.75000
115.604,16.75000
115.655,16.75000
115.705,16.75000
115.756,16.62500
115.807,16.75000
115.857,16.87500
115.908,16.75000
115.958,16.75000
116.009,16.62500
116.060,16.75000
116.110,16.87500
116.161,16.75000
116.212,16.75000
116.262,16.75000
116.313,16.75000
116.364,16.62500
116.414,16.75000
116.465,16.50000
116.516,16.50000
116.566,16.62500
116.617,16.50000
116.667,16.50000
116.718,16.50000
116.769,16.50000
116.819,16.37500
116.870,16.37500
116.921,16.25000
116.971,16.37500
117.022,16.50000
117.073,16.37500
117.123,16.37500
117.174,16.37500
117.225,16.25000
117.275,16.37500
117.326,16.37500
117.377,16.25000
117.427,16.25000
117.478,16.25000
117.528,16.25000
117.579,16.37500
117.630,16.37500
117.680,16.37500
117.731,16.25000
117.782,16.25000
117.832,16.37500
117.883,16.37500
117.934,16.37500
117.984,16.25000
118.035,16.25000
118.086,16.25000
118.136,16.50000
118.187,16.25000
118.238,16.12500
118.288,16.37500
118.339,16.25000
118.389,16.37500
118.440,16.12500
118.491,16.25000
118.541,16.00000
118.592,16.00000
118.643,16.12500
118.693,16.00000
118.744,16.12500
118.795,16.00000
118.845,16.12500
118.896,16.12500
118.947,16.25000
118.997,16.12500
119.048,16.12500
119.098,16.00000
119.149,16.12500
119.200,16.12500
119.250,16.12500
119.301,16.00000
119.352,16.12500
119.402,16.12500
119.453,16.00000
119.504,16.12500
119.555,16.12500
119.605,16.00000
119.656,16.00000
119.707,16.00000
119.757,16.12500
119.808,16.00000
119.858,16.00000
119.909,16.00000
119.960,15.87500
