time(s),mvs
0.000,-1481.00000
0.051,-54.75000
0.101,-54.62500
0.152,-54.62500
0.203,-54.62500
0.253,-54.50000
0.304,-54.50000
0.355,-53.87500
0.405,-53.75000
0.456,-53.75000
0.506,-53.62500
0.557,-53.50000
0.608,-53.25000
0.658,-53.37500
0.709,-53.25000
0.760,-52.75000
0.810,-52.50000
0.861,-52.75000
0.912,-52.37500
0.962,-52.37500
1.013,-52.12500
1.063,-52.12500
1.114,-52.12500
1.165,-51.62500
1.215,-51.75000
1.266,-51.50000
1.317,-51.37500
1.367,-51.25000
1.418,-51.25000
1.469,-50.75000
1.519,-50.75000
1.570,-50.62500
1.620,-50.62500
1.739,-50.25000
1.790,-50.25000
1.841,-50.25000
1.891,-49.87500
1.942,-49.62500
1.993,-49.62500
2.043,-49.50000
2.094,-49.37500
2.145,-49.37500
2.195,-49.37500
2.246,-49.12500
2.296,-49.00000
2.347,-49.00000
2.398,-48.62500
2.448,-48.50000
2.499,-48.50000
2.550,-48.37500
2.600,-48.37500
2.651,-48.25000
2.702,-47.87500
2.752,-47.75000
2.803,-47.62500
2.854,-47.75000
2.904,-47.50000
2.955,-47.50000
3.005,-47.37500
3.056,-47.25000
3.107,-47.12500
3.157,-46.75000
3.208,-46.62500
3.259,-46.62500
3.309,-46.62500
3.360,-46.50000
3.411,-46.50000
3.461,-46.25000
3.512,-45.87500
3.563,-45.75000
3.613,-45.75000
3.664,-45.62500
3.715,-45.62500
3.765,-45.62500
3.816,-45.37500
3.866,-45.12500
3.917,-45.00000
3.968,-44.87500
4.018,-44.87500
4.069,-44.75000
4.120,-44.75000
4.170,-44.50000
4.221,-44.37500
4.272,-44.25000
4.322,-43.75000
4.373,-43.87500
4.424,-44.12500
4.474,-43.87500
4.525,-43.87500
4.576,-43.75000
4.626,-43.25000
4.677,-43.25000
4.728,-43.25000
4.778,-43.12500
4.829,-43.00000
4.880,-43.12500
4.930,-43.00000
4.981,-42.75000
5.032,-42.50000
5.082,-42.37500
5.133,-42.37500
5.184,-42.37500
5.234,-42.25000
5.285,-42.25000
5.336,-42.00000
5.386,-41.87500
5.437,-41.50000
5.488,-41.37500
5.538,-41.50000
5.589,-41.37500
5.640,-41.37500
5.690,-41.25000
5.741,-40.87500
5.792,-40.87500
5.842,-41.00000
5.893,-40.62500
5.944,-40.62500
5.994,-40.62500
6.045,-40.50000
6.096,-40.50000
6.146,-40.37500
6.197,-40.12500
6.248,-39.87500
6.298,-40.00000
6.349,-39.87500
6.400,-39.75000
6.450,-39.75000
6.501,-39.62500
6.552,-39.25000
6.602,-39.37500
6.653,-39.12500
6.704,-39.12500
6.754,-39.25000
6.805,-39.12500
6.856,-38.87500
6.906,-38.75000
6.957,-38.87500
7.007,-38.25000
7.058,-38.50000
7.109,-38.25000
7.159,-38.37500
7.210,-38.25000
7.261,-38.25000
7.311,-38.12500
7.362,-37.75000
7.413,-38.00000
7.464,-37.75000
7.514,-37.50000
7.565,-37.50000
7.616,-37.50000
7.666,-37.25000
7.717,-37.12500
7.768,-37.00000
7.818,-37.00000
7.869,-37.00000
7.920,-36.87500
7.970,-36.75000
8.021,-36.75000
8.072,-36.50000
8.122,-36.37500
8.173,-36.25000
8.224,-36.37500
8.274,-36.25000
8.325,-36.25000
8.376,-36.12500
8.426,-35.75000
8.477,-35.75000
8.528,-35.62500
8.578,-35.50000
8.629,-35.37500
8.680,-35.50000
8.730,-35.37500
8.781,-35.12500
8.832,-35.12500
8.882,-34.87500
8.933,-34.87500
8.984,-34.87500
9.035,-35.00000
9.085,-34.75000
9.136,-34.75000
9.187,-34.62500
9.237,-34.25000
9.288,-34.12500
9.339,-34.25000
9.389,-34.12500
9.440,-34.12500
9.491,-34.00000
9.541,-33.75000
9.592,-33.75000
9.643,-33.50000
9.693,-33.37500
9.744,-33.25000
9.795,-33.37500
9.845,-33.37500
9.896,-33.25000
9.947,-33.37500
9.997,-32.87500
10.048,-32.75000
10.099,-32.87500
10.149,-32.75000
10.200,-32.62500
10.251,-32.75000
10.301,-32.62500
10.352,-32.37500
10.403,-32.12500
10.453,-32.12500
10.504,-32.12500
10.555,-32.25000
10.605,-32.12500
10.656,-32.00000
10.707,-31.75000
10.758,-32.00000
10.808,-31.62500
10.859,-31.37500
10.910,-31.62500
10.960,-31.50000
11.011,-31.37500
11.062,-31.25000
11.112,-31.25000
11.163,-30.75000
11.214,-30.87500
11.264,-30.87500
11.315,-30.87500
11.366,-30.50000
11.416,-30.75000
11.467,-30.50000
11.518,-30.37500
11.568,-30.25000
11.619,-30.12500
11.670,-30.25000
11.720,-30.25000
11.771,-30.12500
11.822,-30.12500
11.872,-30.12500
11.923,-29.62500
11.973,-29.62500
12.024,-29.62500
12.075,-29.50000
12.125,-29.75000
12.176,-29.50000
12.227,-29.25000
12.277,-29.25000
12.328,-29.12500
12.379,-28.87500
12.429,-28.75000
12.480,-29.00000
12.531,-29.12500
12.581,-28.87500
12.632,-28.75000
12.683,-28.50000
12.733,-28.50000
12.784,-28.37500
12.835,-28.25000
12.886,-28.37500
12.936,-28.37500
12.987,-28.25000
13.038,-28.00000
13.088,-27.87500
13.139,-27.75000
13.190,-27.87500
13.241,-28.00000
13.291,-27.75000
13.342,-27.75000
13.393,-27.62500
13.443,-27.25000
13.494,-27.25000
13.545,-27.25000
13.596,-27.12500
13.646,-27.12500
13.697,-27.12500
13.748,-27.12500
13.798,-26.75000
13.849,-26.50000
13.900,-26.75000
13.951,-26.62500
14.001,-26.62500
14.052,-26.62500
14.103,-26.37500
14.154,-26.25000
14.204,-26.25000
14.255,-26.12500
14.306,-26.12500
14.356,-26.12500
14.407,-26.12500
14.458,-25.87500
14.509,-25.87500
14.559,-25.62500
14.610,-25.50000
14.661,-25.50000
14.711,-25.37500
14.762,-25.37500
14.813,-25.37500
14.864,-25.37500
14.914,-25.12500
14.965,-25.12500
time(s),mvs
0.000,-1.62500
0.051,-1.62500
0.101,-1.62500
0.152,-1.12500
0.203,-1.12500
0.253,-1.25000
0.304,-1.25000
0.355,-1.25000
0.406,-1.25000
0.456,-0.87500
0.507,-1.00000
0.558,-1.00000
0.608,-0.87500
0.659,-1.12500
0.710,-1.12500
0.760,-0.87500
0.811,-0.50000
0.862,-0.62500
0.912,-0.50000
0.963,-0.50000
1.014,-0.75000
1.064,-0.62500
1.115,-0.37500
1.166,-0.62500
1.217,-0.12500
1.267,-0.25000
1.318,-0.12500
1.369,-0.25000
1.419,-0.37500
1.470,-0.37500
1.521,-0.25000
1.571,0.00000
1.622,0.00000
1.738,0.00000
1.788,0.25000
1.839,-0.12500
1.890,0.00000
1.940,0.00000
1.991,0.12500
2.042,0.37500
2.093,0.25000
2.143,0.25000
2.194,0.37500
2.245,0.37500
2.295,0.25000
2.346,0.37500
2.397,0.50000
2.447,0.37500
2.498,0.62500
2.549,0.75000
2.599,0.37500
2.650,0.75000
2.701,0.62500
2.751,0.62500
2.802,0.62500
2.853,1.00000
2.904,1.00000
2.954,0.87500
3.005,0.87500
3.056,0.75000
3.106,0.87500
3.157,1.12500
3.208,0.87500
3.258,1.25000
3.309,1.37500
3.360,1.37500
3.410,1.25000
3.461,1.12500
3.512,1.25000
3.563,1.25000
3.613,1.62500
3.664,1.62500
3.715,1.50000
3.765,1.62500
3.816,1.50000
3.867,1.37500
3.917,1.50000
3.968,1.62500
4.019,1.75000
4.069,1.87500
4.120,2.00000
4.171,1.87500
4.222,1.87500
4.272,1.87500
4.323,2.00000
4.374,2.12500
4.424,2.12500
4.475,2.12500
4.526,2.12500
4.576,2.00000
4.627,2.00000
4.678,2.12500
4.728,2.37500
4.779,2.37500
4.830,2.50000
4.881,2.50000
4.931,2.25000
4.982,2.37500
5.033,2.37500
5.083,2.50000
5.134,2.50000
5.185,2.62500
5.236,2.75000
5.286,2.62500
5.337,2.75000
5.388,2.62500
5.438,2.75000
5.489,3.25000
5.540,3.12500
5.591,3.12500
5.641,3.00000
5.692,3.12500
5.743,3.12500
5.794,3.12500
5.844,3.25000
5.895,3.25000
5.946,3.37500
5.996,3.50000
6.047,3.25000
6.098,3.25000
6.149,3.37500
6.199,3.37500
6.250,3.62500
6.301,3.50000
6.351,3.62500
6.402,3.62500
6.453,3.75000
6.504,3.50000
6.554,3.62500
6.605,3.87500
6.656,3.87500
6.706,4.00000
6.757,4.00000
6.808,3.87500
6.859,4.00000
6.909,4.00000
6.960,4.00000
7.011,4.00000
7.062,4.25000
7.112,4.37500
7.163,4.12500
7.214,4.12500
7.264,4.12500
7.315,4.12500
7.366,4.37500
7.417,4.37500
7.467,4.50000
7.518,4.50000
7.569,4.50000
7.619,4.37500
7.670,4.50000
7.721,4.50000
7.772,4.50000
7.822,4.87500
7.873,4.87500
7.924,4.75000
7.974,4.87500
8.025,4.75000
8.076,4.75000
8.127,4.75000
8.177,5.00000
8.228,5.00000
8.279,5.00000
8.329,5.12500
8.380,4.87500
8.431,5.00000
8.482,5.12500
8.532,5.12500
8.583,5.37500
8.634,5.62500
8.684,5.37500
8.735,5.37500
8.786,5.37500
8.837,5.37500
8.887,5.37500
8.938,5.37500
8.989,5.62500
9.040,5.50000
9.090,5.75000
9.141,5.62500
9.192,5.62500
9.242,5.62500
9.293,5.87500
9.344,5.87500
9.395,6.12500
9.445,6.12500
9.496,6.00000
9.547,6.00000
9.597,5.87500
9.648,6.00000
9.699,6.37500
9.750,6.25000
9.800,6.12500
9.851,6.25000
9.902,6.12500
9.952,6.25000
10.003,6.12500
10.054,6.37500
10.105,6.37500
10.155,6.62500
10.206,6.62500
10.257,6.50000
10.307,6.50000
10.358,6.50000
10.409,6.62500
10.460,6.87500
10.510,6.75000
10.561,6.75000
10.612,6.75000
10.663,6.87500
10.713,6.75000
10.764,6.75000
10.815,7.00000
10.865,6.87500
10.916,7.25000
10.967,7.25000
11.018,7.12500
11.068,7.00000
11.119,7.12500
11.170,7.12500
11.220,7.12500
11.271,7.50000
11.322,7.50000
11.373,7.25000
11.423,7.25000
11.474,7.25000
11.525,7.37500
11.575,7.50000
11.626,7.50000
11.677,7.62500
11.728,7.50000
11.778,7.50000
11.829,7.62500
11.880,7.62500
11.930,7.62500
11.981,7.75000
12.032,7.75000
12.083,7.87500
12.133,7.75000
12.184,7.75000
12.235,7.75000
12.285,7.75000
12.336,8.00000
12.387,8.12500
12.438,8.25000
12.488,8.25000
12.539,8.37500
12.590,8.12500
12.641,8.12500
12.691,8.25000
12.742,8.25000
12.793,8.50000
12.843,8.37500
12.894,8.37500
12.945,8.37500
12.996,8.37500
13.046,8.37500
13.097,8.37500
13.148,8.75000
13.198,8.87500
13.249,8.75000
13.300,8.75000
13.351,8.62500
13.401,8.62500
13.452,8.87500
13.503,8.75000
13.553,9.00000
13.604,9.00000
13.655,8.75000
13.706,8.87500
13.756,8.87500
13.807,8.75000
13.858,9.00000
13.909,9.25000
13.959,9.37500
14.010,9.00000
14.061,9.12500
14.111,9.00000
14.162,9.12500
14.213,9.37500
14.264,9.25000
14.314,9.37500
14.365,9.37500
14.416,9.50000
14.466,9.37500
14.517,9.50000
14.568,9.50000
14.619,9.50000
14.669,9.75000
14.720,9.75000
14.771,9.62500
14.821,9.87500
14.872,9.62500
14.923,9.75000
14.974,9.75000
