time(s),mvs,
0.000,-108.37500,
0.201,-108.75000,
0.401,-109.00000,
0.602,-109.62500,
0.803,-109.62500,
1.003,194.75000,
1.204,220.00000,
1.405,206.25000,
1.605,187.00000,
1.806,176.37500,
2.006,167.25000,
2.207,159.00000,
2.408,152.12500,
2.608,145.00000,
2.809,145.50000,
3.010,141.37500,
3.210,136.25000,
3.411,132.62500,
3.612,131.25000,
3.812,130.12500,
4.013,129.87500,
4.214,129.50000,
4.414,129.25000,
4.615,128.37500,
4.816,126.75000,
5.017,125.12500,
5.217,122.62500,
5.418,119.87500,
5.619,117.37500,
5.820,115.37500,
6.020,113.50000,
6.221,111.50000,
6.422,109.25000,
6.623,107.37500,
6.823,105.75000,
7.024,104.12500,
7.225,102.50000,
7.426,100.75000,
7.627,98.75000,
7.827,97.12500,
8.028,95.37500,
8.229,94.12500,
8.430,92.12500,
8.630,90.62500,
8.831,88.75000,
9.032,87.12500,
9.233,85.37500,
9.433,83.87500,
9.634,82.12500,
9.835,80.50000,
10.036,79.00000,
10.236,77.12500,
10.437,75.37500,
10.638,73.62500,
10.839,72.00000,
11.039,70.37500,
11.240,68.37500,
11.441,66.62500,
11.642,65.00000,
11.842,63.50000,
12.043,61.87500,
12.244,60.12500,
12.445,58.50000,
12.645,56.75000,
12.846,55.25000,
13.047,53.50000,
13.248,52.00000,
13.448,50.12500,
13.649,48.37500,
13.850,46.75000,
14.050,45.00000,
14.251,43.62500,
14.452,41.62500,
14.652,39.87500,
14.853,38.25000,
15.054,36.75000,
15.254,34.87500,
15.455,33.37500,
15.656,31.62500,
15.856,30.00000,
16.057,28.00000,
16.258,26.50000,
16.458,24.75000,
16.659,23.00000,
16.860,21.37500,
17.060,19.50000,
17.261,18.00000,
17.461,16.37500,
17.662,14.62500,
17.863,13.00000,
18.063,11.00000,
18.264,9.62500,
18.465,7.75000,
18.665,6.25000,
18.866,4.37500,
19.067,2.62500,
19.267,1.25000,
19.468,-0.50000,
19.669,-2.00000,
19.870,-3.62500,
20.070,-5.37500,
20.271,-6.75000,
20.472,-8.62500,
20.672,-10.12500,
20.873,-11.62500,
21.074,-13.25000,
21.274,-15.00000,
21.475,-16.12500,
21.676,-17.75000,
21.876,-19.25000,
22.077,-20.75000,
22.278,-22.00000,
22.478,-23.50000,
22.679,-25.00000,
22.880,-26.50000,
23.080,-28.00000,
23.281,-29.25000,
23.482,-30.62500,
23.682,-31.87500,
23.883,-33.50000,
24.084,-34.75000,
24.284,-36.00000,
24.485,-37.25000,
24.686,-38.62500,
24.886,-39.87500,
25.087,-41.00000,
25.288,-42.50000,
25.488,-43.62500,
25.689,-44.87500,
25.890,-45.87500,
26.091,-47.25000,
26.291,-48.37500,
26.492,-49.62500,
26.693,-50.87500,
26.893,-51.87500,
27.094,-52.75000,
27.295,-53.87500,
27.495,-55.25000,
27.696,-56.25000,
27.897,-57.25000,
28.097,-58.50000,
28.298,-59.62500,
28.499,-60.50000,
28.699,-61.37500,
28.900,-62.37500,
29.101,-63.62500,
29.301,-64.37500,
29.502,-65.37500,
29.703,-66.25000,
29.903,-67.37500,
30.104,-68.00000,
30.305,-69.12500,
30.505,-70.12500,
30.706,-70.87500,
30.907,-71.62500,
31.107,-72.75000,
31.308,-73.25000,
31.509,-74.12500,
31.709,-75.00000,
31.910,-75.62500,
32.111,-76.50000,
32.311,-77.12500,
32.512,-77.87500,
32.713,-78.87500,
32.914,-79.37500,
33.114,-80.37500,
33.315,-80.75000,
33.516,-81.75000,
33.716,-82.37500,
33.917,-82.87500,
34.118,-83.50000,
34.318,-84.12500,
34.519,-84.62500,
34.720,-85.37500,
34.920,-85.87500,
35.121,-86.62500,
35.322,-86.75000,
35.522,-87.50000,
35.723,-88.00000,
35.924,-88.50000,
36.124,-89.12500,
36.325,-89.50000,
36.526,-90.25000,
36.726,-90.62500,
36.927,-91.12500,
37.128,-91.62500,
37.328,-92.00000,
37.529,-92.50000,
37.730,-93.00000,
37.930,-93.37500,
38.131,-93.87500,
38.332,-94.00000,
38.532,-94.62500,
38.733,-95.12500,
38.934,-95.12500,
39.134,-95.62500,
39.335,-96.25000,
39.536,-96.37500,
39.736,-96.50000,
39.937,-97.12500,
40.138,-97.37500,
40.339,-97.50000,
40.539,-98.00000,
40.740,-98.12500,
40.941,-98.50000,
41.141,-99.00000,
41.342,-99.00000,
41.543,-99.25000,
41.743,-99.62500,
41.944,-99.87500,
42.145,-100.00000,
42.345,-100.25000,
42.546,-100.50000,
42.747,-100.75000,
42.947,-101.00000,
43.148,-101.25000,
43.349,-101.50000,
43.549,-101.62500,
43.750,-101.87500,
43.951,-102.00000,
44.151,-102.12500,
44.352,-102.50000,
44.553,-102.50000,
44.753,-102.75000,
44.954,-103.12500,
45.155,-103.12500,
45.355,-103.37500,
45.556,-103.37500,
45.757,-103.50000,
45.957,-103.75000,
46.158,-103.87500,
46.359,-104.12500,
46.559,-104.00000,
46.760,-104.37500,
46.961,-104.50000,
47.161,-104.50000,
47.362,-104.87500,
47.563,-105.00000,
47.763,-105.00000,
47.964,-105.25000,
48.165,-105.12500,
48.366,-105.37500,
48.566,-105.12500,
48.767,-105.62500,
48.968,-105.62500,
49.169,-105.50000,
49.369,-105.75000,
49.570,-105.87500,
49.771,-106.00000,
49.972,-106.25000,
50.172,-106.25000,
50.373,-106.62500,
50.574,-106.37500,
50.775,-106.25000,
50.975,-106.75000,
51.176,-106.87500,
51.377,-106.75000,
51.577,-107.00000,
51.778,-106.87500,
51.979,-107.00000,
52.179,-107.12500,
52.380,-107.00000,
52.581,-107.12500,
52.781,-107.37500,
52.982,-107.25000,
53.183,-107.37500,
53.384,-107.62500,
53.584,-108.00000,
53.785,-107.75000,
53.986,-107.50000,
54.186,-107.62500,
54.387,-107.87500,
54.588,-107.87500,
54.788,-108.00000,
54.989,-108.12500,
55.190,-108.37500,
55.390,-108.25000,
55.591,-108.12500,
55.792,-108.25000,
55.992,-108.12500,
56.193,-108.37500,
56.394,-108.37500,
56.595,-108.12500,
56.795,-108.50000,
56.996,-108.62500,
57.197,-108.62500,
57.397,-108.75000,
57.598,-108.62500,
57.799,-108.75000,
57.999,-108.75000,
58.200,-108.75000,
58.401,-108.87500,
58.601,-108.87500,
58.802,-109.00000,
59.003,-109.12500,
59.203,-109.12500,
59.404,-109.00000,
59.605,-109.00000,
59.805,-109.37500,
60.006,-109.25000,
60.207,-109.25000,
60.407,-109.37500,
60.608,-109.37500,
60.809,-109.50000,
61.009,-109.50000,
61.210,-109.62500,
61.411,-109.50000,
61.611,-109.50000,
61.812,-109.50000,
62.013,-109.75000,
62.213,-109.50000,
62.414,-109.62500,
62.615,-109.75000,
62.816,-110.00000,
63.016,-110.00000,
63.217,-109.87500,
63.418,-109.87500,
63.619,-110.25000,
63.820,-110.25000,
64.020,-109.87500,
64.221,-110.00000,
64.422,-110.25000,
64.622,-110.25000,
64.823,-110.25000,
65.024,-110.25000,
65.225,-110.00000,
65.425,-110.25000,
65.626,-110.37500,
65.827,-110.37500,
66.028,-110.50000,
66.228,-110.62500,
66.429,-110.25000,
66.630,-110.50000,
66.831,-110.50000,
67.031,-110.75000,
67.232,-110.75000,
67.433,-110.62500,
67.634,-110.50000,
67.834,-110.87500,
68.035,-110.87500,
68.236,-110.87500,
68.437,-110.87500,
68.637,-110.75000,
68.838,-111.00000,
69.039,-110.75000,
69.240,-110.75000,
69.440,-110.62500,
69.641,-110.87500,
69.842,-110.87500,
70.043,-111.12500,
70.243,-110.87500,
70.444,-110.87500,
70.645,-110.87500,
70.846,-111.12500,
71.046,-111.25000,
71.247,-111.25000,
71.448,-111.25000,
71.649,-111.37500,
71.849,-111.25000,
72.050,-111.37500,
72.251,-111.37500,
72.452,-111.25000,
72.652,-111.62500,
72.853,-111.62500,
73.054,-111.37500,
73.255,-111.25000,
73.455,-111.62500,
73.656,-111.62500,
73.857,-111.50000,
74.058,-111.50000,
74.258,-111.50000,
74.459,-111.37500,
74.660,-111.62500,
74.861,-111.75000,
75.061,-111.62500,
75.262,-111.62500,
75.463,-111.87500,
75.664,-112.00000,
75.864,-111.75000,
76.065,-111.62500,
76.266,-111.62500,
76.467,-111.75000,
76.667,-111.87500,
76.868,-111.87500,
77.069,-111.75000,
77.270,-111.87500,
77.470,-111.75000,
77.671,-111.75000,
77.872,-112.00000,
78.073,-112.12500,
78.273,-111.87500,
78.474,-111.87500,
78.675,-112.00000,
78.876,-112.12500,
79.076,-112.00000,
79.277,-112.12500,
79.478,-112.25000,
79.679,-112.12500,
79.879,-112.37500,
80.080,-112.25000,
80.281,-112.12500,
80.482,-112.37500,
80.682,-112.50000,
80.883,-112.50000,
81.084,-112.37500,
81.285,-112.25000,
81.485,-112.50000,
81.686,-112.50000,
81.887,-112.50000,
82.087,-112.50000,
82.288,-112.37500,
82.489,-112.50000,
82.690,-112.50000,
82.890,-112.62500,
83.091,-112.50000,
83.292,-112.75000,
83.492,-112.62500,
83.693,-112.62500,
83.894,-112.50000,
84.094,-112.62500,
84.295,-112.62500,
84.496,-112.62500,
84.696,-112.75000,
84.897,-112.75000,
85.098,-112.75000,
85.299,-112.87500,
85.500,-112.75000,
85.700,-112.75000,
85.901,-112.62500,
86.102,-112.75000,
86.303,-112.62500,
86.503,-112.75000,
86.704,-112.87500,
86.905,-112.87500,
87.106,-113.00000,
87.306,-112.75000,
87.507,-113.00000,
87.708,-113.00000,
87.909,-113.00000,
88.109,-113.00000,
88.310,-112.87500,
88.511,-112.87500,
88.712,-113.00000,
88.912,-113.12500,
89.113,-112.87500,
89.314,-113.12500,
89.515,-113.00000,
89.715,-113.12500,
89.916,-113.12500,
90.117,-113.00000,
90.318,-113.00000,
90.518,-113.12500,
90.719,-113.12500,
90.920,-113.25000,
91.121,-113.37500,
91.321,-113.12500,
91.522,-113.12500,
91.723,-113.12500,
91.924,-113.37500,
92.124,-113.25000,
92.325,-113.12500,
92.526,-113.25000,
92.727,-113.37500,
92.927,-113.25000,
93.128,-113.37500,
93.329,-113.37500,
93.530,-113.37500,
93.730,-113.50000,
93.931,-113.37500,
94.132,-113.50000,
94.333,-113.62500,
94.534,-113.75000,
94.734,-113.62500,
94.935,-113.50000,
95.136,-113.62500,
95.337,-113.75000,
95.537,-113.50000,
95.738,-113.62500,
95.939,-113.50000,
96.140,-113.62500,
96.340,-113.62500,
96.541,-113.75000,
96.742,-113.75000,
96.943,-113.62500,
97.143,-113.75000,
97.344,-113.87500,
97.545,-113.50000,
97.746,-113.75000,
97.946,-113.75000,
98.147,-113.87500,
98.348,-113.75000,
98.549,-113.75000,
98.750,-113.87500,
98.950,-113.87500,
99.151,-114.00000,
99.352,-113.87500,
99.552,-114.12500,
99.753,-114.00000,
99.954,-113.87500,
