time(s),mvs
0.000,-77.00000
0.103,-77.00000
0.154,-77.00000
0.205,-76.87500
0.256,-76.87500
0.306,-77.00000
0.362,-77.12500
0.414,-77.12500
0.465,-77.00000
0.515,-77.00000
0.567,-76.87500
0.618,-76.87500
0.670,-77.25000
0.721,-77.25000
0.772,-77.37500
0.823,-77.25000
0.873,-77.00000
0.924,-77.00000
0.975,-77.12500
1.026,-77.12500
1.076,9.37500
1.127,178.12500
1.178,251.50000
1.229,269.25000
1.280,280.50000
1.331,282.87500
1.382,282.37500
1.432,282.12500
1.483,281.62500
1.534,282.87500
1.585,285.62500
1.636,287.12500
1.688,288.50000
1.739,287.75000
1.791,292.37500
1.842,294.62500
1.893,291.62500
1.943,288.12500
1.994,285.25000
2.045,285.87500
2.095,284.87500
2.146,284.37500
2.197,283.87500
2.247,282.87500
2.298,281.25000
2.349,278.75000
2.400,276.12500
2.452,272.62500
2.503,270.00000
2.557,267.75000
2.611,267.50000
2.661,268.62500
2.712,266.87500
2.763,264.75000
2.813,262.62500
2.864,260.00000
2.915,256.12500
2.966,252.37500
3.016,248.25000
3.069,245.00000
3.121,241.62500
3.172,238.50000
3.223,235.50000
3.273,232.50000
3.324,228.87500
3.375,226.00000
3.426,222.37500
3.476,219.75000
3.527,216.62500
3.578,214.00000
3.628,211.25000
3.679,209.12500
3.730,206.50000
3.781,204.37500
3.831,202.25000
3.882,200.50000
3.933,198.87500
3.983,197.25000
4.035,195.62500
4.087,194.00000
4.138,192.37500
4.189,191.12500
4.239,190.00000
4.290,188.50000
4.341,187.62500
4.392,186.87500
4.442,186.00000
4.493,184.75000
4.544,184.00000
4.595,183.00000
4.645,182.25000
4.696,181.50000
4.747,180.87500
4.798,180.25000
4.849,179.75000
4.899,179.12500
4.951,178.37500
5.001,177.87500
5.053,177.12500
5.104,176.75000
5.155,176.12500
5.205,175.62500
5.256,175.50000
5.307,175.00000
5.358,174.50000
5.409,174.12500
5.459,173.62500
5.510,173.25000
5.561,172.87500
5.612,172.37500
5.662,172.37500
5.713,172.00000
5.764,171.75000
5.815,171.37500
5.865,171.25000
5.917,170.62500
5.968,170.50000
6.020,170.00000
6.071,170.00000
6.122,169.62500
6.172,169.25000
6.223,169.12500
6.274,168.75000
6.325,168.37500
6.379,168.12500
6.432,168.25000
6.484,167.87500
6.535,167.75000
6.587,167.25000
6.640,166.87500
6.691,166.75000
6.741,166.50000
6.792,166.37500
6.843,166.25000
6.894,166.00000
6.944,165.87500
6.995,165.87500
7.046,165.37500
7.096,165.25000
7.147,165.12500
7.198,165.00000
7.249,165.00000
7.299,164.87500
7.350,164.50000
7.401,164.37500
7.452,164.12500
7.503,163.75000
7.553,163.62500
7.604,163.37500
7.655,163.12500
7.706,163.25000
7.756,163.12500
7.807,163.00000
7.858,162.87500
7.909,162.62500
7.961,162.50000
8.011,162.25000
8.062,162.12500
8.113,162.12500
8.165,162.00000
8.216,161.87500
8.267,161.87500
8.319,161.37500
8.370,161.37500
8.421,161.12500
8.472,160.87500
8.522,161.00000
8.573,160.87500
8.624,160.75000
8.675,160.62500
8.725,160.12500
8.776,160.00000
8.827,160.00000
8.877,159.75000
8.928,159.50000
8.979,159.62500
9.030,159.50000
9.081,159.50000
9.133,159.12500
9.185,159.00000
9.236,158.87500
9.289,158.75000
9.340,158.87500
9.390,158.62500
9.441,158.62500
9.492,158.25000
9.543,158.00000
9.593,158.00000
9.644,158.00000
9.695,157.87500
9.745,157.87500
9.796,157.87500
9.847,157.75000
9.899,157.62500
9.950,157.50000
10.000,157.37500
10.052,157.25000
10.103,157.12500
10.153,157.12500
10.204,157.37500
10.255,157.12500
10.306,156.87500
10.356,157.00000
10.407,156.75000
10.458,156.62500
10.509,156.37500
10.559,156.37500
10.610,156.50000
10.661,156.37500
10.711,156.12500
10.762,155.87500
10.813,155.87500
10.864,155.62500
10.914,155.50000
10.965,155.37500
11.017,155.25000
11.068,155.37500
11.119,155.12500
11.169,155.00000
11.220,154.87500
11.271,154.62500
11.322,154.50000
11.373,154.37500
11.424,154.12500
11.475,154.37500
11.526,154.12500
11.577,153.87500
11.627,153.87500
11.678,153.62500
11.729,153.50000
11.780,153.37500
11.830,153.12500
11.881,153.12500
11.932,153.25000
11.984,153.00000
12.035,152.87500
12.086,152.75000
12.137,152.50000
12.187,152.37500
12.238,152.12500
12.289,152.00000
12.340,152.25000
12.391,152.00000
12.441,151.87500
12.492,151.75000
12.543,151.50000
12.594,151.37500
12.644,151.37500
12.695,151.12500
12.746,150.87500
12.797,151.12500
12.848,151.00000
12.899,150.87500
12.951,150.50000
13.001,150.37500
13.052,150.25000
13.103,150.12500
13.154,150.00000
13.205,150.12500
13.255,149.87500
13.306,149.62500
13.357,149.50000
13.408,149.25000
13.458,149.12500
13.509,148.87500
13.560,149.00000
13.610,149.00000
13.661,148.87500
13.712,148.75000
13.763,148.50000
13.814,148.50000
13.865,148.12500
13.917,148.12500
13.967,148.00000
14.018,147.87500
14.069,147.87500
14.120,147.75000
14.170,147.37500
14.221,147.37500
14.272,147.00000
14.323,147.00000
14.375,146.87500
14.425,146.75000
14.476,146.75000
14.527,146.75000
14.578,146.37500
14.628,146.25000
14.679,146.00000
14.730,145.87500
14.781,145.87500
14.832,145.87500
14.883,145.75000
14.937,145.62500
14.987,145.25000
15.039,145.12500
15.090,145.00000
15.141,144.87500
15.191,144.87500
15.242,144.75000
15.293,144.87500
15.344,144.75000
15.394,144.37500
15.446,144.12500
15.497,143.87500
15.547,143.87500
15.598,143.87500
15.649,143.75000
15.700,143.62500
15.751,143.62500
15.802,143.37500
15.852,143.12500
15.903,143.00000
15.954,142.87500
16.005,142.62500
16.056,142.87500
16.106,142.50000
16.157,142.62500
16.208,143.00000
16.259,142.25000
16.309,142.25000
16.360,142.25000
16.411,141.87500
16.462,142.00000
16.513,141.87500
16.564,141.62500
16.616,141.62500
16.666,141.37500
16.717,141.25000
16.768,141.12500
16.818,141.12500
16.869,140.87500
16.920,141.00000
16.971,140.87500
17.022,140.62500
17.072,140.50000
17.123,140.25000
17.174,140.12500
17.224,140.00000
17.275,140.00000
17.326,139.87500
17.377,139.87500
17.427,139.75000
17.478,139.50000
17.529,139.37500
17.582,139.12500
17.632,139.25000
17.683,138.87500
17.735,139.00000
17.786,138.87500
17.837,138.62500
17.888,138.50000
17.938,138.25000
17.989,138.25000
18.040,138.12500
18.091,137.87500
18.141,137.87500
18.192,137.87500
18.243,137.75000
18.293,137.37500
18.344,137.37500
18.397,137.12500
18.448,137.12500
18.499,137.12500
18.550,137.00000
18.600,137.00000
18.651,136.87500
18.702,136.62500
18.753,136.50000
18.804,136.12500
18.855,136.00000
18.906,136.12500
18.956,135.87500
19.007,135.87500
19.058,135.75000
19.109,135.37500
19.159,135.37500
19.210,135.25000
19.261,135.00000
19.314,135.12500
19.365,134.87500
19.416,135.00000
19.467,134.87500
19.517,134.50000
19.568,134.37500
19.619,134.12500
19.670,134.12500
19.721,133.87500
19.771,134.12500
19.822,133.75000
19.873,133.75000
19.923,134.00000
19.974,133.37500
20.025,133.25000
20.076,133.00000
20.126,133.00000
20.177,132.87500
20.228,132.87500
20.280,132.75000
20.331,132.75000
20.382,132.37500
20.433,132.12500
20.483,132.00000
20.534,131.87500
20.585,131.75000
20.636,131.62500
20.687,131.50000
20.737,131.62500
20.788,131.37500
20.840,131.12500
20.891,131.00000
20.941,130.75000
20.992,130.62500
21.044,130.62500
21.095,130.50000
21.147,130.50000
21.198,130.50000
21.249,130.12500
21.300,130.00000
21.351,129.87500
21.402,129.62500
21.452,129.62500
21.507,129.37500
21.557,129.37500
21.608,129.00000
21.659,128.87500
21.710,128.75000
21.761,128.62500
21.813,128.75000
21.864,128.62500
21.915,128.25000
21.965,128.12500
22.016,127.87500
22.067,127.75000
22.118,127.75000
22.169,127.62500
22.219,127.62500
22.270,127.62500
22.321,127.50000
22.372,127.12500
22.422,127.00000
22.473,126.87500
22.524,126.62500
22.575,126.50000
22.625,126.50000
22.676,126.50000
22.727,126.37500
22.780,126.00000
22.830,125.87500
22.881,125.62500
22.932,125.37500
22.982,125.50000
23.033,125.37500
23.084,125.25000
23.135,125.12500
23.186,124.75000
23.236,124.75000
23.287,124.50000
23.338,124.37500
23.389,124.00000
23.439,124.25000
23.490,124.00000
23.541,123.75000
23.592,123.75000
23.642,123.37500
23.693,123.25000
23.746,123.12500
23.797,123.00000
23.847,123.00000
23.898,122.75000
23.949,122.62500
24.001,122.50000
24.051,122.12500
24.103,122.00000
24.154,122.00000
24.204,121.75000
24.255,121.75000
24.306,121.62500
24.361,121.37500
24.412,121.12500
24.463,121.00000
24.514,121.00000
24.565,120.87500
24.616,121.00000
24.667,120.75000
24.717,120.37500
24.768,120.12500
24.819,119.87500
24.870,119.87500
24.920,119.62500
24.971,119.87500
25.022,119.50000
25.073,119.37500
25.123,119.25000
25.174,119.00000
25.225,118.75000
25.276,118.75000
25.327,118.62500
25.379,118.50000
25.430,118.50000
25.480,118.12500
25.531,118.00000
25.582,117.75000
25.633,117.62500
25.683,117.62500
25.734,117.37500
25.785,117.37500
25.836,117.25000
25.888,117.00000
25.939,116.87500
25.989,116.62500
26.040,116.50000
26.093,116.37500
26.145,116.12500
26.196,116.12500
26.246,116.12500
26.297,115.75000
26.348,115.62500
26.399,115.50000
26.449,115.25000
26.500,115.25000
26.551,115.12500
26.602,115.12500
26.653,114.75000
26.704,114.75000
26.754,114.37500
26.805,114.37500
26.856,114.00000
26.908,114.00000
26.959,113.87500
27.011,113.75000
27.062,113.50000
27.112,113.12500
27.163,113.12500
27.214,112.87500
27.265,112.75000
27.316,112.62500
27.366,112.62500
27.417,112.37500
27.468,112.25000
27.519,112.12500
27.569,111.75000
27.620,111.62500
27.671,111.50000
27.722,111.37500
27.772,111.37500
27.823,111.25000
27.875,110.87500
27.926,110.75000
27.977,110.50000
28.028,110.37500
28.079,110.25000
28.130,110.12500
28.180,109.87500
28.231,109.87500
28.282,109.75000
28.333,109.50000
28.384,109.37500
28.434,109.00000
28.485,108.87500
28.536,108.75000
28.586,108.62500
28.637,108.62500
28.688,108.50000
28.739,108.12500
28.791,108.00000
28.845,107.75000
28.895,107.62500
28.949,107.50000
29.000,107.50000
29.051,107.25000
29.101,107.00000
29.152,106.75000
29.203,106.62500
29.253,106.37500
29.304,106.25000
29.355,106.12500
29.406,105.87500
29.457,105.87500
29.508,105.62500
29.558,105.50000
29.609,105.37500
29.660,105.12500
29.711,104.75000
29.761,104.75000
29.812,104.50000
29.863,104.62500
29.914,104.37500
29.965,104.00000
30.015,103.87500
30.066,103.50000
30.117,103.37500
30.168,103.25000
30.219,103.00000
30.269,102.87500
30.320,103.00000
30.371,102.75000
30.422,102.50000
30.473,103.00000
30.524,102.00000
30.575,101.87500
30.626,101.62500
30.677,101.50000
30.727,101.50000
30.778,101.25000
30.829,101.00000
30.880,100.75000
30.931,100.75000
30.981,100.50000
31.032,100.37500
31.083,100.25000
31.134,100.00000
31.184,100.12500
31.235,99.87500
31.286,99.50000
31.337,99.37500
31.387,99.00000
31.438,98.75000
31.489,99.00000
31.542,98.62500
31.593,98.50000
31.643,98.37500
31.694,98.00000
31.745,97.87500
31.796,97.62500
31.847,97.50000
31.897,97.50000
31.948,97.37500
31.999,97.12500
32.049,96.87500
32.100,96.50000
32.151,96.37500
32.201,96.37500
32.252,96.00000
32.303,95.75000
32.354,95.75000
32.404,95.50000
32.455,95.37500
32.508,95.12500
32.559,94.87500
32.610,94.62500
32.660,94.37500
32.711,94.25000
32.762,94.25000
32.813,94.12500
32.864,94.00000
32.915,93.75000
32.966,93.37500
33.017,93.25000
33.068,93.00000
33.118,92.87500
33.169,92.87500
33.220,92.62500
33.271,92.37500
33.322,92.37500
33.374,91.87500
33.424,91.75000
33.475,91.50000
33.526,91.12500
33.577,91.12500
33.628,90.87500
33.678,90.75000
33.729,90.50000
33.780,90.62500
33.830,90.12500
33.881,90.00000
33.932,89.62500
33.983,89.50000
34.033,89.50000
34.084,89.25000
34.135,89.00000
34.185,88.87500
34.236,88.75000
34.287,88.50000
34.338,88.25000
34.389,87.87500
34.440,87.87500
34.491,87.87500
34.542,87.62500
34.593,87.50000
34.644,87.25000
34.695,87.00000
34.745,86.75000
34.796,86.50000
34.849,86.25000
34.899,86.25000
34.950,86.00000
35.001,85.87500
35.052,85.87500
35.102,85.37500
35.156,85.12500
35.207,84.87500
35.258,84.62500
35.308,84.87500
35.359,84.50000
35.410,84.25000
35.461,84.12500
35.511,83.75000
35.563,83.62500
35.613,83.25000
35.664,83.12500
35.715,83.25000
35.765,82.87500
35.816,82.62500
35.867,82.50000
35.918,82.12500
35.968,82.00000
36.019,81.75000
36.070,81.50000
36.123,81.50000
36.173,81.37500
36.224,81.12500
36.275,81.00000
36.326,80.37500
36.377,80.25000
36.428,80.00000
36.478,79.87500
36.529,79.62500
36.580,79.62500
36.631,79.50000
36.681,79.12500
36.732,79.00000
36.783,78.75000
36.833,78.50000
36.884,78.37500
36.935,77.87500
36.986,78.00000
37.037,77.87500
37.088,77.50000
37.139,77.37500
37.190,77.12500
37.240,76.87500
37.291,76.62500
37.342,76.37500
37.393,76.25000
37.443,76.12500
37.494,76.00000
37.545,75.87500
37.596,75.62500
37.647,75.25000
37.697,75.12500
37.748,74.87500
37.799,74.62500
37.850,74.50000
37.901,74.25000
37.951,74.00000
38.002,74.00000
38.053,73.62500
38.106,73.37500
38.157,72.87500
38.208,72.75000
38.258,72.87500
38.310,72.75000
38.361,72.50000
38.411,72.50000
38.462,72.25000
38.513,71.75000
38.563,71.50000
38.614,71.25000
38.665,71.12500
38.717,71.00000
38.767,71.00000
38.818,70.62500
38.869,70.62500
38.920,70.00000
38.971,70.00000
39.022,69.75000
39.073,69.62500
39.124,69.50000
39.174,69.25000
39.225,69.00000
39.276,68.75000
39.327,68.50000
39.377,68.25000
39.428,68.12500
39.479,67.75000
39.530,67.62500
39.580,67.50000
39.631,67.37500
39.682,67.12500
39.733,67.00000
39.783,66.50000
39.835,66.37500
39.886,66.25000
39.937,66.00000
39.988,66.00000
40.039,65.75000
40.090,65.62500
40.140,65.50000
40.191,65.00000
40.242,64.87500
40.293,64.62500
40.343,64.50000
40.394,64.25000
40.445,64.25000
40.496,64.12500
40.546,63.75000
40.597,63.75000
40.648,63.25000
40.699,63.00000
40.749,62.75000
40.800,62.50000
40.853,62.62500
40.905,62.50000
40.955,62.25000
41.006,62.00000
41.057,61.62500
41.107,61.37500
41.158,61.25000
41.209,61.12500
41.260,61.12500
41.311,61.00000
41.361,60.62500
41.412,60.50000
41.463,60.12500
41.514,59.87500
41.564,59.75000
41.615,59.37500
41.666,59.25000
41.717,59.25000
41.767,59.00000
41.818,58.87500
41.870,58.75000
41.921,58.37500
41.971,58.25000
42.022,58.00000
42.073,57.75000
42.125,57.87500
42.175,57.62500
42.226,57.25000
42.277,57.12500
42.327,56.75000
42.378,56.50000
42.429,56.37500
42.480,56.25000
42.530,56.00000
42.581,56.62500
42.632,55.87500
42.682,55.50000
42.734,54.87500
42.785,55.12500
42.836,54.87500
42.887,54.87500
42.938,54.62500
42.989,54.25000
43.039,54.25000
43.090,54.00000
43.141,53.62500
43.192,53.50000
43.242,53.37500
43.293,53.50000
43.344,53.37500
43.395,53.12500
43.445,52.75000
43.496,52.87500
43.547,52.37500
43.598,52.25000
43.651,52.00000
43.703,52.00000
43.754,51.75000
43.804,51.50000
43.855,51.37500
43.906,51.00000
43.957,51.00000
44.008,50.87500
44.059,50.62500
44.109,50.25000
44.160,50.50000
44.211,50.25000
44.262,50.00000
44.312,49.87500
44.363,49.50000
44.414,49.37500
44.465,49.12500
44.516,49.00000
44.567,49.12500
44.618,48.87500
44.669,48.62500
44.720,48.50000
44.770,47.50000
44.823,47.50000
44.874,47.37500
44.924,47.12500
44.975,47.25000
45.026,47.00000
45.077,47.12500
45.127,47.00000
45.178,46.62500
45.229,46.50000
45.280,46.25000
45.330,46.00000
45.381,46.00000
45.433,45.87500
45.485,45.75000
45.535,45.62500
45.586,45.12500
45.637,44.87500
45.688,44.62500
45.738,44.50000
45.789,44.37500
45.840,44.25000
45.891,44.12500
45.941,43.75000
45.992,43.62500
46.043,43.50000
46.094,43.37500
46.144,43.12500
46.195,42.87500
46.246,42.87500
46.296,42.87500
46.348,42.62500
46.399,42.37500
46.450,42.25000
46.501,42.00000
46.552,42.25000
46.603,41.87500
46.655,42.12500
46.706,42.00000
46.757,41.62500
46.808,41.50000
46.859,41.50000
46.909,41.12500
46.960,40.75000
47.011,40.62500
47.061,40.75000
47.112,40.75000
47.163,40.62500
47.214,40.25000
47.265,40.12500
47.316,39.62500
47.368,39.75000
47.419,39.62500
47.471,39.50000
47.524,39.62500
47.574,39.12500
47.625,39.12500
47.676,38.75000
47.727,38.50000
47.777,38.50000
47.828,38.25000
47.879,38.12500
47.930,38.12500
47.981,38.12500
48.031,37.62500
48.082,37.62500
48.134,37.37500
48.185,37.25000
48.236,37.12500
48.286,37.00000
48.337,36.87500
48.388,37.00000
48.439,36.87500
48.490,36.62500
48.541,36.37500
48.592,36.25000
48.642,36.00000
48.693,36.00000
48.744,35.87500
48.794,35.87500
48.845,35.87500
48.896,35.50000
48.947,35.37500
48.998,34.50000
49.049,34.37500
49.100,34.50000
49.151,34.25000
49.202,34.25000
49.253,34.12500
49.303,34.37500
49.354,34.12500
49.405,33.75000
49.456,33.25000
49.507,33.62500
49.557,33.12500
49.608,33.12500
49.659,33.37500
49.709,33.37500
49.760,32.87500
49.811,32.87500
49.863,32.50000
49.914,32.37500
49.966,32.25000
50.018,32.37500
50.069,32.37500
50.121,32.00000
50.171,31.50000
50.222,31.75000
50.273,31.12500
50.324,31.25000
50.374,31.25000
50.425,30.87500
50.477,31.12500
50.527,30.87500
50.578,30.75000
50.629,30.62500
50.680,30.62500
50.731,30.37500
50.783,30.50000
50.834,30.12500
50.885,30.00000
50.936,29.87500
50.987,29.75000
51.038,29.87500
51.089,29.62500
51.140,29.37500
51.190,29.37500
51.241,29.12500
51.292,28.87500
51.342,28.75000
51.393,28.00000
51.444,28.50000
51.495,28.62500
51.546,28.50000
51.597,28.50000
51.648,28.25000
51.699,27.87500
51.750,27.75000
51.800,27.62500
51.851,27.50000
51.902,27.62500
51.953,27.37500
52.004,27.25000
52.054,27.25000
52.105,27.12500
52.156,26.75000
52.207,26.75000
52.257,26.50000
52.308,26.50000
52.359,26.50000
52.409,26.25000
52.460,26.25000
52.511,26.12500
52.562,25.75000
52.613,25.75000
52.665,25.50000
52.716,25.37500
52.767,25.37500
52.818,25.37500
52.868,25.25000
52.920,25.12500
52.971,24.75000
53.022,24.75000
53.072,24.50000
53.123,24.25000
53.174,24.25000
53.224,24.12500
53.277,24.37500
53.329,24.12500
53.380,24.00000
53.433,23.75000
53.483,23.62500
53.534,23.50000
53.585,23.62500
53.636,23.37500
53.687,23.37500
53.738,23.25000
53.788,22.87500
53.839,22.87500
53.890,22.75000
53.941,22.62500
53.992,22.50000
54.043,22.50000
54.096,22.37500
54.146,22.37500
54.198,21.87500
54.248,21.87500
54.299,21.62500
54.350,21.62500
54.401,21.75000
54.451,21.62500
54.502,21.50000
54.553,21.25000
54.604,21.12500
54.655,21.00000
54.705,20.87500
54.756,20.62500
54.808,20.62500
54.858,20.62500
54.909,20.62500
54.960,20.50000
55.011,20.37500
55.062,20.12500
55.112,19.87500
55.164,19.75000
55.215,19.75000
55.266,19.75000
55.316,19.62500
55.367,19.50000
55.418,19.50000
55.469,19.12500
55.520,19.00000
55.571,18.87500
55.621,18.62500
55.672,18.87500
55.723,18.75000
55.774,18.50000
55.825,18.62500
55.875,18.50000
55.926,17.87500
55.977,17.62500
56.028,17.75000
56.079,17.87500
56.133,17.87500
56.186,17.75000
56.237,17.75000
56.288,17.37500
56.339,17.25000
56.389,17.25000
56.440,17.12500
56.491,17.25000
56.542,17.00000
56.593,17.00000
56.644,16.87500
56.694,16.62500
56.745,16.50000
56.797,16.37500
56.848,16.25000
56.899,16.37500
56.950,16.12500
57.001,16.12500
57.052,16.00000
57.102,15.75000
57.153,15.62500
57.204,15.50000
57.255,15.37500
57.305,15.12500
57.356,15.25000
57.407,15.37500
57.458,15.12500
57.509,15.12500
57.559,14.62500
57.611,14.75000
57.663,14.62500
57.714,14.50000
57.764,14.75000
57.815,14.62500
57.866,14.25000
57.917,14.12500
57.967,14.00000
58.018,13.62500
58.069,13.75000
58.120,13.62500
58.170,13.87500
58.221,13.75000
58.272,13.37500
58.323,13.25000
58.374,13.25000
58.424,13.12500
58.477,13.12500
58.529,13.00000
58.580,13.00000
58.631,12.87500
58.681,12.62500
58.732,12.50000
58.783,12.37500
58.834,12.25000
58.885,12.37500
58.935,12.12500
58.986,12.00000
59.037,12.25000
59.087,12.12500
59.138,11.75000
59.189,11.75000
59.240,11.50000
59.290,11.50000
59.341,11.50000
59.393,11.37500
59.444,11.37500
59.497,11.25000
59.547,11.12500
59.601,10.62500
59.651,10.75000
59.702,10.87500
59.753,10.75000
59.804,10.50000
59.854,10.50000
59.905,10.50000
59.956,10.25000
60.009,10.00000
60.059,9.87500
60.111,10.12500
60.162,10.12500
60.212,9.62500
60.263,9.75000
60.315,9.37500
60.365,9.37500
60.416,9.25000
60.467,9.25000
60.518,9.12500
60.569,9.12500
60.619,9.00000
60.670,9.00000
60.721,9.12500
60.771,8.75000
60.822,8.62500
60.873,8.62500
60.923,8.50000
60.974,8.50000
61.025,8.50000
61.076,8.25000
61.127,8.12500
61.178,8.00000
61.229,7.87500
61.280,7.87500
61.331,7.75000
61.382,7.62500
61.432,7.87500
61.483,7.62500
61.534,7.62500
61.585,7.50000
61.635,7.25000
61.686,7.12500
61.737,7.00000
61.787,6.87500
61.838,6.87500
61.889,6.87500
61.939,6.75000
61.990,6.62500
62.041,6.62500
62.094,6.37500
62.144,6.25000
62.195,6.00000
62.246,6.00000
62.297,6.12500
62.348,6.12500
62.399,6.00000
62.449,5.87500
62.500,5.75000
62.551,5.62500
62.601,5.37500
62.652,5.50000
62.703,5.62500
62.754,5.50000
62.804,5.50000
62.855,5.37500
62.906,5.25000
62.956,5.00000
63.008,4.87500
63.060,4.75000
63.111,4.75000
63.161,4.87500
63.212,4.62500
63.263,4.62500
63.314,4.50000
63.365,4.25000
63.416,4.12500
63.466,4.00000
63.517,3.87500
63.568,4.00000
63.619,3.87500
63.669,3.87500
63.720,3.75000
63.771,3.50000
63.822,3.50000
63.873,2.87500
63.924,2.87500
63.975,3.25000
64.027,3.25000
64.078,3.25000
64.128,3.25000
64.179,2.87500
64.230,2.75000
64.281,2.62500
64.332,2.75000
64.382,2.62500
64.433,2.62500
64.484,2.62500
64.535,2.62500
64.585,2.62500
64.636,2.25000
64.687,2.25000
64.738,2.00000
64.788,2.00000
64.839,2.00000
64.890,2.00000
64.941,1.87500
64.992,1.87500
65.043,1.62500
65.094,1.62500
65.145,1.37500
65.195,1.25000
65.246,1.25000
65.297,1.37500
65.348,1.12500
65.399,1.25000
65.450,1.12500
65.500,0.87500
65.551,0.75000
65.602,0.50000
65.652,0.62500
65.703,0.75000
65.754,0.50000
65.805,0.50000
65.856,0.50000
65.907,0.25000
65.959,0.12500
66.010,-0.12500
66.061,0.00000
66.112,0.12500
66.162,0.00000
66.213,-0.12500
66.264,-0.12500
66.315,-0.37500
66.366,-0.50000
66.417,-0.62500
66.467,-0.62500
66.518,-0.75000
66.573,-0.75000
66.623,-0.75000
66.674,-0.87500
66.726,-1.12500
66.776,-1.12500
66.827,-1.25000
66.880,-1.25000
66.931,-1.25000
66.981,-1.25000
67.032,-1.25000
67.083,-1.25000
67.133,-1.75000
67.184,-1.75000
67.235,-1.75000
67.286,-1.87500
67.336,-1.75000
67.387,-1.75000
67.438,-1.75000
67.488,-2.00000
67.540,-2.12500
67.592,-2.25000
67.643,-2.25000
67.694,-2.37500
67.744,-2.50000
67.795,-2.37500
67.846,-2.37500
67.897,-2.62500
67.948,-2.62500
67.998,-2.75000
68.049,-2.75000
68.100,-2.75000
68.150,-2.87500
68.201,-2.75000
68.252,-2.75000
68.303,-3.00000
68.354,-3.12500
68.405,-3.25000
68.455,-3.37500
68.506,-3.25000
68.558,-3.37500
68.609,-3.25000
68.659,-3.50000
68.710,-3.50000
68.761,-3.75000
68.812,-3.75000
68.863,-3.87500
68.913,-4.00000
68.964,-4.00000
69.015,-4.00000
69.066,-4.00000
69.117,-3.87500
69.167,-4.25000
69.218,-4.25000
69.271,-4.50000
69.322,-4.62500
69.373,-4.50000
69.425,-4.62500
69.475,-4.62500
69.526,-4.62500
69.577,-4.87500
69.628,-4.87500
69.679,-5.12500
69.730,-5.25000
69.783,-5.12500
69.834,-5.00000
69.885,-5.00000
69.936,-5.12500
69.986,-5.37500
70.037,-5.50000
70.088,-5.50000
70.139,-5.62500
70.191,-5.62500
70.241,-5.62500
70.292,-5.62500
70.343,-5.62500
70.394,-5.87500
70.444,-5.87500
70.495,-6.12500
70.546,-6.12500
70.597,-6.12500
70.648,-6.12500
70.698,-6.12500
70.749,-6.00000
70.800,-6.50000
70.855,-6.37500
70.909,-6.62500
70.960,-6.37500
71.011,-6.37500
71.063,-6.62500
71.114,-6.62500
71.164,-6.87500
71.215,-7.00000
71.266,-7.00000
71.316,-7.00000
71.367,-6.87500
71.418,-6.87500
71.469,-7.12500
71.521,-7.25000
71.572,-7.37500
71.624,-7.37500
71.675,-7.37500
71.725,-7.50000
71.776,-7.37500
71.827,-7.50000
71.878,-7.75000
71.929,-7.62500
71.979,-7.87500
72.030,-7.87500
72.081,-7.87500
72.132,-8.00000
72.182,-7.87500
72.233,-8.00000
72.284,-8.00000
72.335,-8.12500
72.385,-8.25000
72.436,-8.37500
72.487,-8.50000
72.540,-8.37500
72.591,-8.50000
72.641,-8.25000
72.692,-8.50000
72.743,-8.62500
72.794,-8.75000
72.847,-8.87500
72.901,-8.87500
72.951,-9.00000
73.002,-8.87500
73.053,-8.87500
73.104,-9.12500
73.155,-9.12500
73.206,-9.25000
73.257,-9.37500
73.308,-9.37500
73.359,-9.50000
73.409,-9.37500
73.461,-9.50000
73.514,-9.50000
73.565,-9.87500
73.615,-9.62500
73.666,-9.87500
73.717,-9.87500
73.770,-9.75000
73.822,-9.75000
73.873,-10.00000
73.923,-10.12500
73.974,-10.25000
74.025,-10.37500
74.076,-10.37500
74.127,-10.37500
74.177,-10.50000
74.228,-10.37500
74.279,-10.25000
74.329,-10.50000
74.380,-10.62500
74.431,-10.87500
74.481,-10.87500
74.532,-10.87500
74.583,-11.00000
74.634,-10.87500
74.685,-10.75000
74.736,-11.00000
74.788,-11.12500
74.839,-11.25000
74.890,-11.25000
74.940,-11.12500
74.991,-11.25000
75.042,-11.12500
75.093,-11.25000
75.144,-11.50000
75.196,-11.50000
75.247,-11.75000
75.301,-11.50000
75.351,-11.62500
75.404,-11.50000
75.455,-11.62500
75.506,-12.00000
75.557,-12.00000
75.607,-12.12500
75.658,-12.25000
75.709,-12.12500
75.760,-12.12500
75.810,-12.12500
75.862,-12.25000
75.913,-12.25000
75.963,-12.50000
76.014,-12.50000
76.065,-12.62500
76.116,-12.75000
76.166,-12.50000
76.217,-12.50000
76.268,-12.62500
76.319,-12.62500
76.369,-12.75000
76.421,-12.87500
76.472,-13.00000
76.522,-13.00000
76.576,-12.87500
76.627,-13.00000
76.679,-12.87500
76.729,-13.12500
76.780,-13.37500
76.831,-13.25000
76.882,-13.37500
76.933,-13.50000
76.983,-13.25000
77.034,-13.37500
77.085,-13.37500
77.136,-13.37500
77.188,-13.62500
77.238,-13.62500
77.289,-13.75000
77.340,-13.87500
77.391,-13.75000
77.442,-13.75000
77.493,-13.87500
77.544,-13.87500
77.594,-14.12500
77.645,-14.25000
77.696,-14.12500
77.746,-14.25000
77.797,-14.25000
77.848,-14.25000
77.899,-14.50000
77.949,-14.12500
78.000,-14.25000
78.051,-14.62500
78.102,-14.62500
78.154,-14.62500
78.205,-14.75000
78.255,-14.62500
78.306,-14.75000
78.357,-14.62500
78.408,-14.75000
78.458,-15.00000
78.509,-15.12500
78.560,-15.12500
78.610,-15.12500
78.661,-15.25000
78.712,-15.00000
78.763,-15.25000
78.813,-15.00000
78.864,-15.12500
78.915,-15.25000
78.966,-15.37500
79.016,-15.50000
79.067,-15.50000
79.118,-15.50000
79.171,-15.62500
79.221,-15.62500
79.274,-15.37500
79.325,-15.75000
79.376,-15.75000
79.426,-15.87500
79.477,-16.00000
79.528,-16.00000
79.579,-15.87500
79.629,-16.00000
79.680,-15.87500
79.732,-16.12500
79.783,-16.12500
79.834,-16.25000
79.886,-16.25000
79.937,-16.12500
79.988,-16.25000
80.039,-16.37500
80.089,-16.37500
80.140,-16.50000
80.191,-16.50000
80.242,-16.75000
80.292,-16.87500
80.343,-16.62500
80.394,-16.75000
80.445,-16.87500
80.495,-16.62500
80.546,-16.62500
80.597,-16.87500
80.648,-16.87500
80.699,-17.12500
80.750,-17.12500
80.801,-17.12500
80.853,-17.25000
80.904,-17.12500
80.955,-17.12500
81.006,-17.37500
81.057,-17.50000
81.107,-17.62500
81.158,-17.62500
81.209,-17.50000
81.260,-17.50000
81.310,-17.37500
81.361,-17.50000
81.412,-17.62500
81.462,-17.75000
81.513,-17.75000
81.564,-17.87500
81.617,-17.87500
81.668,-17.75000
81.719,-17.75000
81.770,-17.75000
81.820,-18.25000
81.871,-18.25000
81.922,-18.25000
81.973,-18.25000
82.024,-18.37500
82.074,-18.25000
82.125,-18.50000
82.176,-18.25000
82.226,-18.37500
82.277,-18.50000
82.328,-18.62500
82.379,-18.75000
82.429,-18.75000
82.480,-18.62500
82.531,-18.62500
82.582,-18.62500
82.633,-18.75000
82.683,-18.75000
82.734,-19.00000
82.785,-19.00000
82.836,-19.12500
82.887,-19.25000
82.938,-19.12500
82.988,-19.25000
83.039,-19.00000
83.090,-19.00000
83.141,-19.37500
83.191,-19.37500
83.242,-19.50000
83.293,-19.50000
83.343,-19.62500
83.395,-19.37500
83.446,-19.50000
83.497,-19.50000
83.547,-19.50000
83.599,-19.75000
83.651,-19.87500
83.702,-19.87500
83.753,-19.75000
83.805,-19.75000
83.855,-19.87500
83.906,-19.75000
83.957,-19.87500
84.008,-19.87500
84.059,-20.00000
84.109,-20.12500
84.160,-20.12500
84.211,-20.12500
84.262,-20.12500
84.314,-20.12500
84.365,-20.37500
84.416,-20.37500
84.466,-20.50000
84.518,-20.50000
84.568,-20.50000
84.619,-20.37500
84.670,-20.37500
84.721,-20.50000
84.772,-20.37500
84.823,-20.62500
84.873,-20.75000
84.924,-20.87500
84.975,-20.87500
85.025,-20.75000
85.076,-20.75000
85.127,-20.75000
85.178,-20.75000
85.228,-20.75000
85.279,-21.12500
85.330,-21.12500
85.381,-21.12500
85.432,-21.25000
85.485,-21.12500
85.535,-21.12500
85.586,-21.00000
85.637,-21.12500
85.688,-21.37500
85.739,-21.25000
85.789,-21.37500
85.840,-21.50000
85.891,-21.25000
85.941,-21.37500
85.992,-21.50000
86.043,-21.62500
86.093,-21.62500
86.144,-21.62500
86.195,-21.75000
86.246,-21.87500
86.297,-21.75000
86.347,-21.75000
86.398,-21.75000
86.450,-21.75000
86.500,-21.87500
86.551,-22.12500
86.602,-22.12500
86.653,-22.25000
86.703,-22.25000
86.754,-22.12500
86.805,-22.12500
86.856,-22.12500
86.906,-22.25000
86.957,-22.37500
87.008,-22.50000
87.059,-22.37500
87.110,-22.50000
87.160,-22.50000
87.211,-22.37500
87.262,-22.50000
87.313,-22.50000
87.364,-22.50000
87.416,-22.62500
87.467,-22.62500
87.517,-22.87500
87.568,-23.12500
87.619,-22.75000
87.670,-22.87500
87.721,-23.00000
87.775,-23.25000
87.826,-23.25000
87.877,-23.37500
87.927,-23.50000
87.978,-23.12500
88.029,-23.12500
88.080,-23.12500
88.131,-23.25000
88.182,-23.50000
88.233,-23.50000
88.284,-23.50000
88.334,-23.50000
88.385,-23.50000
88.436,-23.37500
88.487,-23.37500
88.537,-23.50000
88.588,-23.62500
88.639,-23.62500
88.689,-23.75000
88.740,-23.62500
88.791,-23.75000
88.841,-23.75000
88.893,-23.62500
88.943,-23.62500
88.997,-23.87500
89.049,-24.00000
89.100,-24.00000
89.150,-24.00000
89.201,-24.00000
89.252,-23.87500
89.303,-23.87500
89.354,-24.12500
89.405,-24.12500
89.455,-24.25000
89.506,-24.25000
89.557,-24.12500
89.607,-24.25000
89.661,-24.00000
89.711,-24.00000
89.762,-24.25000
89.813,-24.37500
89.864,-24.50000
89.915,-24.62500
89.966,-24.37500
90.017,-24.37500
90.067,-24.62500
90.118,-24.50000
90.169,-24.75000
90.220,-24.75000
90.271,-24.75000
90.321,-24.87500
90.372,-24.87500
90.423,-24.75000
90.473,-24.75000
90.524,-24.87500
90.575,-25.00000
90.626,-25.12500
90.676,-25.12500
90.727,-25.00000
90.779,-25.12500
90.830,-25.00000
90.882,-25.00000
90.932,-25.25000
90.983,-25.37500
91.034,-25.37500
91.085,-25.50000
91.136,-25.25000
91.186,-25.25000
91.237,-25.37500
91.288,-25.37500
91.339,-25.37500
91.389,-25.62500
91.440,-25.62500
91.491,-25.62500
91.542,-25.75000
91.593,-25.62500
91.643,-25.62500
91.694,-25.75000
91.745,-25.62500
91.796,-25.87500
91.848,-25.87500
91.899,-26.00000
91.949,-26.00000
92.000,-25.87500
92.051,-26.00000
92.102,-25.75000
92.152,-25.75000
92.203,-25.87500
92.254,-26.12500
92.307,-26.12500
92.358,-26.25000
92.408,-26.12500
92.460,-26.12500
92.511,-26.25000
92.564,-26.12500
92.614,-26.50000
92.665,-26.50000
92.716,-26.37500
92.767,-26.62500
92.818,-26.37500
92.869,-26.50000
92.920,-26.37500
92.971,-26.37500
93.022,-26.62500
93.073,-26.75000
93.123,-26.75000
93.174,-26.75000
93.225,-26.75000
93.276,-26.75000
93.327,-26.87500
93.378,-26.75000
93.429,-26.75000
93.481,-26.87500
93.532,-27.00000
93.583,-27.12500
93.634,-27.00000
93.685,-27.00000
93.736,-27.00000
93.786,-26.87500
93.837,-26.87500
93.888,-27.12500
93.939,-27.12500
93.989,-27.25000
94.040,-27.25000
94.093,-27.25000
94.143,-27.25000
94.195,-27.25000
94.247,-27.37500
94.298,-27.37500
94.348,-27.50000
94.399,-27.37500
94.450,-27.50000
94.501,-27.37500
94.551,-27.50000
94.602,-27.62500
94.653,-27.50000
94.704,-27.62500
94.754,-27.75000
94.805,-27.87500
94.856,-27.87500
94.907,-27.62500
94.958,-27.75000
95.008,-27.87500
95.059,-27.87500
95.110,-28.12500
95.161,-28.00000
95.213,-28.00000
95.264,-28.12500
95.315,-28.12500
95.365,-28.12500
95.416,-28.00000
95.467,-28.00000
95.518,-27.87500
95.569,-28.25000
95.619,-28.12500
95.670,-28.37500
95.721,-28.37500
95.771,-28.37500
95.822,-28.37500
95.873,-28.25000
95.924,-28.12500
95.974,-28.37500
96.025,-28.37500
96.076,-28.62500
96.127,-28.62500
96.179,-28.50000
96.230,-28.75000
96.281,-28.37500
96.332,-28.50000
96.382,-28.75000
96.433,-28.75000
96.484,-28.75000
96.535,-28.87500
96.585,-28.87500
96.636,-28.87500
96.687,-29.00000
96.738,-28.62500
96.788,-28.75000
96.839,-28.87500
96.890,-29.00000
96.940,-29.25000
96.993,-29.12500
97.045,-29.25000
97.096,-29.25000
97.147,-29.12500
97.197,-29.12500
97.248,-29.12500
97.299,-29.25000
97.350,-29.37500
97.401,-29.37500
97.452,-29.25000
97.503,-29.12500
97.554,-29.12500
97.604,-29.12500
97.655,-29.37500
97.706,-29.50000
97.757,-29.37500
97.807,-29.50000
97.858,-29.62500
97.909,-29.25000
97.960,-29.50000
98.013,-29.50000
98.063,-29.75000
98.116,-29.62500
98.167,-29.75000
98.217,-29.75000
98.268,-29.50000
98.319,-29.75000
98.370,-29.75000
98.420,-29.87500
98.471,-29.87500
98.522,-29.87500
98.572,-30.25000
98.625,-30.12500
98.675,-30.12500
98.726,-30.00000
98.778,-30.00000
98.829,-30.25000
98.880,-30.00000
98.930,-30.25000
98.981,-30.12500
99.032,-30.25000
99.083,-30.25000
99.134,-30.25000
99.185,-30.37500
99.235,-30.12500
99.286,-30.12500
99.337,-30.37500
99.388,-30.50000
99.438,-30.50000
99.489,-30.50000
99.540,-30.37500
99.591,-30.50000
99.642,-30.62500
99.693,-30.37500
99.745,-30.50000
99.796,-30.50000
99.847,-30.62500
99.898,-30.62500
99.948,-30.75000
99.999,-30.75000
100.050,-30.62500
100.101,-30.62500
100.151,-30.62500
100.202,-30.75000
100.255,-31.00000
100.306,-31.00000
100.357,-31.00000
100.408,-30.87500
100.459,-31.00000
100.510,-30.75000
100.561,-31.00000
100.612,-31.25000
100.663,-31.12500
100.713,-31.12500
100.764,-31.12500
100.815,-31.25000
100.866,-31.25000
100.917,-31.00000
100.968,-31.00000
101.018,-31.25000
101.069,-31.25000
101.120,-31.50000
101.171,-31.37500
101.221,-31.37500
101.273,-31.37500
101.325,-31.25000
101.377,-31.25000
101.427,-31.37500
101.479,-31.37500
101.530,-31.62500
101.580,-31.62500
101.631,-31.37500
101.682,-31.62500
101.733,-31.62500
101.783,-31.87500
101.834,-31.75000
101.885,-31.75000
101.935,-31.75000
101.986,-31.87500
102.037,-32.00000
102.088,-31.50000
102.140,-31.37500
102.191,-32.25000
102.243,-32.37500
102.294,-31.75000
102.344,-32.12500
102.395,-32.00000
102.446,-31.87500
102.497,-32.25000
102.547,-32.12500
102.598,-32.12500
102.649,-32.12500
102.700,-32.00000
102.750,-32.00000
102.801,-32.37500
102.852,-32.37500
102.902,-32.25000
102.954,-32.37500
103.004,-32.25000
103.055,-32.25000
103.106,-32.50000
103.157,-32.62500
103.209,-32.62500
103.260,-32.50000
103.310,-32.25000
103.361,-32.25000
103.412,-32.25000
103.463,-32.50000
103.514,-32.50000
103.565,-32.62500
103.615,-32.62500
103.666,-32.62500
103.717,-32.62500
103.768,-32.50000
103.818,-32.62500
103.869,-32.75000
103.921,-32.62500
103.971,-32.75000
104.022,-32.87500
104.073,-32.50000
104.124,-32.75000
104.175,-32.62500
104.226,-32.62500
104.277,-32.75000
104.327,-32.87500
104.378,-32.87500
104.429,-33.00000
104.480,-33.12500
104.530,-32.87500
104.581,-33.00000
104.632,-33.00000
104.682,-32.87500
104.733,-33.25000
104.784,-33.12500
104.835,-33.25000
104.885,-33.25000
104.936,-33.25000
104.987,-33.12500
105.039,-33.25000
105.090,-33.12500
105.141,-33.50000
105.192,-33.37500
105.243,-33.37500
105.294,-33.37500
105.344,-33.62500
105.395,-33.25000
105.446,-33.37500
105.497,-33.50000
105.547,-33.37500
105.598,-33.50000
105.649,-33.62500
105.700,-33.62500
105.750,-33.62500
105.801,-33.37500
105.852,-33.50000
105.902,-33.50000
105.953,-33.62500
106.004,-33.75000
106.055,-33.87500
106.106,-33.87500
106.156,-33.87500
106.208,-33.87500
106.259,-33.62500
106.310,-33.75000
106.361,-33.87500
106.411,-33.87500
106.462,-34.00000
106.513,-34.00000
106.564,-34.00000
106.614,-34.00000
106.665,-33.75000
106.716,-33.87500
106.766,-34.12500
106.817,-34.12500
106.868,-34.12500
106.919,-34.25000
106.969,-34.25000
107.022,-34.25000
107.074,-34.12500
107.125,-34.12500
107.176,-34.37500
107.227,-34.25000
107.278,-34.50000
107.329,-34.62500
107.379,-34.25000
107.430,-34.25000
107.481,-34.25000
107.532,-34.37500
107.582,-34.25000
107.633,-34.62500
107.684,-34.50000
107.735,-34.50000
107.785,-34.50000
107.836,-34.37500
107.887,-34.00000
107.938,-34.62500
107.989,-34.50000
108.041,-34.62500
108.091,-34.75000
108.142,-34.75000
108.193,-34.75000
108.244,-34.37500
108.295,-34.75000
108.345,-34.87500
108.396,-34.75000
108.447,-34.75000
108.498,-34.87500
108.548,-34.87500
108.599,-34.87500
108.650,-35.00000
108.700,-35.00000
108.751,-34.75000
108.802,-35.12500
108.853,-35.12500
108.904,-35.25000
108.955,-35.25000
109.007,-35.25000
109.058,-35.37500
109.108,-35.00000
109.159,-35.37500
109.210,-35.75000
109.261,-35.50000
109.311,-35.50000
109.362,-35.50000
109.413,-35.50000
109.464,-35.62500
109.517,-35.62500
109.567,-35.25000
109.618,-35.75000
109.669,-35.50000
109.720,-35.50000
109.770,-35.50000
109.825,-35.25000
109.875,-35.37500
109.926,-35.62500
109.977,-35.62500
110.028,-35.75000
110.078,-35.62500
110.129,-35.75000
110.180,-35.75000
110.231,-35.62500
110.281,-35.87500
110.332,-36.37500
110.383,-35.87500
110.434,-36.25000
110.485,-36.37500
110.537,-35.87500
110.588,-36.00000
110.639,-36.25000
110.690,-36.25000
110.741,-36.25000
110.792,-35.87500
110.843,-36.50000
110.894,-36.37500
110.945,-36.25000
110.996,-36.25000
111.046,-36.25000
111.097,-36.12500
111.148,-36.12500
111.198,-36.50000
111.249,-36.50000
111.300,-36.62500
111.351,-36.25000
111.401,-36.12500
111.452,-36.12500
111.503,-36.00000
111.554,-36.00000
111.606,-36.37500
111.656,-36.25000
111.707,-36.50000
111.758,-36.25000
111.808,-36.50000
111.859,-36.25000
111.910,-36.25000
111.961,-36.25000
112.012,-36.25000
112.062,-36.62500
112.113,-36.50000
112.164,-36.75000
112.214,-36.75000
112.265,-36.50000
112.316,-36.37500
112.367,-36.50000
112.417,-36.37500
112.468,-36.50000
112.519,-36.75000
112.570,-36.62500
112.623,-36.75000
112.673,-36.62500
112.724,-36.62500
112.775,-36.62500
112.826,-36.62500
112.876,-36.75000
112.927,-36.75000
112.978,-36.87500
113.029,-37.00000
113.079,-36.87500
113.130,-36.75000
113.181,-36.87500
113.232,-36.75000
113.283,-36.75000
113.333,-37.12500
113.389,-37.12500
113.439,-37.12500
113.490,-37.12500
113.541,-37.00000
113.591,-36.87500
113.642,-37.00000
113.693,-36.87500
113.744,-37.12500
113.794,-37.12500
113.845,-37.25000
113.896,-37.50000
113.946,-37.12500
113.997,-37.00000
114.048,-37.12500
114.099,-37.12500
114.149,-37.00000
114.200,-37.12500
114.251,-37.25000
114.302,-37.50000
114.353,-37.50000
114.405,-37.37500
114.455,-37.37500
114.507,-37.25000
114.558,-37.25000
114.608,-37.50000
114.659,-37.62500
114.710,-37.50000
114.761,-37.50000
114.812,-37.37500
114.862,-37.50000
114.913,-37.37500
114.964,-37.50000
115.014,-37.75000
115.065,-37.75000
115.116,-37.75000
115.167,-37.75000
115.218,-37.50000
115.269,-37.50000
115.321,-37.62500
115.372,-37.62500
115.423,-37.87500
115.473,-37.87500
115.524,-38.00000
115.575,-37.87500
115.626,-38.00000
115.677,-37.75000
115.727,-37.75000
115.778,-37.75000
115.829,-37.87500
115.880,-37.87500
115.930,-38.00000
115.981,-37.87500
116.032,-38.00000
116.082,-37.87500
116.133,-37.87500
116.184,-38.12500
116.237,-38.00000
116.288,-38.25000
116.338,-38.25000
116.389,-38.25000
116.440,-38.37500
116.491,-38.12500
116.542,-38.00000
116.593,-38.25000
116.643,-38.50000
116.694,-38.25000
116.745,-38.37500
116.796,-38.37500
116.846,-38.50000
116.897,-38.50000
116.948,-38.37500
116.999,-38.37500
117.049,-38.50000
117.101,-38.50000
117.151,-38.50000
117.202,-38.50000
117.255,-38.62500
117.306,-38.62500
117.356,-38.37500
117.407,-38.50000
117.458,-38.50000
117.509,-38.62500
117.559,-38.62500
117.610,-38.62500
117.661,-38.62500
117.713,-38.62500
117.763,-38.62500
117.814,-38.62500
117.865,-39.00000
117.916,-38.75000
117.967,-38.62500
118.019,-38.75000
118.070,-38.87500
118.121,-38.87500
118.171,-38.75000
118.222,-38.75000
118.273,-38.75000
118.324,-38.87500
118.376,-38.87500
118.427,-39.00000
118.477,-39.00000
118.528,-39.00000
118.579,-39.12500
118.630,-38.87500
118.680,-38.87500
118.733,-39.00000
118.783,-39.12500
118.835,-39.25000
118.886,-39.12500
118.937,-39.12500
118.987,-39.37500
119.038,-39.12500
119.089,-39.12500
119.140,-39.37500
119.191,-39.37500
119.242,-39.50000
119.292,-39.50000
119.343,-39.37500
119.394,-39.50000
119.444,-39.37500
119.495,-39.25000
119.546,-39.50000
119.597,-39.50000
119.648,-39.37500
119.698,-39.50000
119.749,-39.50000
119.801,-39.50000
119.852,-39.37500
119.903,-39.37500
119.954,-39.50000
120.005,-39.62500
120.056,-39.62500
120.107,-39.62500
120.157,-39.87500
120.208,-39.75000
120.259,-39.75000
120.310,-39.50000
120.360,-39.62500
120.411,-39.75000
120.462,-39.62500
120.513,-39.62500
120.564,-39.75000
120.616,-39.87500
120.668,-40.00000
120.718,-39.62500
120.769,-39.62500
120.820,-39.75000
120.871,-39.75000
120.922,-39.87500
120.972,-40.00000
121.024,-40.00000
121.075,-40.12500
121.126,-39.87500
121.177,-39.87500
121.227,-39.87500
121.278,-39.87500
121.329,-40.12500
121.380,-40.12500
121.431,-40.12500
121.482,-40.25000
121.534,-40.00000
121.585,-40.00000
121.635,-40.00000
121.686,-40.00000
121.737,-39.87500
121.788,-40.12500
121.838,-40.12500
121.889,-40.25000
121.941,-40.37500
121.991,-40.12500
122.043,-40.12500
122.093,-40.12500
122.144,-40.25000
122.195,-40.25000
122.247,-40.25000
122.297,-40.25000
122.348,-40.37500
122.401,-40.12500
122.451,-40.25000
122.502,-40.25000
122.553,-40.25000
122.604,-40.50000
122.654,-40.37500
122.705,-40.37500
122.756,-40.50000
122.807,-39.75000
122.858,-40.50000
122.908,-40.50000
122.959,-40.50000
123.010,-40.75000
123.061,-40.75000
123.112,-40.62500
123.163,-40.62500
123.213,-40.75000
123.264,-40.50000
123.315,-40.50000
123.367,-40.62500
123.418,-40.87500
123.473,-40.75000
123.523,-40.75000
123.574,-40.75000
123.625,-40.62500
123.676,-40.75000
123.726,-40.87500
123.777,-40.87500
123.828,-41.00000
123.878,-41.00000
123.930,-41.00000
123.982,-40.87500
124.034,-40.62500
124.084,-40.75000
124.135,-41.00000
124.186,-40.87500
124.237,-41.12500
124.288,-41.00000
124.339,-41.12500
124.390,-41.00000
124.440,-41.00000
124.491,-40.87500
124.542,-41.12500
124.593,-41.25000
124.644,-41.25000
124.695,-41.25000
124.747,-41.00000
124.798,-41.00000
124.849,-41.12500
124.900,-41.12500
124.951,-41.25000
125.002,-41.37500
125.053,-41.37500
125.104,-41.25000
125.155,-41.12500
125.205,-41.12500
125.256,-41.37500
125.307,-41.50000
125.358,-41.37500
125.409,-41.62500
125.459,-41.62500
125.510,-41.50000
125.561,-41.50000
125.611,-41.37500
125.662,-41.50000
125.713,-41.50000
125.764,-41.50000
125.815,-41.75000
125.866,-41.62500
125.917,-41.75000
125.968,-41.75000
126.018,-41.50000
126.069,-41.75000
126.120,-41.50000
126.171,-41.62500
126.221,-41.75000
126.272,-41.87500
126.323,-42.00000
126.374,-42.00000
126.424,-41.87500
126.475,-41.75000
126.526,-41.75000
126.577,-41.87500
126.627,-41.75000
126.678,-42.00000
126.729,-42.00000
126.780,-42.00000
126.832,-42.12500
126.883,-41.87500
126.934,-42.00000
126.985,-42.12500
127.035,-42.12500
127.086,-42.25000
127.137,-42.25000
127.191,-42.00000
127.241,-42.00000
127.292,-42.25000
127.343,-42.12500
127.394,-42.37500
127.444,-42.25000
127.495,-42.12500
127.546,-42.12500
127.598,-42.25000
127.649,-42.12500
127.700,-42.37500
127.750,-42.50000
127.801,-42.37500
127.852,-42.50000
127.903,-42.50000
127.955,-42.25000
128.006,-42.37500
128.057,-42.25000
128.107,-42.25000
128.158,-42.50000
128.209,-42.50000
128.260,-42.50000
128.311,-42.62500
128.362,-42.37500
128.413,-42.25000
128.465,-42.50000
128.516,-42.62500
128.567,-42.75000
128.618,-42.75000
128.668,-42.75000
128.719,-42.75000
128.770,-42.50000
128.823,-42.75000
128.873,-42.75000
128.924,-42.75000
128.975,-43.00000
129.026,-42.75000
129.077,-42.87500
129.128,-42.87500
129.179,-42.62500
129.233,-43.00000
129.283,-42.75000
129.334,-43.00000
129.385,-42.87500
129.436,-42.87500
129.486,-42.87500
129.541,-42.75000
129.591,-42.62500
129.642,-42.87500
129.695,-43.00000
129.746,-43.00000
129.797,-42.87500
129.848,-42.87500
129.899,-43.00000
129.949,-42.87500
130.000,-42.87500
130.051,-43.00000
130.102,-43.00000
130.155,-43.25000
130.205,-43.00000
130.256,-43.00000
130.307,-43.12500
130.357,-43.00000
130.408,-43.00000
130.459,-43.25000
130.510,-43.25000
130.560,-43.37500
130.611,-43.25000
130.663,-43.12500
130.714,-43.25000
130.765,-43.12500
130.815,-43.12500
130.866,-43.37500
130.917,-43.37500
130.968,-43.37500
131.018,-43.50000
131.069,-43.25000
131.120,-43.37500
131.170,-43.37500
131.221,-43.25000
131.272,-43.25000
131.323,-43.50000
131.373,-43.37500
131.424,-43.62500
131.475,-43.62500
131.526,-43.37500
131.577,-43.37500
131.627,-43.37500
131.680,-43.37500
131.731,-43.75000
131.782,-43.75000
131.832,-43.75000
131.883,-43.75000
131.934,-43.62500
131.985,-43.62500
132.036,-43.50000
132.086,-43.50000
132.137,-43.75000
132.188,-43.75000
132.238,-43.75000
132.289,-43.87500
132.340,-43.87500
132.391,-43.75000
132.441,-43.75000
132.493,-43.75000
132.544,-43.62500
132.596,-43.87500
132.647,-44.00000
132.698,-44.00000
132.748,-44.00000
132.799,-43.75000
132.850,-44.00000
132.901,-43.87500
132.952,-43.75000
133.002,-44.00000
133.053,-44.00000
133.104,-44.00000
133.154,-44.12500
133.205,-43.87500
133.256,-44.00000
133.309,-43.87500
133.359,-44.12500
133.410,-44.25000
133.463,-44.12500
133.514,-44.37500
133.564,-44.50000
133.615,-44.12500
133.666,-44.25000
133.717,-44.25000
133.768,-44.00000
133.818,-44.25000
133.869,-44.25000
133.920,-44.25000
133.973,-44.37500
134.023,-44.25000
134.074,-44.25000
134.125,-44.37500
134.176,-44.25000
134.228,-44.62500
134.279,-44.50000
134.330,-44.62500
134.381,-44.62500
134.431,-44.50000
134.483,-44.50000
134.533,-44.62500
134.584,-44.62500
134.635,-44.75000
134.685,-44.75000
134.736,-44.75000
134.787,-44.62500
134.838,-44.75000
134.888,-44.37500
134.939,-44.37500
134.990,-44.75000
135.043,-44.75000
135.095,-44.75000
135.146,-44.62500
135.197,-44.75000
135.247,-44.50000
135.298,-44.62500
135.349,-44.50000
135.400,-44.75000
135.451,-44.87500
135.501,-45.00000
135.552,-44.87500
135.603,-44.75000
135.653,-44.87500
135.704,-44.62500
135.755,-44.75000
135.806,-45.00000
135.856,-45.00000
135.907,-45.12500
135.958,-45.12500
136.009,-45.12500
136.061,-45.00000
136.112,-45.00000
136.162,-44.87500
136.213,-45.12500
136.265,-45.12500
136.316,-45.12500
136.367,-45.12500
136.418,-45.00000
136.468,-45.12500
136.519,-45.25000
136.570,-45.00000
136.620,-45.00000
136.671,-45.25000
136.722,-45.12500
136.773,-45.37500
136.824,-45.37500
136.875,-45.25000
136.927,-45.25000
136.979,-45.12500
137.030,-45.12500
137.080,-45.25000
137.131,-45.37500
137.183,-45.50000
137.234,-45.37500
137.284,-45.37500
137.335,-45.37500
137.386,-45.37500
137.436,-45.25000
137.487,-45.50000
137.538,-45.37500
137.589,-45.62500
137.642,-45.62500
137.693,-45.50000
137.744,-45.62500
137.795,-45.37500
137.846,-45.25000
137.896,-45.62500
137.947,-45.50000
137.998,-45.75000
138.051,-45.62500
138.101,-45.62500
138.152,-45.62500
138.203,-45.50000
138.253,-45.50000
138.305,-45.75000
138.355,-45.62500
138.407,-45.75000
138.458,-45.75000
138.511,-45.75000
138.561,-45.75000
138.612,-45.62500
138.663,-45.75000
138.714,-45.75000
138.765,-45.87500
138.815,-46.00000
138.866,-46.00000
138.917,-45.87500
138.967,-45.87500
139.018,-45.75000
139.069,-45.75000
139.120,-45.87500
139.170,-46.00000
139.221,-46.00000
139.272,-46.12500
139.323,-46.12500
139.374,-45.87500
139.427,-45.87500
139.477,-45.87500
139.528,-46.12500
139.579,-46.25000
139.629,-46.12500
139.680,-46.12500
139.731,-46.00000
139.782,-46.12500
139.832,-46.25000
139.886,-46.00000
139.936,-46.25000
139.987,-46.25000
140.038,-46.25000
140.089,-46.37500
140.140,-46.37500
140.190,-46.37500
140.245,-46.12500
140.295,-46.12500
140.347,-46.37500
140.399,-46.25000
140.450,-46.50000
140.500,-46.50000
140.551,-46.25000
140.604,-46.37500
140.654,-46.37500
140.709,-46.50000
140.759,-46.50000
140.810,-46.50000
140.861,-46.50000
140.912,-46.37500
140.962,-46.37500
141.013,-46.37500
141.064,-46.37500
141.115,-46.50000
141.166,-46.62500
141.216,-46.62500
141.267,-46.62500
141.318,-46.75000
141.368,-46.62500
141.419,-46.75000
141.470,-46.50000
141.521,-46.62500
141.572,-46.75000
141.622,-46.75000
141.673,-46.75000
141.726,-46.87500
141.776,-46.62500
141.827,-46.62500
141.878,-46.75000
141.929,-46.62500
141.980,-46.75000
142.031,-46.87500
142.081,-47.00000
142.132,-46.87500
142.183,-46.87500
142.233,-46.62500
142.284,-46.87500
142.335,-46.87500
142.386,-46.75000
142.437,-47.00000
142.487,-47.00000
142.538,-47.00000
142.589,-47.12500
142.640,-47.00000
142.691,-47.12500
142.741,-46.87500
142.792,-47.00000
142.843,-47.25000
142.894,-47.12500
142.944,-47.12500
142.995,-47.25000
143.046,-47.25000
143.097,-47.12500
143.147,-47.12500
143.198,-47.00000
143.249,-47.12500
143.300,-47.25000
143.350,-47.37500
143.401,-47.50000
143.452,-47.50000
143.502,-47.25000
143.553,-47.25000
143.604,-47.37500
143.655,-47.25000
143.706,-47.12500
143.758,-47.50000
143.809,-47.50000
143.860,-47.37500
143.911,-47.37500
143.961,-47.37500
144.015,-47.25000
144.065,-47.25000
144.116,-47.50000
144.167,-47.37500
144.218,-47.50000
144.269,-47.50000
144.320,-47.37500
144.370,-47.50000
144.421,-47.37500
144.472,-47.37500
144.524,-47.50000
144.575,-47.50000
144.626,-47.62500
144.677,-47.75000
144.727,-47.62500
144.778,-47.50000
144.829,-47.75000
144.880,-47.50000
144.930,-47.37500
144.981,-47.75000
145.032,-47.62500
145.083,-47.75000
145.133,-47.75000
145.184,-47.62500
145.235,-47.75000
145.286,-47.75000
145.338,-47.62500
145.391,-47.87500
145.441,-47.87500
145.492,-47.87500
145.543,-47.87500
145.594,-47.75000
145.644,-47.87500
145.695,-47.87500
145.746,-47.87500
145.797,-48.12500
145.848,-47.87500
145.898,-48.12500
145.949,-48.12500
146.000,-48.12500
146.051,-48.00000
146.102,-48.12500
146.152,-48.00000
146.203,-48.00000
146.254,-48.12500
146.305,-48.00000
146.357,-48.25000
146.408,-48.12500
146.459,-47.75000
146.511,-48.00000
146.561,-47.87500
146.612,-47.87500
146.663,-48.12500
146.714,-48.12500
146.765,-48.25000
146.816,-48.25000
146.866,-48.12500
146.917,-47.87500
146.968,-48.00000
147.018,-47.87500
147.069,-48.12500
147.121,-48.12500
147.171,-48.37500
147.222,-48.37500
147.273,-48.12500
147.324,-48.12500
147.374,-48.25000
147.425,-48.25000
147.476,-48.37500
147.527,-48.50000
147.578,-48.62500
147.629,-48.50000
147.679,-48.50000
147.730,-48.25000
147.781,-48.37500
147.831,-48.50000
147.882,-48.62500
147.933,-48.62500
147.984,-48.75000
148.034,-48.75000
148.085,-48.50000
148.136,-48.50000
148.187,-48.50000
148.237,-48.37500
148.289,-48.75000
148.340,-48.62500
148.391,-48.75000
148.442,-48.75000
148.492,-48.62500
148.543,-48.62500
148.594,-48.50000
148.645,-48.62500
148.695,-48.75000
148.746,-48.62500
148.797,-48.75000
148.848,-48.87500
148.898,-48.87500
148.950,-48.75000
149.000,-48.87500
149.051,-48.75000
149.103,-49.00000
149.156,-49.00000
149.206,-49.12500
149.257,-49.12500
149.309,-49.00000
149.359,-48.87500
149.410,-49.00000
149.461,-48.87500
149.512,-49.12500
149.562,-49.12500
149.613,-49.00000
149.664,-49.12500
149.715,-49.12500
149.765,-48.87500
149.816,-49.12500
149.867,-49.00000
149.919,-48.75000
149.970,-49.00000
150.021,-49.12500
150.074,-49.25000
150.124,-48.87500
150.175,-49.00000
150.226,-49.00000
150.277,-49.12500
150.327,-49.00000
150.378,-49.25000
150.429,-49.25000
150.480,-49.25000
150.531,-49.25000
150.581,-49.12500
150.633,-49.25000
150.683,-49.37500
150.734,-49.25000
150.785,-49.50000
150.836,-49.50000
150.888,-49.37500
150.939,-49.50000
150.990,-49.25000
151.040,-49.37500
151.091,-49.37500
151.142,-49.37500
151.193,-49.62500
151.244,-49.50000
151.294,-49.50000
151.345,-49.50000
151.396,-49.62500
151.446,-49.25000
151.497,-49.37500
151.548,-49.50000
151.599,-49.62500
151.650,-49.50000
151.707,-49.62500
151.760,-49.37500
151.811,-49.50000
151.862,-49.62500
151.913,-49.62500
151.965,-49.75000
152.015,-49.87500
152.066,-49.75000
152.117,-49.87500
152.168,-49.75000
152.219,-49.75000
152.269,-49.87500
152.321,-49.87500
152.372,-50.00000
152.422,-50.00000
152.473,-50.00000
152.524,-49.87500
152.577,-49.75000
152.627,-49.75000
152.678,-50.00000
152.729,-50.00000
152.780,-50.00000
152.831,-49.87500
152.881,-49.87500
152.932,-49.87500
152.983,-50.00000
153.034,-49.87500
153.084,-49.75000
153.135,-49.87500
153.188,-50.12500
153.238,-50.12500
153.289,-50.25000
153.340,-50.12500
153.391,-50.12500
153.441,-50.00000
153.492,-50.12500
153.543,-50.00000
153.593,-50.12500
153.644,-50.12500
153.697,-50.25000
153.747,-50.12500
153.798,-50.25000
153.849,-50.12500
153.900,-50.12500
153.950,-50.25000
154.001,-50.25000
154.054,-50.37500
154.105,-50.50000
154.155,-50.25000
154.206,-50.37500
154.257,-50.00000
154.308,-50.12500
154.358,-50.37500
154.409,-50.37500
154.460,-50.50000
154.511,-50.37500
154.561,-50.37500
154.612,-50.50000
154.663,-50.50000
154.713,-50.25000
154.764,-50.25000
154.815,-50.50000
154.866,-50.50000
154.917,-50.62500
154.968,-50.62500
155.020,-50.62500
155.070,-50.62500
155.121,-50.50000
155.172,-50.50000
155.223,-50.50000
155.273,-50.50000
155.324,-50.62500
155.375,-50.62500
155.425,-50.62500
155.476,-50.75000
155.527,-50.62500
155.578,-50.62500
155.628,-50.50000
155.679,-50.75000
155.730,-50.75000
155.780,-50.87500
155.831,-50.87500
155.884,-50.75000
155.934,-50.75000
155.986,-50.62500
156.038,-50.62500
156.089,-50.75000
156.139,-50.87500
156.192,-50.87500
156.243,-50.87500
156.293,-50.75000
156.344,-50.87500
156.397,-50.87500
156.447,-51.00000
156.498,-51.00000
156.549,-51.00000
156.600,-51.00000
156.653,-50.75000
156.703,-50.87500
156.754,-51.00000
156.805,-51.00000
156.855,-51.12500
156.907,-51.00000
156.957,-51.00000
157.008,-51.12500
157.059,-51.12500
157.109,-51.00000
157.160,-51.00000
157.211,-51.00000
157.262,-51.00000
157.312,-51.25000
157.363,-51.25000
157.414,-51.12500
157.467,-51.25000
157.518,-51.00000
157.569,-51.12500
157.620,-51.12500
157.671,-51.12500
157.721,-51.25000
157.772,-51.25000
157.823,-51.25000
157.874,-51.37500
157.925,-51.12500
157.975,-51.12500
158.027,-51.25000
158.078,-51.12500
158.128,-51.37500
158.179,-51.25000
158.230,-51.37500
158.280,-51.50000
158.331,-51.37500
158.382,-51.25000
158.433,-51.37500
158.485,-51.25000
158.536,-51.12500
158.586,-51.50000
158.637,-51.50000
158.688,-51.50000
158.739,-51.62500
158.789,-51.50000
158.840,-51.62500
158.891,-51.50000
158.942,-51.50000
158.993,-51.75000
159.044,-51.62500
159.094,-51.75000
159.145,-51.75000
159.196,-51.75000
159.247,-51.75000
159.301,-51.62500
159.351,-51.50000
159.402,-51.75000
159.453,-51.75000
159.504,-51.75000
159.554,-51.87500
159.605,-51.62500
159.656,-51.62500
159.707,-51.50000
159.758,-51.62500
159.809,-51.62500
159.859,-51.75000
159.910,-51.62500
159.961,-51.75000
160.012,-51.87500
160.062,-51.87500
160.113,-51.87500
160.164,-51.75000
160.215,-51.62500
160.266,-52.00000
160.317,-52.00000
160.368,-52.12500
160.419,-52.12500
160.470,-52.00000
160.520,-52.12500
160.571,-51.87500
160.622,-51.87500
160.673,-52.25000
160.723,-52.12500
160.774,-52.12500
160.825,-52.12500
160.876,-52.25000
160.926,-52.25000
160.977,-52.25000
161.028,-52.12500
161.078,-52.12500
161.129,-52.25000
161.180,-52.25000
161.231,-52.37500
161.283,-52.25000
161.334,-52.25000
161.385,-52.12500
161.436,-51.87500
161.486,-52.00000
161.537,-52.25000
161.588,-52.37500
161.639,-52.25000
161.689,-52.25000
161.740,-52.25000
161.791,-52.37500
161.842,-52.37500
161.892,-52.12500
161.943,-52.25000
161.994,-52.50000
162.045,-52.37500
162.095,-52.50000
162.146,-52.50000
162.197,-52.37500
162.248,-52.37500
162.301,-52.25000
162.351,-52.37500
162.402,-52.50000
162.453,-52.37500
162.504,-52.75000
162.554,-52.75000
162.605,-52.50000
162.656,-52.50000
162.707,-52.62500
162.758,-52.50000
162.808,-52.62500
162.859,-52.62500
162.910,-52.62500
162.963,-52.87500
163.014,-52.62500
163.065,-52.62500
163.117,-52.62500
163.167,-52.62500
163.218,-52.75000
163.269,-52.75000
163.321,-52.75000
163.375,-52.62500
163.429,-52.62500
163.479,-52.62500
163.533,-52.87500
163.583,-52.87500
163.634,-52.87500
163.685,-52.87500
163.736,-53.00000
163.786,-52.62500
163.837,-52.75000
163.888,-53.00000
163.939,-53.00000
163.990,-53.12500
164.040,-53.12500
164.091,-53.12500
164.142,-53.25000
164.193,-53.00000
164.243,-52.87500
164.295,-53.12500
164.346,-53.12500
164.397,-53.25000
164.449,-53.12500
164.500,-53.25000
164.550,-53.12500
164.601,-53.00000
164.652,-53.00000
164.703,-53.25000
164.753,-53.12500
164.804,-53.25000
164.855,-53.37500
164.906,-53.25000
164.957,-53.25000
165.008,-53.37500
165.058,-53.25000
165.109,-53.25000
165.160,-53.25000
165.211,-53.12500
165.262,-53.25000
165.313,-53.25000
165.365,-53.37500
165.415,-53.37500
165.466,-53.25000
165.517,-53.25000
165.568,-53.25000
165.619,-53.25000
165.670,-53.50000
165.720,-53.37500
165.771,-53.25000
165.822,-53.62500
165.872,-53.62500
165.923,-53.25000
165.974,-53.25000
166.024,-53.37500
166.075,-53.37500
166.126,-53.50000
166.179,-53.50000
166.230,-53.50000
166.281,-53.25000
166.332,-53.37500
166.383,-53.37500
166.434,-53.37500
166.485,-53.37500
166.536,-53.62500
166.587,-53.62500
166.639,-53.62500
166.690,-53.25000
166.740,-53.37500
166.791,-53.37500
166.842,-53.50000
166.893,-53.50000
166.945,-53.62500
166.996,-53.75000
167.048,-53.62500
167.099,-53.62500
167.149,-53.62500
167.200,-53.62500
167.251,-53.75000
167.302,-53.75000
167.352,-54.00000
167.403,-53.87500
167.454,-53.87500
167.505,-54.00000
167.557,-53.62500
167.607,-53.75000
167.658,-53.87500
167.709,-53.87500
167.761,-54.00000
167.811,-54.00000
167.862,-54.00000
167.914,-54.12500
167.965,-53.75000
168.015,-53.87500
168.066,-54.00000
168.117,-53.87500
168.168,-54.00000
168.219,-54.12500
168.270,-54.12500
168.320,-54.25000
168.371,-53.87500
168.422,-54.00000
168.472,-54.00000
168.523,-53.87500
168.574,-54.00000
168.625,-54.25000
168.675,-54.25000
168.729,-54.25000
168.780,-54.00000
168.831,-54.00000
168.882,-54.25000
168.933,-54.12500
168.983,-54.37500
169.034,-54.25000
169.085,-54.12500
169.136,-54.25000
169.187,-54.25000
169.237,-54.12500
169.288,-54.25000
169.339,-54.25000
169.390,-54.25000
169.440,-54.50000
169.491,-54.50000
169.542,-54.37500
169.593,-54.37500
169.644,-54.37500
169.695,-54.25000
169.749,-54.50000
169.799,-54.50000
169.850,-54.62500
169.901,-54.62500
169.952,-54.37500
170.007,-54.50000
170.057,-54.37500
170.108,-54.50000
170.159,-54.50000
170.210,-54.62500
170.261,-54.62500
170.313,-54.37500
170.364,-54.37500
170.414,-54.62500
170.465,-54.62500
170.516,-54.75000
170.567,-54.75000
170.617,-54.62500
170.668,-54.75000
170.719,-54.50000
170.770,-54.37500
170.820,-54.50000
170.871,-54.62500
170.922,-54.62500
170.973,-54.75000
171.023,-54.75000
171.074,-54.75000
171.127,-54.87500
171.179,-54.62500
171.230,-54.75000
171.281,-54.75000
171.332,-54.87500
171.382,-54.87500
171.435,-54.87500
171.486,-55.00000
171.536,-54.62500
171.587,-54.62500
171.638,-54.87500
171.689,-54.87500
171.739,-54.87500
171.790,-55.12500
171.841,-55.00000
171.893,-55.12500
171.944,-55.12500
171.995,-54.87500
172.045,-55.00000
172.096,-55.00000
172.147,-55.00000
172.197,-55.12500
172.248,-55.12500
172.299,-55.00000
172.350,-55.12500
172.400,-55.00000
172.451,-55.00000
172.503,-55.00000
172.553,-55.00000
172.604,-55.12500
172.655,-55.12500
172.706,-55.25000
172.756,-55.25000
172.807,-55.12500
172.859,-55.12500
172.912,-55.12500
172.963,-55.12500
173.013,-55.25000
173.064,-55.12500
173.115,-55.37500
173.166,-55.25000
173.216,-55.37500
173.268,-55.12500
173.320,-55.12500
173.371,-55.00000
173.422,-55.37500
173.472,-55.37500
173.523,-55.37500
173.574,-55.37500
173.625,-55.12500
173.676,-55.25000
173.726,-55.37500
173.778,-55.37500
173.829,-55.25000
173.880,-55.37500
173.930,-55.50000
173.981,-55.62500
174.032,-55.62500
174.083,-55.50000
174.134,-55.62500
174.185,-55.37500
174.235,-55.50000
174.286,-55.62500
174.337,-55.62500
174.387,-55.75000
174.438,-55.62500
174.489,-55.62500
174.540,-55.50000
174.590,-55.62500
174.641,-55.50000
174.692,-55.50000
174.745,-55.75000
174.796,-55.87500
174.847,-55.87500
174.897,-55.25000
174.948,-55.62500
174.999,-55.62500
175.050,-55.62500
175.101,-55.50000
175.151,-55.87500
175.202,-55.75000
175.253,-55.75000
175.304,-55.87500
175.354,-55.62500
175.405,-55.62500
175.456,-55.87500
175.506,-55.87500
175.557,-55.87500
175.608,-55.87500
175.659,-56.00000
175.710,-56.00000
175.761,-56.00000
175.812,-55.75000
175.863,-55.75000
175.913,-56.00000
175.964,-55.87500
176.015,-56.00000
176.066,-56.12500
176.116,-56.00000
176.167,-56.12500
176.218,-55.87500
176.269,-56.00000
176.319,-56.12500
176.370,-56.12500
176.421,-56.00000
176.471,-56.25000
176.522,-56.12500
176.573,-56.25000
176.626,-56.00000
176.677,-56.00000
176.729,-56.12500
176.779,-56.12500
176.830,-56.25000
176.881,-56.25000
176.932,-56.25000
176.983,-56.25000
177.034,-56.25000
177.084,-56.12500
177.135,-56.12500
177.186,-56.12500
177.237,-56.00000
177.287,-56.25000
177.338,-56.37500
177.391,-56.37500
177.443,-56.00000
177.494,-56.12500
177.545,-56.25000
177.595,-56.37500
177.646,-56.25000
177.697,-56.37500
177.748,-56.37500
177.799,-56.50000
177.849,-56.50000
177.900,-56.37500
177.951,-56.25000
178.002,-56.50000
178.052,-56.25000
178.103,-56.62500
178.154,-56.50000
178.205,-56.37500
178.256,-56.50000
178.307,-56.25000
178.358,-56.25000
178.410,-56.50000
178.461,-56.50000
178.512,-56.50000
178.562,-56.50000
178.613,-56.25000
178.664,-56.37500
178.715,-56.50000
178.766,-56.50000
178.817,-56.50000
178.867,-56.62500
178.918,-56.62500
178.969,-56.87500
179.020,-56.75000
179.070,-56.62500
179.121,-56.50000
179.172,-56.75000
179.223,-56.62500
179.276,-56.75000
179.327,-56.75000
179.378,-56.75000
179.429,-56.75000
179.480,-56.62500
179.531,-56.75000
179.581,-56.87500
179.632,-56.87500
179.685,-56.87500
179.735,-56.87500
179.786,-56.75000
179.837,-56.87500
179.888,-56.62500
179.939,-56.62500
179.990,-56.87500
