time(s),mvs
0.000,-89.62500
0.201,-89.62500
0.401,-89.75000
0.602,-89.87500
0.803,-89.75000
1.003,-90.00000
1.204,-90.00000
1.404,-90.37500
1.605,-90.37500
1.806,-90.37500
2.006,-90.50000
2.207,7.25000
2.408,66.87500
2.608,83.75000
2.809,86.37500
3.009,83.62500
3.210,85.62500
3.411,84.12500
3.611,81.87500
3.812,81.25000
4.013,81.62500
4.213,82.50000
4.414,84.00000
4.614,85.62500
4.815,87.37500
5.016,88.87500
5.216,90.50000
5.417,92.00000
5.618,93.37500
5.818,95.12500
6.019,96.62500
6.220,98.00000
6.420,99.37500
6.621,100.75000
6.822,101.87500
7.022,103.12500
7.223,104.00000
7.423,104.87500
7.624,105.50000
7.825,106.00000
8.025,106.50000
8.226,107.12500
8.427,107.25000
8.627,107.62500
8.828,107.75000
9.029,108.00000
9.229,108.00000
9.430,107.87500
9.630,107.75000
9.831,107.62500
10.032,107.75000
10.232,107.37500
10.433,107.00000
10.634,106.75000
10.834,106.25000
11.035,105.75000
11.236,105.12500
11.436,104.62500
11.637,103.87500
11.837,103.25000
12.038,102.37500
12.239,101.37500
12.439,100.37500
12.640,99.50000
12.841,98.50000
13.041,97.50000
13.242,96.62500
13.442,95.75000
13.643,95.12500
13.844,94.12500
14.044,93.37500
14.245,92.75000
14.446,92.00000
14.646,91.12500
14.847,90.37500
15.048,89.75000
15.248,89.12500
15.449,88.37500
15.649,87.75000
15.850,87.12500
16.051,86.37500
16.251,85.75000
16.452,85.00000
16.653,84.37500
16.853,83.75000
17.054,83.12500
17.254,82.37500
17.455,81.62500
17.656,81.00000
17.856,80.37500
18.057,79.75000
18.258,79.12500
18.458,78.37500
18.659,77.62500
18.860,77.12500
19.060,76.25000
19.261,75.62500
19.461,74.87500
19.662,74.25000
19.863,73.50000
20.063,72.87500
20.264,72.12500
20.465,71.50000
20.665,70.87500
20.866,70.25000
21.067,69.50000
21.267,68.75000
21.468,68.12500
21.669,67.37500
21.869,66.50000
22.070,65.75000
22.270,65.00000
22.471,64.25000
22.672,63.50000
22.872,63.00000
23.073,62.37500
23.274,61.62500
23.474,60.62500
23.675,60.12500
23.875,59.50000
24.076,58.62500
24.277,58.00000
24.477,57.37500
24.678,56.50000
24.879,56.00000
25.079,55.25000
25.280,54.50000
25.481,53.87500
25.681,53.25000
25.882,52.50000
26.082,51.87500
26.283,51.12500
26.484,50.50000
26.684,49.87500
26.885,49.12500
27.086,48.62500
27.286,47.75000
27.487,47.25000
27.688,46.62500
27.888,46.00000
28.089,45.37500
28.289,44.62500
28.490,44.00000
28.691,43.50000
28.891,42.87500
29.092,42.25000
29.293,41.75000
29.493,41.00000
29.694,40.50000
29.894,40.00000
30.095,39.50000
30.296,38.87500
30.496,38.25000
30.697,37.75000
30.898,37.25000
31.098,36.75000
31.299,36.12500
31.500,35.62500
31.700,35.12500
31.901,34.62500
32.102,34.12500
32.302,33.62500
32.503,33.12500
32.704,32.75000
32.904,32.25000
33.105,31.75000
33.306,31.25000
33.506,30.75000
33.707,30.25000
33.908,29.87500
34.108,29.50000
34.309,29.00000
34.510,28.62500
34.710,28.25000
34.911,27.75000
35.111,27.12500
35.312,26.75000
35.513,26.37500
35.713,26.12500
35.914,25.50000
36.115,25.25000
36.315,24.75000
36.516,24.37500
36.717,24.00000
36.918,23.62500
37.118,23.25000
37.319,22.75000
37.519,22.62500
37.720,22.00000
37.921,21.62500
38.121,21.37500
38.322,20.87500
38.523,20.62500
38.723,20.12500
38.924,19.75000
39.125,19.37500
39.325,19.00000
39.526,18.62500
39.726,18.37500
39.927,18.00000
40.128,17.75000
40.328,17.50000
40.529,17.00000
40.730,16.75000
40.930,16.37500
41.131,16.00000
41.332,15.62500
41.532,15.37500
41.733,15.12500
41.933,14.75000
42.134,14.37500
42.335,14.00000
42.535,13.75000
42.736,13.50000
42.937,13.00000
43.137,12.75000
43.338,12.50000
43.538,12.25000
43.739,12.00000
43.940,11.50000
44.140,11.25000
44.341,11.00000
44.542,10.75000
44.742,10.37500
44.943,10.12500
45.144,9.75000
45.344,9.50000
45.545,9.25000
45.745,9.00000
45.946,8.75000
46.147,8.50000
46.347,8.00000
46.548,7.75000
46.749,7.50000
46.949,7.25000
47.150,6.87500
47.351,6.75000
47.551,6.25000
47.752,6.25000
47.953,5.87500
48.153,5.62500
48.354,5.37500
48.555,5.25000
48.755,4.87500
48.956,4.75000
49.156,4.50000
49.357,4.25000
49.558,4.00000
49.758,3.75000
49.959,3.50000
50.160,3.25000
50.360,2.87500
50.561,2.75000
50.761,2.50000
50.962,2.37500
51.163,2.12500
51.363,1.87500
51.564,1.62500
51.765,1.50000
51.965,1.25000
52.166,0.87500
52.367,0.87500
52.567,0.62500
52.768,0.37500
52.968,0.25000
53.169,-0.12500
53.370,-0.25000
53.570,-0.62500
53.771,-0.75000
53.972,-0.87500
54.172,-1.25000
54.373,-1.50000
54.574,-1.62500
54.774,-1.87500
54.975,-2.12500
55.175,-2.25000
55.376,-2.50000
55.577,-2.75000
55.777,-2.75000
55.978,-3.12500
56.179,-3.37500
56.379,-3.50000
56.580,-3.62500
56.780,-3.87500
56.981,-4.00000
57.182,-4.25000
57.382,-4.50000
57.583,-4.62500
57.784,-4.87500
57.984,-5.12500
58.185,-5.25000
58.386,-5.37500
58.586,-5.62500
58.787,-5.75000
58.987,-6.12500
59.188,-6.25000
59.389,-6.50000
59.589,-6.62500
59.790,-6.87500
59.991,-7.00000
60.191,-7.12500
60.392,-7.25000
60.593,-7.50000
60.793,-7.87500
60.994,-7.87500
61.194,-7.87500
61.395,-8.25000
61.596,-8.37500
61.796,-8.50000
61.997,-8.62500
62.198,-8.75000
62.398,-9.12500
62.599,-9.12500
62.800,-9.50000
63.000,-9.50000
63.201,-9.62500
63.402,-10.00000
63.602,-10.00000
63.803,-10.12500
64.003,-10.37500
64.204,-10.50000
64.405,-10.62500
64.605,-10.87500
64.806,-11.00000
65.007,-11.12500
65.207,-11.37500
65.408,-11.37500
65.609,-11.62500
65.809,-11.87500
66.010,-11.87500
66.211,-12.12500
66.411,-12.25000
66.612,-12.62500
66.813,-12.87500
67.014,-12.87500
67.214,-13.12500
67.415,-13.37500
67.616,-13.50000
67.816,-13.62500
68.017,-13.62500
68.218,-13.87500
68.419,-13.87500
68.619,-14.00000
68.820,-14.25000
69.021,-14.50000
69.221,-14.62500
69.422,-14.87500
69.623,-14.87500
69.824,-15.12500
70.024,-15.37500
70.225,-15.62500
70.426,-15.37500
70.626,-15.62500
70.827,-15.87500
71.028,-16.00000
71.229,-16.12500
71.429,-16.37500
71.630,-16.50000
71.831,-16.50000
72.031,-16.62500
72.232,-16.87500
72.433,-17.00000
72.634,-17.00000
72.834,-17.37500
73.035,-17.37500
73.236,-17.37500
73.436,-17.37500
73.637,-17.50000
73.838,-17.75000
74.039,-17.75000
74.239,-18.00000
74.440,-18.12500
74.641,-18.25000
74.841,-18.37500
75.042,-18.37500
75.243,-18.50000
75.444,-18.75000
75.644,-19.00000
75.845,-19.12500
76.046,-19.25000
76.246,-19.50000
76.447,-19.62500
76.648,-19.75000
76.849,-19.87500
77.049,-19.87500
77.250,-20.25000
77.451,-20.25000
77.651,-20.25000
77.852,-20.62500
78.053,-20.87500
78.254,-20.87500
78.454,-21.00000
78.655,-21.00000
78.856,-21.12500
79.056,-21.37500
79.257,-21.37500
79.458,-21.50000
79.659,-21.62500
79.859,-21.75000
80.060,-21.75000
80.261,-22.00000
80.461,-22.12500
80.662,-22.25000
80.863,-22.25000
81.064,-22.50000
81.264,-22.75000
81.465,-22.75000
81.666,-22.75000
81.866,-22.87500
82.067,-23.00000
82.268,-23.12500
82.469,-23.25000
82.669,-23.25000
82.870,-23.37500
83.071,-23.50000
83.271,-23.50000
83.472,-23.75000
83.673,-23.62500
83.874,-23.87500
84.074,-24.00000
84.275,-24.12500
84.476,-24.25000
84.676,-24.12500
84.877,-24.50000
85.078,-24.37500
85.279,-24.50000
85.479,-24.75000
85.680,-24.75000
85.881,-24.87500
86.081,-24.87500
86.282,-25.00000
86.483,-25.12500
86.684,-25.25000
86.884,-25.50000
87.085,-25.50000
87.286,-25.75000
87.486,-25.50000
87.687,-25.75000
87.888,-25.75000
88.089,-25.87500
88.289,-26.00000
88.490,-26.12500
88.691,-26.25000
88.891,-26.25000
89.092,-26.37500
89.293,-26.50000
89.494,-26.50000
89.694,-26.62500
89.895,-26.75000
90.096,-26.75000
90.296,-27.00000
90.497,-27.12500
90.698,-27.12500
90.899,-27.00000
91.099,-27.25000
91.300,-27.50000
91.501,-27.50000
91.701,-27.62500
91.902,-27.75000
92.103,-28.00000
92.304,-27.87500
92.504,-28.00000
92.705,-28.12500
92.906,-28.25000
93.106,-28.25000
93.307,-28.37500
93.508,-28.37500
93.709,-28.62500
93.909,-28.75000
94.110,-28.75000
94.311,-28.87500
94.512,-28.87500
94.712,-29.12500
94.913,-29.25000
95.114,-29.12500
95.314,-29.37500
95.515,-29.37500
95.716,-29.50000
95.917,-29.50000
96.117,-29.50000
96.318,-29.75000
96.519,-29.75000
96.719,-29.87500
96.920,-30.00000
97.121,-30.12500
97.321,-30.12500
97.522,-30.25000
97.723,-30.25000
97.924,-30.37500
98.124,-30.50000
98.325,-30.50000
98.526,-30.50000
98.726,-30.75000
98.927,-30.62500
99.128,-30.87500
99.329,-30.75000
99.529,-31.12500
99.730,-31.00000
99.931,-31.12500
100.132,-31.37500
100.332,-31.62500
100.533,-31.75000
100.734,-31.50000
100.934,-31.62500
101.135,-31.87500
101.336,-32.00000
101.537,-32.00000
101.737,-32.25000
101.938,-32.12500
102.139,-32.37500
102.339,-32.37500
102.540,-32.37500
102.741,-32.50000
102.942,-32.62500
103.142,-32.75000
103.343,-32.75000
103.544,-32.87500
103.744,-33.00000
103.945,-33.00000
104.146,-33.25000
104.347,-33.00000
104.547,-33.12500
104.748,-33.25000
104.949,-33.50000
105.149,-33.50000
105.350,-33.50000
105.551,-33.62500
105.752,-33.75000
105.952,-33.75000
106.153,-33.75000
106.354,-33.87500
106.554,-33.75000
106.755,-33.87500
106.956,-34.00000
107.157,-34.00000
107.357,-34.12500
107.558,-34.25000
107.759,-34.25000
107.959,-34.25000
108.160,-34.37500
108.361,-34.37500
108.561,-34.50000
108.762,-34.50000
108.963,-34.62500
109.164,-34.75000
109.364,-34.75000
109.565,-34.75000
109.766,-34.87500
109.966,-35.00000
110.167,-35.00000
110.368,-35.00000
110.569,-35.25000
110.769,-35.25000
110.970,-35.25000
111.171,-35.37500
111.371,-35.50000
111.572,-35.62500
111.773,-35.75000
111.974,-35.75000
112.174,-36.00000
112.375,-36.00000
112.576,-36.12500
112.776,-36.12500
112.977,-36.12500
113.178,-36.25000
113.379,-36.25000
113.579,-36.37500
113.780,-36.37500
113.981,-36.50000
114.181,-36.62500
114.382,-36.62500
114.583,-36.75000
114.784,-36.87500
114.984,-36.87500
115.185,-36.87500
115.386,-37.25000
115.586,-37.25000
115.787,-37.25000
115.988,-37.37500
116.189,-37.50000
116.389,-37.50000
116.590,-37.62500
116.791,-37.62500
116.991,-37.75000
117.192,-37.75000
117.393,-38.00000
117.594,-37.87500
117.794,-38.12500
117.995,-38.12500
118.196,-38.25000
118.397,-38.37500
118.597,-38.37500
118.798,-38.37500
118.999,-38.37500
119.199,-38.62500
119.400,-38.50000
119.601,-38.62500
119.802,-38.75000
