time(s),mvs
0.000,-72.87500
0.201,-72.87500
0.401,-72.87500
0.602,-72.87500
0.803,-72.75000
1.003,-72.75000
1.204,-72.75000
1.404,-72.75000
1.605,-72.75000
1.806,-72.75000
2.006,-72.62500
2.207,-72.75000
2.408,-72.75000
2.608,-72.62500
2.809,-72.75000
3.009,-72.75000
3.210,-72.75000
3.411,-72.87500
3.611,-73.00000
3.812,-72.87500
4.013,-72.62500
4.213,-72.75000
4.414,-72.75000
4.614,-72.75000
4.815,-72.75000
5.016,-72.75000
5.217,-68.12500
5.417,62.62500
5.618,101.75000
5.819,136.75000
6.019,138.87500
6.220,137.62500
6.420,135.50000
6.621,133.25000
6.822,131.25000
7.022,129.87500
7.223,129.50000
7.424,129.87500
7.624,129.62500
7.825,129.00000
8.026,128.12500
8.226,127.12500
8.427,126.62500
8.628,126.00000
8.828,125.50000
9.029,125.00000
9.229,124.75000
9.430,124.25000
9.631,124.12500
9.831,124.00000
10.032,123.87500
10.233,124.00000
10.434,124.50000
10.635,124.75000
10.835,125.00000
11.036,125.37500
11.237,125.50000
11.437,125.50000
11.638,125.50000
11.839,125.87500
12.040,125.87500
12.241,125.75000
12.441,125.62500
12.642,125.00000
12.843,124.12500
13.044,123.12500
13.244,121.87500
13.445,120.62500
13.646,119.75000
13.847,119.37500
14.047,119.25000
14.248,119.25000
14.449,119.25000
14.649,119.62500
14.850,120.12500
15.051,120.37500
15.252,120.75000
15.452,121.00000
15.653,121.25000
15.854,120.87500
16.055,120.62500
16.255,120.25000
16.456,120.12500
16.657,120.12500
16.857,120.12500
17.058,120.25000
17.258,120.12500
17.459,120.37500
17.660,120.12500
17.860,120.12500
18.061,120.25000
18.262,120.00000
18.462,119.62500
18.663,119.50000
18.864,119.37500
19.064,118.87500
19.265,118.00000
19.465,117.25000
19.666,116.25000
19.867,115.37500
20.067,114.62500
20.268,113.62500
20.469,112.50000
20.669,111.12500
20.870,109.75000
21.071,108.50000
21.271,107.75000
21.472,106.75000
21.673,106.12500
21.873,105.12500
22.074,104.25000
22.275,103.62500
22.475,102.87500
22.676,102.12500
22.877,101.62500
23.078,100.75000
23.278,100.12500
23.479,99.62500
23.680,99.00000
23.881,98.12500
24.081,97.75000
24.282,97.00000
24.483,96.25000
24.684,95.75000
24.884,95.00000
25.085,94.25000
25.286,93.87500
25.486,93.25000
25.687,92.62500
25.888,92.00000
26.089,91.50000
26.289,90.75000
26.490,90.25000
26.691,89.50000
26.892,88.75000
27.092,88.25000
27.293,87.50000
27.493,86.87500
27.694,86.25000
27.895,85.62500
28.095,85.00000
28.296,84.50000
28.497,83.87500
28.697,83.25000
28.898,82.75000
29.099,82.25000
29.299,81.62500
29.500,81.12500
29.701,80.75000
29.901,80.12500
30.102,79.62500
30.303,79.12500
30.503,78.37500
30.704,78.00000
30.905,77.50000
31.105,77.00000
31.306,76.50000
31.507,76.25000
31.707,75.62500
31.908,75.12500
32.109,74.75000
32.309,74.37500
32.510,73.87500
32.710,73.37500
32.911,73.00000
33.112,72.62500
33.312,72.12500
33.513,71.62500
33.714,71.12500
33.914,70.87500
34.115,70.50000
34.316,70.00000
34.516,69.75000
34.717,69.25000
34.918,68.87500
35.118,68.50000
35.319,68.00000
35.520,67.62500
35.720,67.50000
35.921,67.12500
36.122,66.87500
36.322,66.37500
36.523,66.12500
36.723,65.62500
36.924,65.25000
37.125,64.87500
37.325,64.62500
37.526,64.50000
37.727,64.12500
37.927,63.87500
38.128,63.62500
38.329,63.00000
38.529,62.75000
38.730,62.50000
38.931,62.12500
39.131,61.87500
39.332,61.50000
39.533,61.25000
39.734,60.87500
39.934,60.62500
40.135,60.37500
40.336,60.12500
40.537,60.00000
40.737,59.75000
40.938,59.25000
41.139,59.12500
41.340,58.75000
41.540,58.37500
41.741,58.12500
41.942,57.87500
42.143,57.37500
42.343,57.37500
42.544,57.00000
42.745,56.75000
42.946,56.50000
43.146,56.00000
43.347,55.75000
43.548,55.62500
43.749,55.37500
43.949,55.00000
44.150,54.87500
44.351,54.50000
44.552,54.12500
44.752,53.87500
44.953,53.62500
45.154,53.50000
45.355,53.12500
45.555,53.00000
45.756,52.75000
45.957,52.37500
46.158,52.25000
46.358,51.87500
46.559,51.62500
46.760,51.25000
46.961,51.00000
47.161,50.75000
47.362,50.62500
47.563,50.12500
47.764,50.00000
47.964,49.62500
48.165,49.50000
48.366,49.12500
48.567,48.87500
48.767,48.75000
48.968,48.50000
49.169,48.25000
49.369,48.00000
49.570,47.75000
49.771,47.50000
49.971,47.12500
50.172,46.87500
50.372,46.75000
50.573,46.37500
50.774,46.12500
50.974,45.87500
51.175,45.50000
51.376,45.50000
51.576,45.12500
51.777,45.00000
51.978,44.75000
52.178,44.37500
52.379,44.25000
52.580,43.87500
52.780,43.50000
52.981,43.25000
53.181,43.25000
53.382,43.00000
53.583,42.87500
53.783,42.62500
53.984,42.37500
54.185,42.12500
54.385,41.87500
54.586,41.75000
54.787,41.50000
54.987,41.37500
55.188,41.12500
55.389,40.87500
55.590,40.75000
55.790,40.50000
55.991,40.12500
56.192,40.00000
56.392,39.87500
56.593,39.75000
56.794,39.37500
56.995,39.12500
57.195,38.87500
57.396,38.62500
57.597,38.50000
57.798,38.25000
57.998,38.12500
58.199,38.00000
58.400,37.87500
58.601,37.50000
58.801,37.37500
59.002,37.25000
59.203,36.87500
59.404,36.75000
59.604,36.62500
59.805,36.25000
60.006,36.25000
60.206,36.00000
60.407,35.87500
60.608,35.75000
60.808,35.50000
61.009,35.37500
61.210,35.00000
61.410,35.12500
61.611,34.87500
61.811,34.62500
62.012,34.25000
62.213,34.12500
62.413,33.75000
62.614,33.62500
62.815,33.50000
63.015,33.50000
63.216,33.12500
63.417,32.87500
63.617,32.75000
63.818,32.50000
64.019,32.50000
64.219,32.37500
64.420,32.00000
64.620,31.87500
64.821,31.75000
65.022,31.62500
65.222,31.37500
65.423,31.00000
65.624,30.87500
65.824,30.75000
66.025,30.50000
66.226,30.37500
66.426,30.12500
66.627,29.87500
66.828,29.75000
67.028,29.50000
67.229,29.25000
67.430,29.12500
67.630,28.87500
67.831,28.87500
68.032,28.75000
68.232,28.37500
68.433,28.37500
68.633,28.12500
68.834,28.00000
69.035,27.75000
69.235,27.62500
69.436,27.50000
69.637,27.25000
69.837,27.12500
70.038,27.12500
70.239,26.75000
70.439,26.62500
70.640,26.50000
70.841,26.37500
71.041,26.00000
71.242,26.00000
71.443,25.75000
71.643,25.75000
71.844,25.37500
72.045,25.25000
72.245,25.25000
72.446,25.00000
72.647,24.75000
72.847,24.62500
73.048,24.50000
73.249,24.37500
73.449,24.00000
73.650,24.00000
73.851,23.75000
74.051,23.75000
74.252,23.50000
74.453,23.50000
74.653,23.37500
74.854,23.12500
75.055,22.87500
75.255,22.87500
75.456,22.62500
75.657,22.62500
75.857,22.25000
76.058,22.12500
76.258,21.87500
76.459,22.00000
76.660,21.87500
76.860,21.62500
77.061,21.50000
77.262,21.50000
77.462,21.50000
77.663,21.25000
77.864,21.00000
78.064,20.75000
78.265,20.75000
78.466,20.62500
78.666,20.50000
78.867,20.37500
79.068,20.12500
79.268,20.12500
79.469,20.00000
79.669,19.62500
79.870,19.50000
80.071,19.37500
80.271,19.25000
80.472,19.12500
80.673,19.00000
80.873,18.87500
81.074,18.87500
81.275,18.62500
81.475,18.50000
81.676,18.37500
81.877,18.25000
82.077,18.12500
82.278,18.12500
82.478,17.87500
82.679,17.50000
82.880,17.50000
83.080,17.25000
83.281,17.25000
83.482,17.25000
83.682,17.12500
83.883,16.87500
84.084,16.75000
84.284,16.62500
84.485,16.62500
84.686,16.62500
84.886,16.50000
85.087,16.12500
85.288,16.25000
85.488,16.00000
85.689,15.87500
85.889,15.87500
86.090,15.62500
86.291,15.37500
86.491,15.50000
86.692,15.25000
86.893,15.12500
87.093,15.00000
87.294,14.87500
87.495,14.75000
87.695,14.62500
87.896,14.37500
88.097,14.25000
88.297,14.25000
88.498,14.25000
88.699,14.00000
88.899,14.00000
89.100,13.87500
89.300,13.62500
89.501,13.50000
89.702,13.37500
89.902,13.25000
90.103,13.12500
90.304,13.12500
90.504,13.00000
90.705,13.00000
90.906,12.75000
91.106,12.75000
91.307,12.50000
91.508,12.37500
91.708,12.37500
91.909,12.12500
92.110,12.00000
92.310,11.87500
92.511,11.75000
92.712,11.50000
92.912,11.62500
93.113,11.50000
93.313,11.37500
93.514,11.25000
93.715,11.25000
93.915,11.00000
94.116,10.87500
94.317,10.75000
94.517,10.75000
94.718,10.62500
94.919,10.62500
95.119,10.37500
95.320,10.25000
95.521,10.25000
95.721,10.00000
95.922,10.00000
96.122,9.62500
96.323,9.75000
96.524,9.50000
96.724,9.37500
96.925,9.25000
97.126,9.12500
97.326,9.12500
97.527,9.12500
97.728,9.00000
97.928,9.00000
98.129,8.75000
98.330,8.75000
98.530,8.62500
98.731,8.50000
98.931,8.25000
99.132,8.25000
99.333,7.87500
99.533,8.00000
99.734,7.87500
99.935,7.75000
