time(s),mvs
0.000,-1483.00000
0.201,-130.37500
0.401,-130.50000
0.602,-130.50000
0.803,-130.50000
1.003,-130.62500
1.204,-130.50000
1.405,-130.50000
1.605,-130.62500
1.806,-130.50000
2.007,-130.50000
2.207,-130.62500
2.408,-130.62500
2.609,-130.50000
2.809,-130.62500
3.010,-130.62500
3.211,-130.75000
3.411,-130.75000
3.612,-130.62500
3.813,-130.62500
4.013,-130.62500
4.214,-130.87500
4.415,-130.62500
4.615,-130.75000
4.816,-130.62500
5.017,-130.75000
5.218,-130.75000
5.418,-130.87500
5.619,-130.75000
5.820,-130.62500
6.020,-130.62500
6.221,-130.50000
6.422,-130.50000
6.622,-130.37500
6.823,-130.25000
7.024,-130.12500
7.224,-130.12500
7.425,-130.00000
7.626,-129.62500
7.826,-126.87500
8.027,-124.50000
8.228,-108.62500
8.428,-81.62500
8.629,-59.25000
8.830,-38.50000
9.030,-23.12500
9.231,-13.37500
9.432,-7.50000
9.633,-3.12500
9.833,0.50000
10.034,3.50000
10.235,6.25000
10.435,8.37500
10.636,10.75000
10.837,13.12500
11.037,15.62500
11.238,18.25000
11.439,20.75000
11.639,23.62500
11.840,26.12500
12.041,28.87500
12.242,31.62500
12.442,34.62500
12.643,37.50000
12.844,40.62500
13.044,43.37500
13.245,46.00000
13.446,48.62500
13.646,50.87500
13.847,53.25000
14.048,55.37500
14.248,57.50000
14.449,59.62500
14.650,61.50000
14.850,63.50000
15.051,65.12500
15.252,66.75000
15.452,68.12500
15.653,69.25000
15.854,70.50000
16.054,71.50000
16.255,72.25000
16.456,73.25000
16.656,73.87500
16.857,74.62500
17.058,75.37500
17.258,75.75000
17.459,76.25000
17.660,76.62500
17.860,77.00000
18.061,77.37500
18.262,77.75000
18.462,78.00000
18.663,78.12500
18.864,78.37500
19.064,78.37500
19.265,78.62500
19.466,78.62500
19.666,78.75000
19.867,78.62500
20.068,78.62500
20.268,78.62500
20.469,78.50000
20.670,78.37500
20.870,78.12500
21.071,77.87500
21.272,77.87500
21.472,77.50000
21.673,77.25000
21.874,77.00000
22.074,76.75000
22.275,76.25000
22.476,75.75000
22.676,75.50000
22.877,75.00000
23.078,74.50000
23.278,74.12500
23.479,73.50000
23.680,73.12500
23.881,72.50000
24.082,72.00000
24.282,71.50000
24.483,71.12500
24.684,70.37500
24.884,69.87500
25.085,69.25000
25.286,68.75000
25.486,68.25000
25.687,67.62500
25.888,67.00000
26.089,66.50000
26.289,65.87500
26.490,65.37500
26.691,64.62500
26.892,64.12500
27.092,63.62500
27.293,62.87500
27.494,62.37500
27.694,61.75000
27.895,61.25000
28.096,60.62500
28.297,60.00000
28.497,59.37500
28.698,59.00000
28.899,58.50000
29.099,57.87500
29.300,57.25000
29.501,56.62500
29.701,56.12500
29.902,55.50000
30.103,54.75000
30.304,54.25000
30.504,53.62500
30.705,53.12500
30.906,52.62500
31.107,51.87500
31.307,51.37500
31.508,50.75000
31.709,50.25000
31.909,49.62500
32.110,49.00000
32.311,48.50000
32.511,47.87500
32.712,47.25000
32.913,46.62500
33.114,46.00000
33.314,45.50000
33.515,45.00000
33.716,44.37500
33.916,43.75000
34.117,43.25000
34.318,42.50000
34.518,42.00000
34.719,41.37500
34.920,40.87500
35.121,40.37500
35.321,39.75000
35.522,39.12500
35.723,38.50000
35.923,38.12500
36.124,37.50000
36.325,36.87500
36.526,36.37500
36.726,35.87500
36.927,35.37500
37.128,34.87500
37.328,34.25000
37.529,33.75000
37.730,33.37500
37.931,32.75000
38.131,32.37500
38.332,31.62500
38.533,31.25000
38.733,30.62500
38.934,30.37500
39.135,29.87500
39.336,29.25000
39.536,28.75000
39.737,28.37500
39.938,28.00000
40.138,27.50000
40.339,27.12500
40.540,26.62500
40.741,26.25000
40.941,25.62500
41.142,25.37500
41.343,25.00000
41.543,24.62500
41.744,24.12500
41.945,23.75000
42.145,23.37500
42.346,22.87500
42.547,22.62500
42.747,22.12500
42.948,21.87500
43.149,21.37500
43.349,21.00000
43.550,20.75000
43.751,20.62500
43.951,20.37500
44.152,20.25000
44.353,20.37500
44.554,19.62500
44.754,18.87500
44.955,18.12500
45.156,17.50000
45.356,17.12500
45.557,16.50000
45.758,16.00000
45.958,15.50000
46.159,14.87500
46.360,14.25000
46.560,13.75000
46.761,13.00000
46.962,12.37500
47.162,11.75000
47.363,11.12500
47.564,10.50000
47.765,9.87500
47.965,9.25000
48.166,8.87500
48.367,8.12500
48.567,7.62500
48.768,7.12500
48.969,6.62500
49.169,6.00000
49.370,5.50000
49.571,5.00000
49.771,4.50000
49.972,4.12500
50.173,3.50000
50.373,3.12500
50.574,2.75000
50.775,2.25000
50.976,1.87500
51.176,1.50000
51.377,1.12500
51.578,0.62500
51.778,0.37500
51.979,0.00000
52.180,-0.50000
52.380,-0.87500
52.581,-1.25000
52.782,-1.62500
52.982,-1.75000
53.183,-2.12500
53.384,-2.50000
53.584,-2.87500
53.785,-3.12500
53.986,-3.37500
54.187,-3.75000
54.387,-4.00000
54.588,-4.37500
54.789,-4.50000
54.989,-4.87500
55.190,-5.00000
55.391,-5.12500
55.591,-5.50000
55.792,-5.87500
55.993,-6.12500
56.194,-6.25000
56.394,-6.37500
56.595,-6.75000
56.796,-7.00000
56.996,-7.25000
57.197,-7.50000
57.398,-7.75000
57.598,-8.00000
57.799,-8.25000
58.000,-8.37500
58.201,-8.62500
58.401,-8.75000
58.602,-8.87500
58.803,-9.12500
59.003,-9.25000
59.204,-9.62500
59.405,-9.75000
59.605,-10.00000
59.806,-10.00000
60.007,-10.25000
60.207,-10.50000
60.408,-10.62500
60.609,-10.87500
60.810,-11.00000
61.010,-11.12500
61.211,-11.25000
61.412,-11.50000
61.612,-11.62500
61.813,-11.87500
62.014,-12.12500
62.215,-12.25000
62.415,-12.37500
62.616,-12.50000
62.817,-12.75000
63.017,-12.75000
63.218,-12.87500
63.419,-13.25000
63.619,-13.37500
63.820,-13.50000
64.021,-13.62500
64.222,-13.75000
64.422,-14.00000
64.623,-14.00000
64.824,-14.37500
65.024,-14.37500
65.225,-14.50000
65.426,-14.62500
65.627,-14.75000
65.827,-14.87500
66.028,-15.12500
66.229,-15.25000
66.429,-15.37500
66.630,-15.50000
66.831,-15.75000
67.031,-15.75000
67.232,-15.87500
67.433,-15.87500
67.634,-16.12500
67.834,-16.25000
68.035,-16.37500
68.236,-16.62500
68.436,-16.62500
68.637,-16.87500
68.838,-17.00000
69.039,-17.12500
69.239,-17.25000
69.440,-17.37500
69.641,-17.50000
69.841,-17.50000
70.042,-17.62500
70.243,-17.87500
70.443,-18.00000
70.644,-18.12500
70.845,-18.12500
71.045,-18.25000
71.246,-18.37500
71.447,-18.50000
71.648,-18.62500
71.848,-18.75000
72.049,-19.00000
72.250,-19.00000
72.450,-19.25000
72.651,-19.25000
72.852,-19.50000
73.052,-19.50000
73.253,-19.62500
73.454,-19.75000
73.654,-19.87500
73.855,-20.12500
74.056,-20.12500
74.256,-20.25000
74.457,-20.37500
74.658,-20.37500
74.859,-20.50000
75.059,-20.62500
75.260,-20.75000
75.461,-20.87500
75.661,-21.00000
75.862,-21.12500
76.063,-21.25000
76.263,-21.37500
76.464,-21.37500
76.665,-21.50000
76.865,-21.62500
77.066,-21.75000
77.267,-21.87500
77.467,-21.87500
77.668,-22.00000
77.869,-22.12500
78.069,-22.37500
78.270,-22.25000
78.471,-22.37500
78.672,-22.62500
78.872,-22.75000
79.073,-22.75000
79.274,-23.00000
79.474,-23.12500
79.675,-23.12500
79.876,-23.25000
80.076,-23.37500
80.277,-23.62500
80.478,-23.62500
80.678,-23.62500
80.879,-23.75000
81.080,-23.87500
81.280,-24.00000
81.481,-24.12500
81.682,-24.12500
81.883,-24.25000
82.083,-24.25000
82.284,-24.50000
82.485,-24.50000
82.685,-24.75000
82.886,-24.87500
83.087,-24.87500
83.287,-24.87500
83.488,-25.12500
83.689,-25.12500
83.889,-25.37500
84.090,-25.37500
84.291,-25.50000
84.492,-25.62500
84.692,-25.62500
84.893,-25.75000
85.094,-25.87500
85.294,-26.00000
85.495,-25.87500
85.696,-26.25000
85.896,-26.25000
86.097,-26.25000
86.298,-26.37500
86.499,-26.62500
86.699,-26.87500
86.900,-26.87500
87.101,-26.87500
87.301,-27.00000
87.502,-27.12500
87.703,-27.12500
87.903,-27.25000
88.104,-27.37500
88.305,-27.50000
88.506,-27.62500
88.706,-27.62500
88.907,-27.87500
89.108,-27.87500
89.308,-27.87500
89.509,-28.00000
89.710,-28.12500
89.910,-28.12500
90.111,-28.25000
90.312,-28.37500
90.513,-28.62500
90.713,-28.62500
90.914,-28.75000
91.115,-28.75000
91.316,-28.75000
91.516,-28.75000
91.717,-29.12500
91.918,-29.12500
92.118,-29.37500
92.319,-29.37500
92.520,-29.37500
92.721,-29.62500
92.921,-29.50000
93.122,-29.75000
93.323,-29.75000
93.523,-30.00000
93.724,-30.12500
93.925,-30.12500
94.125,-30.12500
94.326,-30.37500
94.527,-30.37500
94.728,-30.50000
94.928,-30.50000
95.129,-30.62500
95.330,-30.75000
95.530,-30.75000
95.731,-30.75000
95.932,-30.87500
96.133,-31.00000
96.333,-31.25000
96.534,-31.37500
96.735,-31.37500
96.935,-31.37500
97.136,-31.50000
97.337,-31.75000
97.538,-31.75000
97.738,-31.87500
97.939,-31.75000
98.140,-31.87500
98.341,-32.12500
98.541,-32.12500
98.742,-32.25000
98.943,-32.37500
99.143,-32.37500
99.344,-32.62500
99.545,-32.50000
99.745,-32.62500
99.946,-32.75000
100.147,-32.87500
100.348,-32.87500
100.549,-33.00000
100.749,-33.12500
100.950,-33.37500
101.151,-33.37500
101.351,-33.62500
101.552,-33.50000
101.753,-33.50000
101.953,-33.75000
102.154,-33.75000
102.355,-33.87500
102.556,-34.00000
102.756,-34.12500
102.957,-34.12500
103.158,-34.25000
103.358,-34.37500
103.559,-34.50000
103.760,-34.62500
103.961,-34.62500
104.161,-34.75000
104.362,-34.75000
104.563,-34.87500
104.763,-35.00000
104.964,-35.00000
105.165,-35.12500
105.366,-35.25000
105.566,-35.37500
105.767,-35.37500
105.968,-35.50000
106.168,-35.50000
106.369,-35.50000
106.570,-35.75000
106.771,-35.75000
106.971,-36.00000
107.172,-36.00000
107.373,-36.12500
107.573,-36.12500
107.774,-36.12500
107.975,-36.25000
108.176,-36.50000
108.376,-36.37500
108.577,-36.62500
108.778,-36.75000
108.978,-36.62500
109.179,-36.62500
109.380,-36.87500
109.581,-37.00000
109.781,-37.12500
109.982,-37.12500
110.183,-37.37500
110.383,-37.37500
110.584,-37.50000
110.785,-37.50000
110.986,-37.62500
111.186,-37.87500
111.387,-37.87500
111.588,-37.87500
111.788,-38.00000
111.989,-38.12500
112.190,-38.25000
112.391,-38.25000
112.591,-38.37500
112.792,-38.37500
112.993,-38.50000
113.193,-38.62500
113.394,-38.75000
113.595,-38.87500
113.796,-38.87500
113.996,-38.87500
114.197,-39.12500
114.398,-39.25000
114.598,-39.37500
114.799,-39.37500
115.000,-39.50000
115.201,-39.50000
115.401,-39.75000
115.602,-39.62500
115.803,-39.87500
116.003,-39.75000
116.204,-39.87500
116.405,-40.00000
116.606,-40.12500
116.806,-40.12500
117.007,-40.25000
117.208,-40.37500
117.408,-40.37500
117.609,-40.50000
117.810,-40.62500
118.011,-40.62500
118.211,-40.75000
118.412,-40.87500
118.613,-41.00000
118.813,-41.12500
119.014,-41.00000
119.215,-41.12500
119.416,-41.25000
119.616,-41.37500
119.817,-41.50000
